ID1,ID2,Distance
N8186|2195|0.728828,N8194|3761|1.134226,0.00928259
N8186|2195|0.728828,N8219|11882|3.212392,0.0123941
N8186|2195|0.728828,N8231|2022|0.183436,0.0139725
N10137|11471|0.160212,N10144|10318|0.620825,0.00850418
N10137|11471|0.160212,N10134|10164|0.493397,0.0108325
N8186|2195|0.728828,N8196|14222|0.462218,0.0124033
N10137|11471|0.160212,N10143|6541|0.293384,0.0124161
N8186|2195|0.728828,N8220|1458|2.639699,0.0147476
N8186|2195|0.728828,N8180|1655|1.115515,0.0139695
N10137|11471|0.160212,N10161|1892|0.185477,0.0147455
N10137|11471|0.160212,N10142|7934|0.750452,0.011626
N10137|11471|0.160212,N10166|2973|2.002367,0.0139645
N10137|11471|0.160212,N10138|2567|0.548902,0.00230533
N8186|2195|0.728828,N8189|11388|1.488916,0.00693607
N10137|11471|0.160212,N10164|13306|0.449205,0.0100584
N10137|11471|0.160212,N10165|9426|0.030185,0.0123964
N8186|2195|0.728828,N8205|11108|3.60963,0.0116316
N8186|2195|0.728828,N8204|8732|5.697496,0.0116139
N10137|11471|0.160212,N10159|5347|1.089161,0.0116084
N8186|2195|0.728828,N8179|5845|2.87042,0.01477
N10137|11471|0.160212,N10169|2065|3.860674,0.0100608
N10137|11471|0.160212,N10151|6496|1.236271,0.0123916
N10137|11471|0.160212,N10148|14970|1.835456,0.0108506
N8186|2195|0.728828,N8178|6829|5.024306,0.0147583
N8186|2195|0.728828,N8230|11367|1.090861,0.0139805
N8186|2195|0.728828,N8200|14143|0.460304,0.0084931
N8186|2195|0.728828,N8206|5109|0.82291,0.0100719
N10137|11471|0.160212,N10141|15388|1.388087,0.0108387
N8186|2195|0.728828,N8197|3640|2.261794,0.0139655
N8186|2195|0.728828,N8203|11050|0.018259,0.0077238
N10137|11471|0.160212,N10150|8448|0.63063,0.00851124
N10137|11471|0.160212,N10140|13774|1.624122,0.00616931
N10137|11471|0.160212,N10162|2511|1.108867,0.0147428
N10137|11471|0.160212,N10145|8073|2.673846,0.0100655
N10137|11471|0.160212,N10153|2144|0.895476,0.00770882
N10137|11471|0.160212,N10146|10997|1.204118,0.0100641
N10137|11471|0.160212,N10147|10051|1.378086,0.00928281
N10137|11471|0.160212,N10149|11080|0.160309,0.00772845
N10137|11471|0.160212,N10154|13738|0.207181,0.00771335
N10137|11471|0.160212,N10152|9351|0.056029,0.0100567
N10137|11471|0.160212,N10158|14329|0.227607,0.0100498
N10137|11471|0.160212,N10160|4433|0.171967,0.0100577
N10137|11471|0.160212,N10136|6253|0.845949,0.00771327
N10137|11471|0.160212,N10139|5635|0.470954,0.00616931
N10137|11471|0.160212,N10135|3888|1.954201,0.00848667
N7553|4967|0.290429,N7518|2285|0.665719,0.0131687
N7553|4967|0.290429,N7522|4237|0.734102,0.0139779
N7553|4967|0.290429,N7521|14868|1.070535,0.0123962
N7553|4967|0.290429,N7551|6559|0.176527,0.00384397
N7553|4967|0.290429,N7519|6406|1.156999,0.0139779
N7553|4967|0.290429,N7552|7170|0.592517,0.00617515
N7553|4967|0.290429,N7534|5987|0.306367,0.0139781
N12160|4162|3.082236,N12159|11901|2.7287,0.0116005
N7553|4967|0.290429,N7559|10979|1.749562,0.0147425
N7553|4967|0.290429,N7517|11346|0.636323,0.0147427
N7553|4967|0.290429,N7528|1998|1.594102,0.0132003
N7782|5036|1.32555,N7785|2154|0.041507,0.00772367
N7553|4967|0.290429,N7526|14207|0.370422,0.01162
N7553|4967|0.290429,N7550|5584|0.066803,0.0139965
N7782|5036|1.32555,N7792|9946|0.224628,0.0124013
N7782|5036|1.32555,N7777|12890|0.95141,0.00849645
N7553|4967|0.290429,N7557|4950|4.0615,0.0139799
N7782|5036|1.32555,N7794|1492|0.202883,0.0123977
N7553|4967|0.290429,N7568|1526|0.096161,0.0147457
N7782|5036|1.32555,N7789|7892|0.064587,0.00926973
N7782|5036|1.32555,N7779|11337|5.795378,0.0147722
N7553|4967|0.290429,N7556|6176|0.951097,0.00926551
N7782|5036|1.32555,N7795|5061|2.843486,0.0131762
N7553|4967|0.290429,N7555|11252|0.72638,0.00771202
N7782|5036|1.32555,N7781|2797|2.301592,0.00539061
N7782|5036|1.32555,N7778|3705|0.300916,0.00927527
N7553|4967|0.290429,N7558|4154|4.477561,0.0131873
N12576|13373|2.062163,N12552|5170|0.349724,0.0131746
N12576|13373|2.062163,N12570|13676|2.708832,0.0147711
N9021|7955|0.469038,N9008|6572|1.500492,0.0131864
N12576|13373|2.062163,N12549|2456|1.816008,0.0147392
N9021|7955|0.469038,N9025|2859|3.118515,0.0139947
N12576|13373|2.062163,N12572|7169|0.173595,0.0116139
N12576|13373|2.062163,N12577|3266|1.65453,0.00850079
N9021|7955|0.469038,N9022|10640|3.03345,0.0101044
N9021|7955|0.469038,N9041|13663|0.42431,0.0116202
N9021|7955|0.469038,N9017|9094|2.029675,0.0116345
N9021|7955|0.469038,N9054|10461|2.648133,0.0147753
N12576|13373|2.062163,N12556|12239|0.061929,0.0123974
N12576|13373|2.062163,N12547|6940|0.836952,0.0131684
N9021|7955|0.469038,N9037|3151|0.565871,0.0124258
N9021|7955|0.469038,N9009|14787|1.215625,0.0139973
N9021|7955|0.469038,N9051|3727|0.752761,0.0116219
N9021|7955|0.469038,N9019|1759|3.21172,0.00539858
N9021|7955|0.469038,N9012|7036|0.144812,0.0123967
N12576|13373|2.062163,N12575|5439|6.205919,0.0124875
N9021|7955|0.469038,N9031|14288|3.428243,0.0140366
N12576|13373|2.062163,N12551|7510|0.251933,0.0116068
N9021|7955|0.469038,N9005|9621|0.184888,0.0116093
N9021|7955|0.469038,N9018|7028|1.271107,0.0046282
N12576|13373|2.062163,N12566|9121|0.08259,0.0139606
N9021|7955|0.469038,N9020|4424|0.845904,0.00385879
N9021|7955|0.469038,N9026|1384|1.778624,0.0116674
N9021|7955|0.469038,N9023|13272|1.556355,0.00461977
N12576|13373|2.062163,N12555|4208|2.598968,0.0147221
N12576|13373|2.062163,N12571|8941|1.241029,0.0147474
N12576|13373|2.062163,N12553|5590|1.684612,0.0147502
N12576|13373|2.062163,N12550|8083|0.027918,0.0116068
N10394|7361|0.277432,N10389|10520|0.887805,0.00538376
N12576|13373|2.062163,N12573|13981|2.727783,0.0131998
N10394|7361|0.277432,N10392|9998|1.873579,0.00925682
N12576|13373|2.062163,N12554|10454|0.637343,0.0116137
N10394|7361|0.277432,N10400|14302|0.087592,0.0139431
N12576|13373|2.062163,N12569|10700|0.180908,0.0147396
N12576|13373|2.062163,N12574|12439|0.14536,0.00693887
N10556|5197|3.88581,N10553|11891|0.261019,0.00927548
N10556|5197|3.88581,N10564|9167|0.031544,0.00771322
N10556|5197|3.88581,N10561|10883|2.090603,0.0069453
N10556|5197|3.88581,N10563|4241|1.218765,0.00850416
N10556|5197|3.88581,N10549|6129|2.090029,0.0124159
N10556|5197|3.88581,N10562|10470|0.557657,0.00616954
N10556|5197|3.88581,N10547|7175|0.207334,0.0132028
N10556|5197|3.88581,N10545|2003|0.042819,0.0132029
N10556|5197|3.88581,N10555|15365|0.330492,0.00928696
N10556|5197|3.88581,N10560|4175|0.28726,0.00617482
N10556|5197|3.88581,N10554|6501|1.169808,0.0100607
N10556|5197|3.88581,N10535|12368|0.523269,0.0148098
N10556|5197|3.88581,N10558|12714|0.308784,0.00539652
N8534|12053|2.224507,N8530|4737|1.737599,0.0077198
N8534|12053|2.224507,N8538|4046|2.26E-4,0.00850413
N8534|12053|2.224507,N8531|3848|0.252103,0.00772375
N8534|12053|2.224507,N8536|1578|1.200852,0.00850413
N8534|12053|2.224507,N8543|5534|1.731312,0.0132034
N8534|12053|2.224507,N8545|8408|2.651616,0.0124244
N10897|1837|0.253174,N10847|5161|0.025112,0.0147398
N8534|12053|2.224507,N8532|3610|2.520584,0.00617481
N8534|12053|2.224507,N8544|7232|0.87161,0.0131898
N8534|12053|2.224507,N8535|9122|0.13603,0.00772357
N10897|1837|0.253174,N10871|10888|0.749198,0.0147701
N10897|1837|0.253174,N10863|11717|0.110071,0.0148087
N8534|12053|2.224507,N8537|12736|0.793561,0.010072
N8534|12053|2.224507,N8539|10972|3.907177,0.0147734
N10897|1837|0.253174,N10865|4434|0.263375,0.0132012
N10897|1837|0.253174,N10892|3803|0.273582,0.0147503
N12228|4219|2.536244,N12231|14902|1.058481,0.0100582
N12228|4219|2.536244,N12227|6097|1.698065,0.00616733
N12228|4219|2.536244,N12233|14714|1.905567,0.0139936
N8496|13896|0.030096,N8498|13685|1.847306,0.00849294
N12768|3459|4.245449,N12767|13985|0.516862,0.0116198
N8496|13896|0.030096,N8492|1374|1.103492,0.00539343
N8496|13896|0.030096,N8490|9253|0.016372,0.00616105
N12768|3459|4.245449,N12770|5861|0.616059,0.0108352
N12768|3459|4.245449,N12769|13527|0.825958,0.01007
N10998|9227|1.518667,N11003|12986|1.769331,0.0123916
N10998|9227|1.518667,N10957|7904|0.350226,0.01398
N12210|13032|1.06816,N12213|4929|0.390589,0.0131864
N11300|2088|2.293458,N11301|15147|6.49369,0.0100836
N11300|2088|2.293458,N11303|14738|0.233273,0.00927362
N11300|2088|2.293458,N11299|2288|1.660374,0.00616107
N11300|2088|2.293458,N11305|3738|1.465005,0.00927351
N12210|13032|1.06816,N12211|6084|0.906035,0.00849141
N12279|8457|0.616552,N12276|15364|0.213973,0.00616172
N12279|8457|0.616552,N12275|11037|0.312229,0.00693372
N12279|8457|0.616552,N12286|2249|1.484521,0.0123855
N12734|9984|3.263981,N12731|2891|0.51575,0.01162
N12279|8457|0.616552,N12281|5227|0.377566,0.00230451
N12279|8457|0.616552,N12266|5430|2.464993,0.010828
N12279|8457|0.616552,N12287|7526|3.375562,0.010824
N12279|8457|0.616552,N12274|1564|2.603046,0.0131569
N12279|8457|0.616552,N12268|5064|2.239905,0.0147428
N12734|9984|3.263981,N12733|12303|1.887445,0.013157
N9639|12181|9.136207,N9637|2173|2.015081,0.0115967
N12734|9984|3.263981,N12668|15202|0.179902,0.0147224
N12734|9984|3.263981,N12735|13411|1.300204,0.00693376
N9639|12181|9.136207,N9636|10447|3.210074,0.0147395
N11542|6627|3.105369,N11550|10264|0.181712,0.0100487
N11542|6627|3.105369,N11553|8000|0.589907,0.013186
N11542|6627|3.105369,N11522|6810|0.157009,0.0147565
N9639|12181|9.136207,N9644|7442|2.394774,0.011609
N11542|6627|3.105369,N11544|14963|1.302651,0.00694096
N11542|6627|3.105369,N11521|2839|0.149121,0.0123978
N11542|6627|3.105369,N11556|10035|3.080027,0.0131687
N11542|6627|3.105369,N11549|2223|0.51089,0.0131686
N11542|6627|3.105369,N11546|4490|1.028815,0.0147346
N10205|9265|4.839806,N10202|10267|0.04449,0.0139801
N11542|6627|3.105369,N11558|4971|0.648042,0.0139783
N10205|9265|4.839806,N10206|7264|0.209338,0.00616955
N10205|9265|4.839806,N10207|15177|1.031946,0.0108469
N11542|6627|3.105369,N11543|4427|0.832731,0.0077174
N11542|6627|3.105369,N11552|14034|0.499465,0.012409
N11542|6627|3.105369,N11555|3021|1.953023,0.0147563
N11195|14696|1.441102,N11194|3712|1.338839,0.00616184
N11458|8846|2.237002,N11435|2702|1.306928,0.0100497
N11458|8846|2.237002,N11475|5183|0.438485,0.0139811
N11458|8846|2.237002,N11451|1672|2.254781,0.0108248
N11195|14696|1.441102,N11174|7612|0.80396,0.0139563
N11195|14696|1.441102,N11190|13683|1.914442,0.0147512
N11458|8846|2.237002,N11437|7295|1.086414,0.0139729
N11458|8846|2.237002,N11441|13197|0.277409,0.0116231
N11458|8846|2.237002,N11474|6745|0.399884,0.0131687
N11458|8846|2.237002,N11450|8696|1.833598,0.0100567
N11458|8846|2.237002,N11464|4774|2.356946,0.00929674
N12508|14807|0.41106,N12555|4208|2.598968,0.013163
N12508|14807|0.41106,N12562|4529|0.61832,0.0147396
N11458|8846|2.237002,N11442|1536|3.34164,0.0131676
N12508|14807|0.41106,N12524|7348|0.12227,0.0123872
N11458|8846|2.237002,N11456|10863|0.74217,0.0108335
N12508|14807|0.41106,N12531|6368|0.808906,0.0124011
N12508|14807|0.41106,N12465|9663|3.510964,0.0116137
N12508|14807|0.41106,N12462|6718|0.293305,0.0139465
N12508|14807|0.41106,N12473|13030|2.051846,0.0139691
N11458|8846|2.237002,N11418|2052|0.356991,0.0147497
N12508|14807|0.41106,N12481|5745|0.140218,0.0147557
N12508|14807|0.41106,N12553|5590|1.684612,0.013964
N11458|8846|2.237002,N11457|3440|2.050117,0.00694639
N11458|8846|2.237002,N11461|2877|0.897368,0.00928433
N12508|14807|0.41106,N12482|15143|0.193936,0.00850064
N12508|14807|0.41106,N12527|9237|0.448218,0.0131624
N12508|14807|0.41106,N12518|9895|2.414444,0.0139713
N12508|14807|0.41106,N12504|8693|0.601243,0.00850067
N11458|8846|2.237002,N11462|14660|0.116968,0.0100706
N12508|14807|0.41106,N12519|10480|2.16617,0.0123976
N12508|14807|0.41106,N12550|8083|0.027918,0.0108352
N11458|8846|2.237002,N11459|5137|0.887993,0.0116113
N11458|8846|2.237002,N11436|8642|2.737344,0.0123903
N12508|14807|0.41106,N12489|10602|3.074326,0.0139852
N12508|14807|0.41106,N12588|14367|1.187912,0.013967
N12508|14807|0.41106,N12491|14941|6.537729,0.0116256
N12508|14807|0.41106,N12492|6139|1.973109,0.00926419
N11458|8846|2.237002,N11465|1674|3.954232,0.0116348
N12508|14807|0.41106,N12554|10454|0.637343,0.0108263
N11458|8846|2.237002,N11476|7720|0.188723,0.0131842
N11458|8846|2.237002,N11466|6960|0.69333,0.0123979
N12508|14807|0.41106,N12500|10430|1.273377,0.00926704
N12508|14807|0.41106,N12534|12395|1.442349,0.0123901
N12508|14807|0.41106,N12505|6802|1.904995,0.0108167
N12508|14807|0.41106,N12569|10700|0.180908,0.0147473
N12508|14807|0.41106,N12497|5875|0.074333,0.00615988
N11458|8846|2.237002,N11439|4031|5.949013,0.0116231
N12508|14807|0.41106,N12483|3059|1.085798,0.010828
N12508|14807|0.41106,N12513|6383|0.180784,0.0147628
N12508|14807|0.41106,N12480|6588|1.156968,0.0147424
N12508|14807|0.41106,N12517|2545|1.034848,0.0131837
N12508|14807|0.41106,N12529|4469|3.56161,0.0131838
N12508|14807|0.41106,N12528|11921|2.139033,0.0139713
N11458|8846|2.237002,N11432|8564|1.106573,0.0147331
N11458|8846|2.237002,N11460|4546|1.523002,0.0108314
N11458|8846|2.237002,N11463|14878|1.463977,0.0108336
N12508|14807|0.41106,N12487|6538|4.703612,0.0124012
N12558|10752|2.08351,N12555|4208|2.598968,0.0139633
N12558|10752|2.08351,N12562|4529|0.61832,0.0116253
N11458|8846|2.237002,N11440|9498|2.349682,0.0147576
N11458|8846|2.237002,N11472|6578|0.483504,0.0131843
N11458|8846|2.237002,N11447|15071|0.379129,0.0116154
N11458|8846|2.237002,N11469|11377|1.277083,0.0139782
N11458|8846|2.237002,N11471|13768|0.711381,0.0139618
N11458|8846|2.237002,N11455|6968|3.156725,0.0123917
N11458|8846|2.237002,N11452|2698|0.399768,0.00927462
N11458|8846|2.237002,N11417|2611|2.032126,0.0147568
N12558|10752|2.08351,N12550|8083|0.027918,0.0124131
N12558|10752|2.08351,N12588|14367|1.187912,0.0139723
N9453|8479|0.761824,N9456|5235|2.168496,0.0131751
N9453|8479|0.761824,N9452|12357|2.390081,0.010049
N12558|10752|2.08351,N12554|10454|0.637343,0.0124012
N9453|8479|0.761824,N9454|5136|0.190484,0.010049
N9453|8479|0.761824,N9446|6330|1.012356,0.0100506
N9453|8479|0.761824,N9448|12535|1.880751,0.0147318
N9453|8479|0.761824,N9449|10780|2.214769,0.0139741
N9453|8479|0.761824,N9450|5603|2.048183,0.0139741
N10901|13755|3.29533,N10909|10151|1.042798,0.0139529
N9453|8479|0.761824,N9451|10692|1.609798,0.0116004
N11122|13125|0.808548,N11123|11876|0.935761,0.0108581
N11122|13125|0.808548,N11109|4048|0.697151,0.0147584
N11122|13125|0.808548,N11125|15318|0.689442,0.0116201
N11122|13125|0.808548,N11130|3135|1.45532,0.0147784
N11122|13125|0.808548,N11113|10029|0.854518,0.0147585
N9453|8479|0.761824,N9455|7826|2.9402,0.0131748
N11122|13125|0.808548,N11127|10312|2.573578,0.0139564
N11122|13125|0.808548,N11108|5884|0.77288,0.0147584
N11122|13125|0.808548,N11097|12564|1.398948,0.0147638
N8647|1685|2.276289,N8649|10656|0.145522,0.00461966
N8647|1685|2.276289,N8650|1933|1.332269,0.00461619
N8647|1685|2.276289,N8645|4038|0.360107,0.00461967
N8610|13391|2.668862,N8564|4408|0.742398,0.0123874
N8647|1685|2.276289,N8646|6837|1.216101,0.00538675
N8647|1685|2.276289,N8648|9583|0.937579,0.00461967
N8610|13391|2.668862,N8586|2351|0.429267,0.0123848
N8610|13391|2.668862,N8593|14066|6.884081,0.013941
N8610|13391|2.668862,N8594|10280|0.478187,0.0131611
N8610|13391|2.668862,N8603|14859|1.315696,0.0100357
N8610|13391|2.668862,N8607|10838|3.726662,0.0108334
N8610|13391|2.668862,N8606|11109|4.121354,0.0139381
N8610|13391|2.668862,N8581|6371|0.050036,0.0116206
N8610|13391|2.668862,N8574|1551|0.966694,0.0116008
N8610|13391|2.668862,N8600|9314|0.056536,0.0100357
N11897|9610|0.038403,N11882|7865|2.939695,0.0147904
N11897|9610|0.038403,N11859|10707|1.084598,0.0116008
N8914|12487|2.745937,N8913|7806|0.17911,0.00694978
N11897|9610|0.038403,N11884|4095|1.34364,0.0108586
N11897|9610|0.038403,N11903|5159|0.285236,0.010851
N11897|9610|0.038403,N11895|2053|3.159721,0.00694639
N11897|9610|0.038403,N11885|8742|4.861418,0.0124107
N11897|9610|0.038403,N11893|13009|1.076048,0.0131688
N11897|9610|0.038403,N11891|11355|0.511365,0.00926075
N11897|9610|0.038403,N11863|6226|0.321138,0.0108358
N11897|9610|0.038403,N11878|13279|2.578469,0.0147911
N11897|9610|0.038403,N11867|7533|0.320478,0.0116666
N11897|9610|0.038403,N11864|12078|0.107577,0.00850441
N11897|9610|0.038403,N11861|11381|2.689023,0.0147576
N8914|12487|2.745937,N8911|12117|5.314486,0.0124017
N11897|9610|0.038403,N11899|5125|0.206034,0.011614
N11897|9610|0.038403,N11888|2289|1.048972,0.0108242
N11897|9610|0.038403,N11875|14773|3.009597,0.0148341
N11897|9610|0.038403,N11869|10918|2.620545,0.0140133
N11897|9610|0.038403,N11892|11963|0.741992,0.0115915
N11897|9610|0.038403,N11866|9059|0.195271,0.00928278
N11897|9610|0.038403,N11890|9921|2.525315,0.0108248
N11897|9610|0.038403,N11865|9837|0.950679,0.0116349
N9385|1958|3.873197,N9390|2933|0.66356,0.0123792
N8914|12487|2.745937,N8924|15036|0.563775,0.0131941
N9385|1958|3.873197,N9257|6339|0.058928,0.0147495
N9385|1958|3.873197,N9387|6126|5.358804,0.0100608
N8914|12487|2.745937,N8916|14678|2.358341,0.013174
N9385|1958|3.873197,N9255|14771|0.350205,0.0147495
N9385|1958|3.873197,N9382|3614|0.131365,0.00617487
N9385|1958|3.873197,N9381|3359|1.575732,0.00852525
N9385|1958|3.873197,N9370|6191|0.044663,0.011633
N9385|1958|3.873197,N9367|13918|2.215421,0.0147561
N9385|1958|3.873197,N9417|14062|0.337818,0.0147702
N9385|1958|3.873197,N9388|7990|6.867605,0.0131686
N9385|1958|3.873197,N9358|15303|1.043357,0.0124014
N9385|1958|3.873197,N9363|2727|3.279489,0.0147456
N7592|6283|0.028823,N7594|4484|2.441064,0.0132194
N7592|6283|0.028823,N7613|2721|3.006235,0.0147531
N7592|6283|0.028823,N7612|1953|2.630362,0.0139783
N7592|6283|0.028823,N7591|13923|0.380598,0.000767366
N7592|6283|0.028823,N7603|12566|1.558334,0.0147698
N7592|6283|0.028823,N7618|8594|1.069863,0.0147716
N7592|6283|0.028823,N7616|10188|1.521941,0.014772
N7750|11450|2.280366,N7785|2154|0.041507,0.0116492
N7750|11450|2.280366,N7777|12890|0.95141,0.0139778
N7750|11450|2.280366,N7749|7183|5.648376,0.00616428
N7750|11450|2.280366,N7794|1492|0.202883,0.0139643
N7750|11450|2.280366,N7789|7892|0.064587,0.0139961
N11877|8405|0.956514,N11880|4025|0.996726,0.00770625
N11877|8405|0.956514,N11881|6942|0.073808,0.00616061
N7750|11450|2.280366,N7781|2797|2.301592,0.013967
N7750|11450|2.280366,N7778|3705|0.300916,0.0147715
N11877|8405|0.956514,N11879|3783|1.669866,0.0069381
N11877|8405|0.956514,N11871|11403|1.151245,0.0147912
N11877|8405|0.956514,N11883|3741|1.188736,0.00849288
N11877|8405|0.956514,N11898|12236|0.570303,0.0139564
N11877|8405|0.956514,N11896|7098|0.209161,0.0131786
N11877|8405|0.956514,N11897|9610|0.038403,0.0123917
N11877|8405|0.956514,N11882|7865|2.939695,0.010049
N11877|8405|0.956514,N11884|4095|1.34364,0.00616184
N11877|8405|0.956514,N11885|8742|4.861418,0.00770884
N11877|8405|0.956514,N11891|11355|0.511365,0.0147226
N8194|3761|1.134226,N8219|11882|3.212392,0.0139614
N11877|8405|0.956514,N11878|13279|2.578469,0.0100486
N8194|3761|1.134226,N8196|14222|0.462218,0.0108248
N8194|3761|1.134226,N8220|1458|2.639699,0.0147504
N8194|3761|1.134226,N8189|11388|1.488916,0.00693889
N8194|3761|1.134226,N8205|11108|3.60963,0.0132189
N8194|3761|1.134226,N8204|8732|5.697496,0.0131895
N8194|3761|1.134226,N8230|11367|1.090861,0.0139937
N8194|3761|1.134226,N8200|14143|0.460304,0.00849039
N8194|3761|1.134226,N8206|5109|0.82291,0.0116647
N10574|10565|5.488445,N10576|2228|0.794338,0.0116107
N8194|3761|1.134226,N8197|3640|2.261794,0.0139609
N8194|3761|1.134226,N8203|11050|0.018259,0.00928683
N10574|10565|5.488445,N10569|4669|0.661424,0.0139771
N9602|7738|0.577094,N9603|2026|1.840938,0.0100442
N9602|7738|0.577094,N9600|9231|0.625856,0.0116341
N10574|10565|5.488445,N10573|3480|1.463531,0.0108246
N10643|12933|1.487199,N10650|2479|0.547464,0.0139961
N10643|12933|1.487199,N10640|12038|0.356222,0.00929822
N10574|10565|5.488445,N10570|13990|2.485243,0.0147556
N10643|12933|1.487199,N10638|8514|2.79233,0.0131857
N10643|12933|1.487199,N10641|13734|0.125994,0.0108331
N10643|12933|1.487199,N10649|4143|0.33077,0.013996
N10643|12933|1.487199,N10645|12781|2.186726,0.0092698
N10643|12933|1.487199,N10644|14088|2.503778,0.0131944
N7569|13864|0.616308,N7571|12548|0.443857,0.00461973
N7569|13864|0.616308,N7572|15384|2.459501,0.013175
N7569|13864|0.616308,N7568|1526|0.096161,0.000767626
N7569|13864|0.616308,N7578|13870|0.956822,0.0123838
N7569|13864|0.616308,N7556|6176|0.951097,0.0131835
N7569|13864|0.616308,N7577|3297|0.36233,0.0116009
N12407|15366|1.024147,N12420|14563|1.036275,0.0092845
N7569|13864|0.616308,N7555|11252|0.72638,0.0116142
N12407|15366|1.024147,N12410|12499|1.295088,0.0100703
N12407|15366|1.024147,N12526|2379|0.173271,0.0147312
N12407|15366|1.024147,N12502|12993|0.028039,0.0139395
N12407|15366|1.024147,N12552|5170|0.349724,0.0147455
N12407|15366|1.024147,N12391|7250|0.533801,0.0147504
N12407|15366|1.024147,N12490|9625|0.023124,0.0147289
N12407|15366|1.024147,N12556|12239|0.061929,0.013186
N12407|15366|1.024147,N12547|6940|0.836952,0.0147428
N12407|15366|1.024147,N12397|4028|0.091825,0.0147722
N12407|15366|1.024147,N12376|7415|2.029356,0.0139615
N12407|15366|1.024147,N12551|7510|0.251933,0.0139643
N12407|15366|1.024147,N12498|9476|0.063085,0.0139343
N12407|15366|1.024147,N12488|12101|1.121635,0.0139496
N12407|15366|1.024147,N12421|5900|0.599175,0.00693901
N12407|15366|1.024147,N12326|10017|0.968429,0.0147391
N12407|15366|1.024147,N12419|3246|1.831145,0.0116485
N12407|15366|1.024147,N12418|1819|1.39442,0.0116217
N12407|15366|1.024147,N12411|7229|2.770489,0.0108447
N12407|15366|1.024147,N12409|11290|1.945856,0.00153691
N12407|15366|1.024147,N12408|13591|4.199905,0.0069381
N12451|7630|2.06956,N12453|9718|1.313521,0.00616725
N12407|15366|1.024147,N12550|8083|0.027918,0.0139643
N12451|7630|2.06956,N12455|8365|0.335368,0.0061617
N12451|7630|2.06956,N12452|14869|3.860011,0.012407
N12407|15366|1.024147,N12406|13475|1.0959,0.00539068
N12407|15366|1.024147,N12554|10454|0.637343,0.0139527
N12451|7630|2.06956,N12443|9845|0.533965,0.011615
N12407|15366|1.024147,N12369|13497|0.468312,0.0147504
N12451|7630|2.06956,N12444|4137|0.107218,0.0108245
N12407|15366|1.024147,N12422|12209|1.051939,0.00927383
N12451|7630|2.06956,N12454|9739|0.606509,0.00538672
N12407|15366|1.024147,N12497|5875|0.074333,0.0139343
N12407|15366|1.024147,N12425|2070|1.092144,0.0123966
N12407|15366|1.024147,N12346|12410|0.372866,0.0147457
N12407|15366|1.024147,N12426|14918|1.027767,0.00926564
N12451|7630|2.06956,N12428|3118|1.22185,0.0131825
N12407|15366|1.024147,N12344|12378|1.266372,0.0147564
N12407|15366|1.024147,N12424|10163|0.680695,0.00693902
N12451|7630|2.06956,N12447|13631|1.752321,0.00694059
N12451|7630|2.06956,N12441|15258|0.530176,0.0139642
N12451|7630|2.06956,N12430|11924|0.617032,0.0147473
N8772|8618|6.723427,N8773|7422|0.448009,0.00693384
N11774|14374|0.391332,N11781|9068|0.252002,0.010828
N11774|14374|0.391332,N11788|5187|3.084822,0.0139617
N11774|14374|0.391332,N11785|7370|0.623601,0.00926702
N11774|14374|0.391332,N11782|2523|0.488763,0.00771798
N11774|14374|0.391332,N11789|8688|1.087506,0.0139696
N11774|14374|0.391332,N11787|2861|0.090931,0.00926435
N11774|14374|0.391332,N11784|11902|1.191376,0.00771794
N11774|14374|0.391332,N11777|9609|0.992037,0.0100485
N8655|11665|2.391444,N8666|13078|0.559671,0.0147396
N8757|4441|2.75974,N8759|4690|2.319409,0.0100739
N8757|4441|2.75974,N8758|8777|0.09301,0.00384233
N8655|11665|2.391444,N8654|7751|1.148006,0.00616172
N8757|4441|2.75974,N8764|12685|0.934665,0.00538675
N11468|12959|3.174167,N11435|2702|1.306928,0.0116154
N8757|4441|2.75974,N8760|12347|3.160725,0.00927737
N8757|4441|2.75974,N8761|11781|3.509813,0.0100496
N11468|12959|3.174167,N11475|5183|0.438485,0.0108508
N11468|12959|3.174167,N11473|7548|8.988055,0.0147581
N11468|12959|3.174167,N11470|4234|3.238599,0.0116155
N11468|12959|3.174167,N11421|5366|0.550411,0.0147498
N11468|12959|3.174167,N11441|13197|0.277409,0.0131923
N11468|12959|3.174167,N11474|6745|0.399884,0.0100497
N11468|12959|3.174167,N11450|8696|1.833598,0.0147701
N11468|12959|3.174167,N11442|1536|3.34164,0.0147401
N10186|3935|2.504237,N10188|3411|2.150762,0.0100348
N11468|12959|3.174167,N11418|2052|0.356991,0.013961
N11468|12959|3.174167,N11457|3440|2.050117,0.0131942
N11468|12959|3.174167,N11436|8642|2.737344,0.0139616
N11468|12959|3.174167,N11476|7720|0.188723,0.010064
N11468|12959|3.174167,N11466|6960|0.69333,0.00307483
N11468|12959|3.174167,N11439|4031|5.949013,0.0131923
N11468|12959|3.174167,N11472|6578|0.483504,0.00695558
N11468|12959|3.174167,N11447|15071|0.379129,0.0131902
N11468|12959|3.174167,N11469|11377|1.277083,0.00928274
N11468|12959|3.174167,N11471|13768|0.711381,0.00772742
N11468|12959|3.174167,N11452|2698|0.399768,0.0139694
N11468|12959|3.174167,N11417|2611|2.032126,0.0139654
N12072|4723|0.467213,N12056|2497|0.194814,0.0131897
N12072|4723|0.467213,N12059|13599|1.363123,0.0147733
N12072|4723|0.467213,N12071|7884|1.049288,0.00927029
N12072|4723|0.467213,N12070|14726|2.623534,0.0123904
N12072|4723|0.467213,N12057|13821|0.342187,0.0131897
N12072|4723|0.467213,N12079|8311|0.820379,0.011607
N12072|4723|0.467213,N12068|5333|1.970972,0.013967
N12072|4723|0.467213,N12076|12350|0.074,0.00849994
N12072|4723|0.467213,N12073|3385|3.152045,0.00385008
N12072|4723|0.467213,N12078|9343|0.596771,0.0100514
N12072|4723|0.467213,N12064|12188|2.046563,0.0139897
N12294|10225|3.416398,N12293|10379|2.409423,0.00538821
N12072|4723|0.467213,N12063|8845|0.246638,0.0147398
N12072|4723|0.467213,N12051|4854|0.440591,0.0139614
N12072|4723|0.467213,N12069|14335|0.683639,0.0139614
N12072|4723|0.467213,N12054|11742|8.2643,0.0139803
N12294|10225|3.416398,N12292|13485|3.802085,0.0116068
N12072|4723|0.467213,N12074|9368|0.993391,0.00771328
N12072|4723|0.467213,N12050|1425|0.06447,0.0139614
N12072|4723|0.467213,N12067|15033|0.850597,0.0131745
N12072|4723|0.467213,N12062|10982|1.689488,0.0147504
N11564|7895|0.566036,N11550|10264|0.181712,0.0147458
N12672|6788|0.537127,N12687|3549|0.172949,0.00771989
N12672|6788|0.537127,N12657|5825|0.376556,0.0116216
N11564|7895|0.566036,N11522|6810|0.157009,0.0147435
N12672|6788|0.537127,N12658|3767|0.260726,0.0131839
N12672|6788|0.537127,N12667|12755|1.374185,0.0123979
N12672|6788|0.537127,N12678|5549|0.607867,0.0108399
N12672|6788|0.537127,N12656|3489|0.856322,0.011633
N11564|7895|0.566036,N11521|2839|0.149121,0.0123877
N11564|7895|0.566036,N11418|2052|0.356991,0.0147459
N12672|6788|0.537127,N12679|14019|1.181258,0.0108354
N12672|6788|0.537127,N12673|4752|1.088216,0.00695544
N12672|6788|0.537127,N12663|2204|1.369974,0.0147579
N12672|6788|0.537127,N12675|3288|2.397704,0.01162
N12672|6788|0.537127,N12668|15202|0.179902,0.00539654
N12672|6788|0.537127,N12670|10894|2.37048,0.00617485
N12672|6788|0.537127,N12684|5768|0.171538,0.0131868
N12672|6788|0.537127,N12676|14361|6.138787,0.0139643
N12672|6788|0.537127,N12660|6563|0.037792,0.0139797
N12014|8926|1.747169,N12020|9383|0.896485,0.0139726
N11564|7895|0.566036,N11417|2611|2.032126,0.0147401
N12014|8926|1.747169,N12016|6389|2.646521,0.010074
N12014|8926|1.747169,N12021|9357|0.044698,0.00695488
N12014|8926|1.747169,N12013|9857|1.013289,0.00462626
N9474|9017|1.451983,N9464|5466|2.500258,0.0131861
N12226|12159|3.310746,N12222|5898|0.22706,0.00850404
N9474|9017|1.451983,N9469|8841|0.631808,0.00929816
N9474|9017|1.451983,N9472|2578|0.263727,0.00771812
N9474|9017|1.451983,N9461|6816|1.325411,0.0116194
N9474|9017|1.451983,N9465|7044|0.718834,0.00693599
N9474|9017|1.451983,N9476|7780|0.27861,0.00616164
N12327|2178|4.302167,N12330|6498|0.353492,0.00539338
N12327|2178|4.302167,N12335|5374|3.451776,0.00929625
N12327|2178|4.302167,N12328|14516|2.112601,0.00694089
N12226|12159|3.310746,N12224|5930|5.8577,0.00850472
N12226|12159|3.310746,N12223|5011|3.053448,0.00384523
N12327|2178|4.302167,N12322|6249|0.030627,0.0108416
N12327|2178|4.302167,N12336|6471|2.511308,0.00461946
N12327|2178|4.302167,N12334|12617|5.728524,0.0092825
N9726|8488|0.687493,N9744|11153|1.514729,0.011643
N9726|8488|0.687493,N9731|10819|0.095892,0.0124064
N9726|8488|0.687493,N9722|11084|0.167069,0.00696686
N9726|8488|0.687493,N9748|7503|0.077164,0.00931671
N9726|8488|0.687493,N9742|1593|1.843405,0.0100627
N9726|8488|0.687493,N9736|4880|0.301087,0.0100733
N9726|8488|0.687493,N9728|15310|0.085393,0.00928554
N9726|8488|0.687493,N9713|11770|0.47842,0.0100735
N9726|8488|0.687493,N9717|6100|7.537105,0.0139586
N9726|8488|0.687493,N9727|2654|0.637465,0.0077197
N9726|8488|0.687493,N9723|4534|3.162746,0.0108644
N9726|8488|0.687493,N9733|11666|0.117101,0.0100733
N9726|8488|0.687493,N9740|10865|0.999278,0.0116404
N9726|8488|0.687493,N9743|5866|1.262035,0.0132159
N11154|7498|0.473527,N11153|9871|0.779253,0.00307623
N7300|6427|0.52851,N7299|7336|6.273949,0.0084928
N10222|2104|2.461888,N10221|12534|0.295741,0.00694528
N10222|2104|2.461888,N10224|4170|2.125861,0.0131624
N10222|2104|2.461888,N10223|9018|1.138056,0.00929127
N11592|6662|0.082858,N11606|7388|0.162691,0.0124107
N11592|6662|0.082858,N11613|13304|1.663156,0.0147571
N11592|6662|0.082858,N11611|3842|2.309476,0.0131874
N11592|6662|0.082858,N11600|4625|0.576178,0.0140147
N11592|6662|0.082858,N11593|9226|1.599335,0.0147791
N11592|6662|0.082858,N11607|13674|2.220092,0.0147747
N11592|6662|0.082858,N11614|15324|0.132472,0.0147747
N7528|1998|1.594102,N7535|15379|0.344831,0.0108588
N9348|2505|1.656085,N9328|11461|0.306619,0.010832
N7528|1998|1.594102,N7526|14207|0.370422,0.0015369
N7528|1998|1.594102,N7525|15348|7.400387,0.00928407
N9348|2505|1.656085,N9345|13969|7.396194,0.0147256
N9348|2505|1.656085,N9346|11654|6.65723,0.0131623
N7528|1998|1.594102,N7529|4623|11.233437,0.0100444
N7528|1998|1.594102,N7516|3203|2.842382,0.0147564
N7528|1998|1.594102,N7533|13695|0.987302,0.0124665
N9348|2505|1.656085,N9343|11073|2.399815,0.010849
N7528|1998|1.594102,N7531|12465|1.898525,0.0124069
N9348|2505|1.656085,N9354|12995|4.075534,0.0147453
N7528|1998|1.594102,N7543|1554|2.449295,0.0139644
N9348|2505|1.656085,N9337|15095|0.733485,0.0108247
N7528|1998|1.594102,N7530|5931|0.470247,0.0100584
N7528|1998|1.594102,N7556|6176|0.951097,0.01162
N7528|1998|1.594102,N7555|11252|0.72638,0.0100583
N7528|1998|1.594102,N7514|9617|2.501809,0.01162
N7528|1998|1.594102,N7515|11916|1.841037,0.0124089
N9348|2505|1.656085,N9351|2120|3.029378,0.013943
N9348|2505|1.656085,N9350|15286|0.742999,0.00926418
N7528|1998|1.594102,N7545|8538|0.438066,0.0132021
N9348|2505|1.656085,N9340|13662|3.058796,0.0108246
N9348|2505|1.656085,N9349|10069|1.964609,0.010039
N9348|2505|1.656085,N9331|12217|1.148734,0.011604
N9348|2505|1.656085,N9335|4549|4.258833,0.0147391
N9348|2505|1.656085,N9341|11718|4.206502,0.0139781
N9348|2505|1.656085,N9333|13054|1.645774,0.0100418
N9348|2505|1.656085,N9344|3471|0.361147,0.00849291
N9348|2505|1.656085,N9332|12098|1.613069,0.0123834
N9348|2505|1.656085,N9342|14450|0.850897,0.0077131
N9348|2505|1.656085,N9334|8076|0.202191,0.0077131
N9227|3109|1.922733,N9220|7153|0.060846,0.0108475
N9227|3109|1.922733,N9230|5653|0.302782,0.0053901
N9227|3109|1.922733,N9219|11851|0.409166,0.0131856
N10216|8115|1.659364,N10219|9679|0.886488,0.00926425
N9227|3109|1.922733,N9217|11202|0.826529,0.0116337
N9227|3109|1.922733,N9218|5627|1.577137,0.0131865
N10216|8115|1.659364,N10217|11469|2.639233,0.00849032
N10216|8115|1.659364,N10215|6231|1.049957,0.0116008
N9136|8443|4.942256,N9137|6577|1.01906,0.00461259
N10150|8448|0.63063,N10140|13774|1.624122,0.00696781
N10150|8448|0.63063,N10145|8073|2.673846,0.00462043
N10150|8448|0.63063,N10153|2144|0.895476,0.0085163
N10150|8448|0.63063,N10146|10997|1.204118,0.0046196
N10150|8448|0.63063,N10147|10051|1.378086,0.00384656
N10150|8448|0.63063,N10149|11080|0.160309,0.0023086
N10150|8448|0.63063,N10154|13738|0.207181,0.00852949
N10150|8448|0.63063,N10152|9351|0.056029,0.0108743
N10150|8448|0.63063,N10158|14329|0.227607,0.0108586
N10150|8448|0.63063,N10160|4433|0.171967,0.0108579
N10150|8448|0.63063,N10136|6253|0.845949,0.00851227
N11757|14359|0.259422,N11754|6675|0.041293,0.00926991
N11757|14359|0.259422,N11749|5038|0.065333,0.0100496
N10150|8448|0.63063,N10139|5635|0.470954,0.00696781
N11757|14359|0.259422,N11751|3884|1.015471,0.0123917
N10150|8448|0.63063,N10135|3888|1.954201,0.00928564
N11757|14359|0.259422,N11752|3405|1.453127,0.013971
N11757|14359|0.259422,N11755|7774|2.847504,0.0131557
N11757|14359|0.259422,N11753|8071|1.008932,0.0123991
N8873|13065|3.060919,N8874|2882|1.611978,0.00694809
N12813|5929|1.812984,N12825|2263|0.50757,0.0131623
N12813|5929|1.812984,N12830|10626|2.596426,0.0123913
N12813|5929|1.812984,N12820|10510|1.053005,0.010058
N12813|5929|1.812984,N12816|3814|0.423491,0.00848647
N12813|5929|1.812984,N12823|9813|0.830819,0.010058
N12813|5929|1.812984,N12828|12550|1.212722,0.0100442
N12813|5929|1.812984,N12815|11358|1.139968,0.0116108
N12813|5929|1.812984,N12841|14215|0.661025,0.0108247
N12813|5929|1.812984,N12821|14257|0.767312,0.0116336
N12813|5929|1.812984,N12832|10581|0.014099,0.0139465
N12813|5929|1.812984,N12831|6709|1.504096,0.0108263
N8636|1431|0.717095,N8666|13078|0.559671,0.0139613
N8636|1431|0.717095,N8641|4497|0.145991,0.0123902
N12813|5929|1.812984,N12827|7021|0.494991,0.0100403
N8636|1431|0.717095,N8634|14308|1.351042,0.0115965
N12813|5929|1.812984,N12822|1932|2.476291,0.0131865
N8636|1431|0.717095,N8651|13162|0.581821,0.0124019
N12813|5929|1.812984,N12829|15189|0.468004,0.0100442
N12813|5929|1.812984,N12826|10353|2.203998,0.0131684
N12813|5929|1.812984,N12811|2284|4.21488,0.0123863
N8636|1431|0.717095,N8635|7231|0.13617,0.00461514
N12813|5929|1.812984,N12840|8247|1.106403,0.0123834
N8636|1431|0.717095,N8673|13767|0.155844,0.0115959
N12813|5929|1.812984,N12834|6657|0.028154,0.0108246
N8636|1431|0.717095,N8637|14919|0.32506,0.00384752
N8636|1431|0.717095,N8627|6340|1.679732,0.010039
N12813|5929|1.812984,N12842|5983|3.233808,0.0139543
N8636|1431|0.717095,N8639|7321|1.594604,0.00307298
N12813|5929|1.812984,N12812|2089|1.926513,0.00616725
N10970|10530|0.525396,N10982|11914|1.803269,0.0108267
N8275|8835|0.046378,N8291|3256|0.960136,0.0108462
N8275|8835|0.046378,N8268|8648|0.845495,0.0131897
N8275|8835|0.046378,N8290|2568|1.4958,0.0100606
N8275|8835|0.046378,N8270|12417|0.104344,0.0123913
N8275|8835|0.046378,N8293|1656|0.456544,0.0108731
N8275|8835|0.046378,N8282|11307|0.484542,0.0116214
N10970|10530|0.525396,N10975|10794|2.249125,0.0077117
N8275|8835|0.046378,N8305|4538|0.002717,0.0139937
N10970|10530|0.525396,N10979|12278|3.152954,0.0108334
N8275|8835|0.046378,N8279|2342|1.632515,0.0123901
N10970|10530|0.525396,N10981|2731|0.266376,0.00926999
N10970|10530|0.525396,N10984|9782|0.397387,0.00925694
N8275|8835|0.046378,N8283|9462|2.4115,0.0139853
N8275|8835|0.046378,N8276|7340|0.140385,0.00384618
N8275|8835|0.046378,N8277|10408|2.784816,0.0108237
N8275|8835|0.046378,N8271|14464|0.211769,0.0108397
N8275|8835|0.046378,N8288|9960|1.501892,0.0116667
N8275|8835|0.046378,N8278|12996|0.77561,0.0100442
N8275|8835|0.046378,N8294|7565|3.15105,0.0108731
N8275|8835|0.046378,N8295|11083|0.439892,0.0108592
N10970|10530|0.525396,N10973|10114|1.49298,0.00927033
N8275|8835|0.046378,N8274|11759|1.247002,0.00153689
N8275|8835|0.046378,N8265|2171|0.945225,0.0147844
N8275|8835|0.046378,N8292|6296|4.341422,0.0147845
N8275|8835|0.046378,N8269|4029|0.03278,0.0140004
N8275|8835|0.046378,N8272|10761|0.822104,0.00384523
N8275|8835|0.046378,N8281|15228|0.040968,0.0108353
N8275|8835|0.046378,N8280|5972|1.604295,0.0100447
N8275|8835|0.046378,N8289|1508|1.847277,0.0131952
N8275|8835|0.046378,N8266|9494|2.242049,0.0100719
N9651|1563|0.188435,N9657|10606|0.515557,0.011608
N9651|1563|0.188435,N9654|10789|0.361412,0.00926697
N9651|1563|0.188435,N9653|6696|0.376834,0.00928594
N9651|1563|0.188435,N9663|7866|2.070923,0.0147575
N12113|13960|4.070155,N12114|14759|0.42786,0.0108499
N11813|4068|3.387542,N11845|7795|0.316845,0.0147396
N11813|4068|3.387542,N11812|8304|1.873095,0.00927481
N7984|8312|0.427427,N7982|7905|0.844102,0.00307624
N9897|15321|1.361297,N9898|15081|0.257383,0.0131647
N7984|8312|0.427427,N7986|12813|3.119491,0.0123875
N9897|15321|1.361297,N9885|14109|0.537034,0.0139635
N7984|8312|0.427427,N7983|10858|1.052523,0.00307699
N7984|8312|0.427427,N7995|8990|0.237236,0.0131783
N9897|15321|1.361297,N9887|14244|0.530702,0.0131568
N9897|15321|1.361297,N9893|5859|2.046382,0.0131871
N8947|9745|0.337258,N8963|5098|2.636494,0.0124138
N8947|9745|0.337258,N8946|6380|0.862479,0.00927455
N8947|9745|0.337258,N8962|11889|1.067723,0.0139967
N8947|9745|0.337258,N8960|4831|0.445665,0.0147916
N8947|9745|0.337258,N8945|12427|2.726987,0.0147933
N7984|8312|0.427427,N7985|11817|0.231441,0.0108336
N8947|9745|0.337258,N8956|15297|1.548554,0.0139945
N7984|8312|0.427427,N7991|2953|0.737916,0.0131751
N8947|9745|0.337258,N8948|7351|0.152822,0.00462049
N7984|8312|0.427427,N7994|6866|0.804501,0.0147506
N8947|9745|0.337258,N8942|9028|0.173101,0.00695568
N8947|9745|0.337258,N8943|13221|3.526765,0.0140126
N8947|9745|0.337258,N8957|5722|3.760041,0.0147635
N12439|2232|0.801582,N12437|12854|2.519423,0.00848648
N11480|4799|0.732079,N11466|6960|0.69333,0.0147912
N12439|2232|0.801582,N12434|10551|0.149218,0.0131899
N11480|4799|0.732079,N11472|6578|0.483504,0.0139966
N12439|2232|0.801582,N12436|9786|1.23237,0.00539636
N11480|4799|0.732079,N11447|15071|0.379129,0.0147917
N11480|4799|0.732079,N11484|8902|3.837903,0.00850023
N11480|4799|0.732079,N11471|13768|0.711381,0.0147742
N11480|4799|0.732079,N11416|9551|0.424175,0.0132385
N11480|4799|0.732079,N11417|2611|2.032126,0.0108449
N12439|2232|0.801582,N12438|11948|0.666889,0.00384523
N12439|2232|0.801582,N12447|13631|1.752321,0.0147502
N9661|1424|1.194736,N9657|10606|0.515557,0.0139853
N12420|14563|1.036275,N12410|12499|1.295088,0.01007
N9661|1424|1.194736,N9664|4314|4.153701,0.00694098
N9661|1424|1.194736,N9654|10789|0.361412,0.0139854
N9661|1424|1.194736,N9653|6696|0.376834,0.0124189
N9661|1424|1.194736,N9665|9969|2.776234,0.0100721
N9661|1424|1.194736,N9663|7866|2.070923,0.00230452
N12420|14563|1.036275,N12421|5900|0.599175,0.00539638
N12420|14563|1.036275,N12419|3246|1.831145,0.0038587
N12420|14563|1.036275,N12418|1819|1.39442,0.00384777
N12420|14563|1.036275,N12411|7229|2.770489,0.0108464
N12420|14563|1.036275,N12409|11290|1.945856,0.0092845
N12420|14563|1.036275,N12417|4257|2.751207,0.00772366
N12420|14563|1.036275,N12406|13475|1.0959,0.0116332
N12420|14563|1.036275,N12422|12209|1.051939,0.00772849
N12433|4451|2.477759,N12453|9718|1.313521,0.0124133
N12420|14563|1.036275,N12425|2070|1.092144,0.0108451
N12420|14563|1.036275,N12426|14918|1.027767,0.0131649
N12433|4451|2.477759,N12455|8365|0.335368,0.0124013
N12420|14563|1.036275,N12424|10163|0.680695,0.00539638
N12433|4451|2.477759,N12435|2899|0.967227,0.0139925
N12433|4451|2.477759,N12443|9845|0.533965,0.0116316
N12433|4451|2.477759,N12431|9022|3.267187,0.0131747
N9456|5235|2.168496,N9454|5136|0.190484,0.0053907
N12433|4451|2.477759,N12444|4137|0.107218,0.0108383
N12433|4451|2.477759,N12454|9739|0.606509,0.0116151
N12433|4451|2.477759,N12428|3118|1.22185,0.0116229
N9456|5235|2.168496,N9446|6330|1.012356,0.0139948
N12433|4451|2.477759,N12432|11765|4.38801,0.0069462
N12433|4451|2.477759,N12447|13631|1.752321,0.0100564
N12433|4451|2.477759,N12441|15258|0.530176,0.0139806
N12433|4451|2.477759,N12430|11924|0.617032,0.0100608
N9775|15311|4.58633,N9779|7230|2.871672,0.0108444
N9775|15311|4.58633,N9777|4788|3.700689,0.0147473
N9775|15311|4.58633,N9772|13322|0.457933,0.0147345
N9775|15311|4.58633,N9780|4463|1.049062,0.0108583
N9775|15311|4.58633,N9776|7606|0.763841,0.0123993
N9456|5235|2.168496,N9457|6626|0.894829,0.0147391
N9456|5235|2.168496,N9458|9584|0.105922,0.0139606
N9456|5235|2.168496,N9455|7826|2.9402,0.00616741
N8705|9482|2.595467,N8714|6465|3.4464,0.0131675
N8005|3818|0.418624,N8006|6730|1.286515,0.00694105
N8705|9482|2.595467,N8718|4679|0.041973,0.0100573
N8705|9482|2.595467,N8711|2976|0.067598,0.00230528
N8705|9482|2.595467,N8715|1711|0.13758,0.00694535
N8705|9482|2.595467,N8712|8641|0.234128,0.00848645
N8705|9482|2.595467,N8713|12991|2.122045,0.0123846
N8705|9482|2.595467,N8719|4916|3.015596,0.0139473
N8705|9482|2.595467,N8728|8836|1.084428,0.0116231
N8705|9482|2.595467,N8721|12798|0.181439,0.0131611
N8705|9482|2.595467,N8706|10211|1.95804,0.00616109
N8705|9482|2.595467,N8724|1934|0.376952,0.012434
N8554|13926|2.101798,N8553|3271|1.270083,0.00538985
N11609|7923|1.433828,N11608|3892|0.268689,0.00307299
N8554|13926|2.101798,N8557|3708|1.262066,0.0092753
N11609|7923|1.433828,N11615|7031|0.152468,0.00616183
N8554|13926|2.101798,N8547|9642|2.033348,0.00927366
N11609|7923|1.433828,N11588|10648|1.731461,0.010049
N11609|7923|1.433828,N11584|2146|2.577156,0.0123967
N11609|7923|1.433828,N11624|6571|0.228305,0.0108243
N11609|7923|1.433828,N11605|4602|3.361874,0.00771097
N11609|7923|1.433828,N11587|4473|0.848148,0.0147401
N11609|7923|1.433828,N11603|11797|1.655793,0.0123917
N11609|7923|1.433828,N11599|10603|1.183727,0.0131752
N11609|7923|1.433828,N11616|10945|0.229646,0.0123779
N11609|7923|1.433828,N11610|4641|2.194546,0.00616437
N11609|7923|1.433828,N11612|7607|5.393571,0.00772757
N11609|7923|1.433828,N11602|1469|0.068194,0.0108267
N8554|13926|2.101798,N8552|6239|1.256476,0.0132167
N8554|13926|2.101798,N8549|12863|1.403818,0.0108239
N11609|7923|1.433828,N11589|3883|4.024833,0.0147435
N11609|7923|1.433828,N11623|8724|0.045337,0.0147941
N11609|7923|1.433828,N11604|14042|0.61391,0.00384333
N11609|7923|1.433828,N11595|5624|0.527232,0.010049
N11609|7923|1.433828,N11596|10816|0.692399,0.010049
N11609|7923|1.433828,N11592|6662|0.082858,0.0139787
N11609|7923|1.433828,N11606|7388|0.162691,0.00307387
N11609|7923|1.433828,N11613|13304|1.663156,0.00693385
N11609|7923|1.433828,N11611|3842|2.309476,0.00538679
N11609|7923|1.433828,N11600|4625|0.576178,0.0108335
N11609|7923|1.433828,N11593|9226|1.599335,0.0116027
N8888|11071|3.593957,N8894|2000|0.615862,0.00849291
N11609|7923|1.433828,N11607|13674|2.220092,0.00538991
N11609|7923|1.433828,N11614|15324|0.132472,0.00694109
N12463|10276|1.872801,N12464|3162|0.636537,0.00693821
N8888|11071|3.593957,N8891|1619|0.761174,0.0123847
N8888|11071|3.593957,N8886|14755|1.395277,0.00693751
N8888|11071|3.593957,N8898|14688|0.203747,0.00771786
N12463|10276|1.872801,N12459|10633|0.178368,0.0123813
N12463|10276|1.872801,N12462|6718|0.293305,0.00693323
N12463|10276|1.872801,N12460|14159|2.404334,0.013178
N12463|10276|1.872801,N12461|3483|0.725069,0.0116008
N9853|2386|4.649073,N9842|4063|0.304267,0.0139729
N9853|2386|4.649073,N9839|6268|1.81341,0.0147681
N12895|7502|2.150435,N12892|13492|0.402984,0.0100634
N7381|3194|1.270612,N7378|10433|2.213428,0.00693888
N7381|3194|1.270612,N7383|14512|0.16135,0.0116335
N7381|3194|1.270612,N7375|12172|2.42398,0.0132183
N7381|3194|1.270612,N7380|1923|4.353238,0.00616952
N12895|7502|2.150435,N12881|12202|1.538248,0.0147706
N12895|7502|2.150435,N12893|11684|0.283743,0.013188
N9675|8632|0.033619,N9686|7587|6.338327,0.0116153
N9675|8632|0.033619,N9689|1644|1.081532,0.0108265
N9675|8632|0.033619,N9674|1606|0.378322,0.00695534
N12895|7502|2.150435,N12894|3928|0.629595,0.00539352
N12895|7502|2.150435,N12891|12862|2.908224,0.0123997
N9642|4119|1.331763,N9638|2830|4.633574,0.00927747
N9675|8632|0.033619,N9688|5711|1.910705,0.0116109
N9675|8632|0.033619,N9684|6273|0.64384,0.0131835
N9675|8632|0.033619,N9677|2452|3.425616,0.00539624
N9642|4119|1.331763,N9643|3447|0.119031,0.00616733
N9675|8632|0.033619,N9685|7705|1.114641,0.0108266
N9642|4119|1.331763,N9640|14360|3.414417,0.00616734
N7321|4961|0.884988,N7325|7395|0.876606,0.0084999
N9642|4119|1.331763,N9639|12181|9.136207,0.00848497
N7321|4961|0.884988,N7320|6208|0.295982,0.0116142
N7321|4961|0.884988,N7324|9002|2.5191,0.0085105
N9642|4119|1.331763,N9637|2173|2.015081,0.00771989
N9642|4119|1.331763,N9636|10447|3.210074,0.0108506
N7321|4961|0.884988,N7326|9992|4.902172,0.0139526
N7321|4961|0.884988,N7322|7489|0.841989,0.00925934
N9642|4119|1.331763,N9644|7442|2.394774,0.00618517
N9642|4119|1.331763,N9635|5757|0.539996,0.0116218
N8378|12999|1.068072,N8357|8166|0.16907,0.013187
N8378|12999|1.068072,N8372|4828|0.76331,0.0147313
N10636|2090|2.270114,N10633|14890|0.596214,0.0132035
N8378|12999|1.068072,N8380|1412|1.068421,0.00385017
N8378|12999|1.068072,N8361|13423|0.310029,0.0139617
N8378|12999|1.068072,N8359|6678|0.09393,0.0123837
N10636|2090|2.270114,N10634|13278|4.636117,0.0139857
N10636|2090|2.270114,N10637|10049|1.079549,0.00461955
N12363|7097|1.341347,N12409|11290|1.945856,0.0147313
N12363|7097|1.341347,N12355|6646|1.317654,0.0108266
N12363|7097|1.341347,N12370|4459|1.397163,0.0139723
N8378|12999|1.068072,N8358|2835|0.986928,0.0139782
N12363|7097|1.341347,N12352|4860|3.705697,0.0131863
N8378|12999|1.068072,N8376|8702|4.226601,0.0108582
N12363|7097|1.341347,N12359|6201|6.962004,0.011623
N12363|7097|1.341347,N12353|8771|0.123274,0.010836
N12363|7097|1.341347,N12362|2705|2.227795,0.00538823
N8378|12999|1.068072,N8379|3450|0.362307,0.00307482
N8378|12999|1.068072,N8375|12452|2.482685,0.00694533
N12363|7097|1.341347,N12369|13497|0.468312,0.0124101
N12363|7097|1.341347,N12373|12163|1.077838,0.0131868
N12363|7097|1.341347,N12346|12410|0.372866,0.010862
N12363|7097|1.341347,N12354|3530|2.800901,0.0108168
N12363|7097|1.341347,N12344|12378|1.266372,0.012399
N8378|12999|1.068072,N8382|11492|1.764649,0.00462047
N8378|12999|1.068072,N8377|4310|0.039595,0.00307483
N12363|7097|1.341347,N12358|2665|0.156469,0.0123875
N8378|12999|1.068072,N8363|7636|0.882553,0.013187
N9612|6174|1.6603,N9604|2901|1.297017,0.0124251
N8378|12999|1.068072,N8383|13994|3.54899,0.0100655
N9612|6174|1.6603,N9611|15371|0.993276,0.00927372
N9612|6174|1.6603,N9609|10128|0.284588,0.011653
N8378|12999|1.068072,N8381|9511|0.167241,0.00385016
N9612|6174|1.6603,N9606|2531|2.031099,0.0124237
N8378|12999|1.068072,N8373|6621|4.001402,0.00384395
N8378|12999|1.068072,N8374|10238|9.3E-5,0.00307387
N8378|12999|1.068072,N8362|1898|0.341441,0.0147507
N9612|6174|1.6603,N9608|11572|0.374229,0.0124423
N11723|6453|2.349299,N11718|9278|1.187955,0.0100612
N11723|6453|2.349299,N11722|14901|2.597424,0.0116251
N11723|6453|2.349299,N11721|7100|1.057761,0.012408
N11723|6453|2.349299,N11719|14393|0.569167,0.011635
N11723|6453|2.349299,N11729|11774|0.076808,0.0123904
N11723|6453|2.349299,N11715|9563|3.299773,0.0147578
N11723|6453|2.349299,N11727|3472|0.293825,0.00849647
N8797|7822|0.967216,N8798|10092|1.601613,0.00385397
N8797|7822|0.967216,N8799|11668|1.481135,0.00771988
N8797|7822|0.967216,N8791|10412|2.069768,0.0124014
N12314|9927|0.820791,N12307|14163|0.248636,0.0139557
N12314|9927|0.820791,N12313|14357|0.889664,0.00616951
N12314|9927|0.820791,N12304|2562|0.235725,0.0147503
N11182|8257|0.643248,N11185|3623|0.186886,0.00384396
N11182|8257|0.643248,N11176|8670|0.161207,0.0139528
N11182|8257|0.643248,N11179|12364|0.146687,0.014746
N11182|8257|0.643248,N11174|7612|0.80396,0.0108268
N11182|8257|0.643248,N11183|8654|3.544745,0.0100324
N11182|8257|0.643248,N11180|1876|0.387964,0.00461519
N11182|8257|0.643248,N11173|12964|0.86605,0.0123906
N12054|11742|8.2643,N12058|6335|6.011002,0.0124233
N12054|11742|8.2643,N12074|9368|0.993391,0.0108591
N12054|11742|8.2643,N12050|1425|0.06447,0.00461964
N12054|11742|8.2643,N12094|8684|0.190719,0.0132345
N12731|2891|0.51575,N12733|12303|1.887445,0.00770874
N12731|2891|0.51575,N12732|14936|7.80432,0.0139343
N12731|2891|0.51575,N12668|15202|0.179902,0.0139395
N12731|2891|0.51575,N12670|10894|2.37048,0.0147256
N12054|11742|8.2643,N12067|15033|0.850597,0.0132162
N12731|2891|0.51575,N12735|13411|1.300204,0.00616953
N12054|11742|8.2643,N12062|10982|1.689488,0.00850087
N7796|14638|0.41698,N7747|7173|0.124377,0.0140119
N12054|11742|8.2643,N12091|4328|0.976929,0.0140315
N7796|14638|0.41698,N7787|8719|5.036862,0.00850013
N7796|14638|0.41698,N7790|14930|0.010534,0.00539842
N7796|14638|0.41698,N7784|10059|2.329542,0.0085233
N12054|11742|8.2643,N12049|6519|2.771871,0.00850086
N7796|14638|0.41698,N7753|12672|0.056726,0.0132376
N7796|14638|0.41698,N7788|5823|4.006263,0.00773978
N7796|14638|0.41698,N7783|3468|0.059187,0.00539063
N7796|14638|0.41698,N7754|13241|0.630826,0.0140148
N7796|14638|0.41698,N7793|1531|4.589582,0.0124101
N7796|14638|0.41698,N7782|5036|1.32555,0.00928255
N7796|14638|0.41698,N7750|11450|2.280366,0.0132376
N7796|14638|0.41698,N7785|2154|0.041507,0.00308251
N7796|14638|0.41698,N7792|9946|0.224628,0.00851243
N7796|14638|0.41698,N7777|12890|0.95141,0.00539062
N7796|14638|0.41698,N7794|1492|0.202883,0.00850011
N8350|11689|1.066414,N8346|10358|0.231302,0.00616105
N7796|14638|0.41698,N7789|7892|0.064587,0.00539842
N7796|14638|0.41698,N7780|11268|5.5285,0.0139837
N7796|14638|0.41698,N7779|11337|5.795378,0.013183
N8350|11689|1.066414,N8352|5699|1.278721,0.0131685
N7796|14638|0.41698,N7795|5061|2.843486,0.00926653
N7796|14638|0.41698,N7781|2797|2.301592,0.00538983
N7796|14638|0.41698,N7778|3705|0.300916,0.00616729
N7332|6408|0.997937,N7352|7772|0.679227,0.0139519
N12555|4208|2.598968,N12562|4529|0.61832,0.012377
N12555|4208|2.598968,N12524|7348|0.12227,0.013163
N12555|4208|2.598968,N12603|6671|3.050434,0.0131555
N12555|4208|2.598968,N12531|6368|0.808906,0.0147556
N12555|4208|2.598968,N12465|9663|3.510964,0.0139541
N12555|4208|2.598968,N12571|8941|1.241029,0.0123739
N12555|4208|2.598968,N12462|6718|0.293305,0.0147221
N12555|4208|2.598968,N12599|8353|1.454529,0.013941
N12555|4208|2.598968,N12473|13030|2.051846,0.0147396
N12555|4208|2.598968,N12586|9119|0.317787,0.0139429
N12555|4208|2.598968,N12553|5590|1.684612,0.00848088
N12555|4208|2.598968,N12378|10540|0.39814,0.0147246
N12555|4208|2.598968,N12482|15143|0.193936,0.0139394
N12555|4208|2.598968,N12527|9237|0.448218,0.0139343
N12555|4208|2.598968,N12518|9895|2.414444,0.0147392
N12555|4208|2.598968,N12504|8693|0.601243,0.0139394
N12555|4208|2.598968,N12589|4455|2.489465,0.0139417
N12555|4208|2.598968,N12519|10480|2.16617,0.0131684
N12555|4208|2.598968,N12550|8083|0.027918,0.00538374
N12555|4208|2.598968,N12602|14045|0.864212,0.0131556
N12555|4208|2.598968,N12588|14367|1.187912,0.0100404
N12555|4208|2.598968,N12492|6139|1.973109,0.0147305
N12555|4208|2.598968,N12600|4349|1.436957,0.0131556
N12555|4208|2.598968,N12554|10454|0.637343,0.00538359
N12555|4208|2.598968,N12565|3942|2.216347,0.0147402
N12555|4208|2.598968,N12500|10430|1.273377,0.0147222
N12555|4208|2.598968,N12534|12395|1.442349,0.0131609
N12555|4208|2.598968,N12569|10700|0.180908,0.0108147
N12555|4208|2.598968,N12497|5875|0.074333,0.0115929
N12555|4208|2.598968,N12545|9734|2.533836,0.0116092
N12555|4208|2.598968,N12574|12439|0.14536,0.012367
N12555|4208|2.598968,N12517|2545|1.034848,0.0139556
N12555|4208|2.598968,N12529|4469|3.56161,0.0139556
N12555|4208|2.598968,N12528|11921|2.139033,0.0147392
N12555|4208|2.598968,N12476|9967|1.35257,0.0147396
N12555|4208|2.598968,N12546|6374|0.291382,0.0100356
N12555|4208|2.598968,N12543|10805|3.530949,0.0131608
N7366|4395|0.099439,N7359|12326|0.642363,0.0131906
N7366|4395|0.099439,N7364|14981|1.278328,0.0116113
N7332|6408|0.997937,N7331|6603|4.282342,0.0116043
N7366|4395|0.099439,N7361|4656|0.357697,0.0124106
N7366|4395|0.099439,N7358|8381|0.416148,0.0139947
N7366|4395|0.099439,N7365|6936|1.085228,0.0131637
N7366|4395|0.099439,N7363|2573|0.103245,0.0108449
N11911|2950|4.26569,N11909|7686|0.051918,0.0108257
N12562|4529|0.61832,N12553|5590|1.684612,0.0131745
N12562|4529|0.61832,N12559|3859|4.121142,0.0131646
N12562|4529|0.61832,N12550|8083|0.027918,0.0100513
N12562|4529|0.61832,N12588|14367|1.187912,0.0131781
N12562|4529|0.61832,N12554|10454|0.637343,0.0100441
N11911|2950|4.26569,N11912|4099|4.948276,0.0115932
N12562|4529|0.61832,N12569|10700|0.180908,0.0139606
N12562|4529|0.61832,N12497|5875|0.074333,0.0147343
N12562|4529|0.61832,N12545|9734|2.533836,0.0147583
N12562|4529|0.61832,N12546|6374|0.291382,0.0147502
N12687|3549|0.172949,N12657|5825|0.376556,0.00770879
N12687|3549|0.172949,N12658|3767|0.260726,0.00926702
N12687|3549|0.172949,N12667|12755|1.374185,0.00849153
N12687|3549|0.172949,N12678|5549|0.607867,0.00771324
N12687|3549|0.172949,N12656|3489|0.856322,0.00771157
N12687|3549|0.172949,N12679|14019|1.181258,0.00770881
N12687|3549|0.172949,N12673|4752|1.088216,0.00384524
N12687|3549|0.172949,N12663|2204|1.369974,0.0108281
N12687|3549|0.172949,N12675|3288|2.397704,0.00848503
N12687|3549|0.172949,N12668|15202|0.179902,0.00230291
N12687|3549|0.172949,N12669|12240|8.33876,0.0131649
N12687|3549|0.172949,N12670|10894|2.37048,0.00307298
N12687|3549|0.172949,N12735|13411|1.300204,0.0123721
N12687|3549|0.172949,N12684|5768|0.171538,0.0108241
N12687|3549|0.172949,N12676|14361|6.138787,0.0108169
N12687|3549|0.172949,N12660|6563|0.037792,0.00849302
N11185|3623|0.186886,N11176|8670|0.161207,0.0131625
N11185|3623|0.186886,N11179|12364|0.146687,0.013947
N8386|9502|3.396692,N8387|11368|0.60077,0.00773967
N11185|3623|0.186886,N11174|7612|0.80396,0.0100392
N11185|3623|0.186886,N11183|8654|3.544745,0.00615586
N11185|3623|0.186886,N11180|1876|0.387964,0.00384145
N11185|3623|0.186886,N11173|12964|0.86605,0.0116043
N8386|9502|3.396692,N8384|4320|0.999459,0.0116215
N12453|9718|1.313521,N12455|8365|0.335368,0.00307694
N12453|9718|1.313521,N12435|2899|0.967227,0.0124071
N12453|9718|1.313521,N12452|14869|3.860011,0.00928678
N12453|9718|1.313521,N12443|9845|0.533965,0.0085009
N12453|9718|1.313521,N12431|9022|3.267187,0.014739
N12453|9718|1.313521,N12444|4137|0.107218,0.00771323
N12453|9718|1.313521,N12454|9739|0.606509,0.0023047
N12453|9718|1.313521,N12428|3118|1.22185,0.0100525
N8386|9502|3.396692,N8385|6399|1.063311,0.0108354
N12453|9718|1.313521,N12432|11765|4.38801,0.0132166
N12453|9718|1.313521,N12447|13631|1.752321,0.00384649
N12453|9718|1.313521,N12441|15258|0.530176,0.010845
N12453|9718|1.313521,N12430|11924|0.617032,0.0116151
N9519|3083|0.502026,N9482|2701|0.778378,0.0139525
N9519|3083|0.502026,N9512|15130|2.215286,0.0061752
N9519|3083|0.502026,N9521|5050|0.145849,0.00771829
N9519|3083|0.502026,N9514|3768|3.571991,0.00929626
N9519|3083|0.502026,N9513|10514|1.389128,0.00384522
N9519|3083|0.502026,N9522|12988|0.9686,0.0132005
N9519|3083|0.502026,N9520|14813|8.180982,0.013971
N9519|3083|0.502026,N9517|14682|3.914798,0.00540449
N9519|3083|0.502026,N9542|13337|0.791992,0.013149
N9519|3083|0.502026,N9491|12440|0.015674,0.0131714
N9519|3083|0.502026,N9484|8231|2.243047,0.0139356
N9519|3083|0.502026,N9486|1956|0.766508,0.0147332
N9135|7540|2.485244,N9136|8443|4.942256,0.0108284
N11164|10879|0.031993,N11161|3207|2.541034,0.0100566
N11164|10879|0.031993,N11162|5225|2.921057,0.00463263
N11164|10879|0.031993,N11163|15059|0.671487,0.00230468
N9135|7540|2.485244,N9137|6577|1.01906,0.00617402
N12002|3828|1.743939,N12003|3941|0.098778,0.00616429
N7925|8937|8.194614,N7926|3565|0.739302,0.00693809
N12002|3828|1.743939,N11998|12089|0.292479,0.00771305
N7925|8937|8.194614,N7924|2809|0.852026,0.0131649
N12002|3828|1.743939,N11996|2488|0.139353,0.00616617
N7974|2109|1.797414,N7978|7473|1.581826,0.0139691
N7974|2109|1.797414,N7975|12382|1.613119,0.0139918
N9591|3262|0.168334,N9594|15339|0.104497,0.00617783
N9591|3262|0.168334,N9596|11204|1.565518,0.0147315
N9888|3283|0.659774,N9889|2880|1.405975,0.0148311
N9888|3283|0.659774,N9885|14109|0.537034,0.0140576
N9591|3262|0.168334,N9595|11314|1.260827,0.0115959
N9591|3262|0.168334,N9593|10073|1.9401,0.00230279
N9888|3283|0.659774,N9887|14244|0.530702,0.0132162
N9591|3262|0.168334,N9592|3731|1.555093,0.00307386
N9888|3283|0.659774,N9893|5859|2.046382,0.0148312
N7385|13875|0.016875,N7410|14816|0.502302,0.0116109
N7385|13875|0.016875,N7409|3487|3.653265,0.0131782
N7385|13875|0.016875,N7408|10835|0.386487,0.0123915
N7385|13875|0.016875,N7417|6681|1.424463,0.0124101
N7385|13875|0.016875,N7383|14512|0.16135,0.0100529
N7385|13875|0.016875,N7390|11676|1.495667,0.0131878
N7385|13875|0.016875,N7423|1585|0.671532,0.0139673
N7385|13875|0.016875,N7387|6738|2.555496,0.0147581
N7385|13875|0.016875,N7391|13342|0.340533,0.0147579
N11143|8334|1.175301,N11140|13489|0.899006,0.00771334
N11143|8334|1.175301,N11109|4048|0.697151,0.013175
N11143|8334|1.175301,N11150|2180|2.985339,0.010825
N11143|8334|1.175301,N11133|6995|1.108306,0.0139617
N11143|8334|1.175301,N11158|5318|1.312168,0.0147588
N11143|8334|1.175301,N11113|10029|0.854518,0.0139613
N11143|8334|1.175301,N11118|3441|0.266943,0.0147508
N10249|15271|0.721932,N10248|9216|1.487004,0.00461969
N11143|8334|1.175301,N11137|13604|0.261169,0.0131687
N11143|8334|1.175301,N11148|2051|2.162953,0.00616179
N11143|8334|1.175301,N11144|8436|2.672286,0.00927055
N10249|15271|0.721932,N10245|9533|2.427582,0.0131768
N10249|15271|0.721932,N10250|6209|2.04075,0.00694099
N11143|8334|1.175301,N11134|12224|0.192977,0.0131687
N11143|8334|1.175301,N11108|5884|0.77288,0.013175
N11143|8334|1.175301,N11097|12564|1.398948,0.0139619
N10249|15271|0.721932,N10246|9286|1.006998,0.00385138
N10249|15271|0.721932,N10254|5148|2.583065,0.0139962
N10249|15271|0.721932,N10251|4593|1.663771,0.0116489
N10249|15271|0.721932,N10253|13358|0.566741,0.00929622
N10534|13124|10.661474,N10513|15098|0.527678,0.0147498
N10534|13124|10.661474,N10537|2793|1.663414,0.0131867
N10534|13124|10.661474,N10540|3723|0.326189,0.00926649
N10602|3429|0.531763,N10625|13586|0.460411,0.0139854
N10534|13124|10.661474,N10522|5802|1.060222,0.0147499
N10534|13124|10.661474,N10533|14026|3.551078,0.0139613
N10101|3747|0.345259,N10099|1569|1.25766,0.0116094
N10534|13124|10.661474,N10539|3755|0.466474,0.0100487
N10534|13124|10.661474,N10532|12282|4.59853,0.0124099
N10534|13124|10.661474,N10536|5868|0.748762,0.0100442
N10101|3747|0.345259,N10103|2385|4.029989,0.00693922
N10534|13124|10.661474,N10542|1999|4.01676,0.0139526
N10534|13124|10.661474,N10541|2290|2.197935,0.0123792
N10534|13124|10.661474,N10535|12368|0.523269,0.00771328
N9939|3554|0.826545,N9958|1480|0.111606,0.00771982
N9939|3554|0.826545,N9938|9738|2.775301,0.0108398
N9939|3554|0.826545,N9947|2373|1.334517,0.0140136
N8520|3649|0.121313,N8521|8420|2.878428,0.00538682
N8520|3649|0.121313,N8524|2034|1.160189,0.0108335
N8520|3649|0.121313,N8522|1506|1.658603,0.00772375
N9939|3554|0.826545,N9957|8145|4.00704,0.0108421
N13034|7815|5.491792,N13035|2966|0.267509,0.0131762
N8520|3649|0.121313,N8523|8866|0.187373,0.00307485
N10723|6024|2.486538,N10714|2025|0.027363,0.0131745
N10723|6024|2.486538,N10719|10926|0.02991,0.0123971
N10723|6024|2.486538,N10722|10623|1.28223,0.00384233
N10723|6024|2.486538,N10718|7313|0.915261,0.0131872
N10723|6024|2.486538,N10720|4292|4.75177,0.0100482
N10723|6024|2.486538,N10716|5404|0.583346,0.0123856
N10723|6024|2.486538,N10710|3869|5.917943,0.0147559
N10723|6024|2.486538,N10724|3500|0.101707,0.0131735
N10723|6024|2.486538,N10732|12967|0.670641,0.0116023
N10723|6024|2.486538,N10726|6909|1.102324,0.0131735
N10723|6024|2.486538,N10727|11162|3.195729,0.0139557
N10723|6024|2.486538,N10740|14410|2.284142,0.0131873
N10920|14634|1.207204,N10914|9492|10.257428,0.00850001
N10824|13184|0.430931,N10827|13389|0.935324,0.00694791
N10920|14634|1.207204,N10922|11934|1.797118,0.00384524
N10920|14634|1.207204,N10913|3810|1.22067,0.00539348
N10824|13184|0.430931,N10822|5059|2.618164,0.008502
N10824|13184|0.430931,N10820|1891|1.058399,0.0123912
N10920|14634|1.207204,N10917|10509|5.997907,0.0147895
N10824|13184|0.430931,N10823|11768|6.442545,0.0147738
N8714|6465|3.4464,N8711|2976|0.067598,0.0123847
N8714|6465|3.4464,N8715|1711|0.13758,0.00616151
N8714|6465|3.4464,N8712|8641|0.234128,0.0123793
N12825|2263|0.50757,N12830|10626|2.596426,0.0100611
N12825|2263|0.50757,N12820|10510|1.053005,0.00771318
N12825|2263|0.50757,N12818|8757|0.486387,0.0131625
N12825|2263|0.50757,N12816|3814|0.423491,0.00617473
N12825|2263|0.50757,N12823|9813|0.830819,0.00771319
N12524|7348|0.12227,N12531|6368|0.808906,0.0124011
N12825|2263|0.50757,N12828|12550|1.212722,0.00772797
N12524|7348|0.12227,N12465|9663|3.510964,0.0123991
N12825|2263|0.50757,N12815|11358|1.139968,0.00927572
N12825|2263|0.50757,N12841|14215|0.661025,0.00851346
N12524|7348|0.12227,N12462|6718|0.293305,0.0131646
N12524|7348|0.12227,N12473|13030|2.051846,0.0131837
N12524|7348|0.12227,N12472|2949|0.315673,0.0147397
N12825|2263|0.50757,N12821|14257|0.767312,0.00849035
N12825|2263|0.50757,N12832|10581|0.014099,0.0116128
N12524|7348|0.12227,N12481|5745|0.140218,0.0147556
N12524|7348|0.12227,N12553|5590|1.684612,0.0139639
N12825|2263|0.50757,N12817|13932|1.254999,0.0139458
N12524|7348|0.12227,N12482|15143|0.193936,0.0131674
N12524|7348|0.12227,N12527|9237|0.448218,0.0131624
N12524|7348|0.12227,N12518|9895|2.414444,0.011615
N12524|7348|0.12227,N12504|8693|0.601243,0.0131675
N12825|2263|0.50757,N12831|6709|1.504096,0.00850069
N12524|7348|0.12227,N12519|10480|2.16617,0.010058
N12524|7348|0.12227,N12550|8083|0.027918,0.0108351
N12524|7348|0.12227,N12514|10912|1.103138,0.0147712
N12524|7348|0.12227,N12602|14045|0.864212,0.0139641
N12825|2263|0.50757,N12827|7021|0.494991,0.00771091
N12825|2263|0.50757,N12839|3259|2.23288,0.0139751
N12524|7348|0.12227,N12588|14367|1.187912,0.013967
N12524|7348|0.12227,N12492|6139|1.973109,0.0139523
N12825|2263|0.50757,N12822|1932|2.476291,0.0108322
N12825|2263|0.50757,N12829|15189|0.468004,0.00927567
N12825|2263|0.50757,N12826|10353|2.203998,0.00771831
N12825|2263|0.50757,N12819|6009|0.132923,0.0139457
N12524|7348|0.12227,N12554|10454|0.637343,0.0108263
N12825|2263|0.50757,N12824|13110|5.024155,0.0124011
N12524|7348|0.12227,N12500|10430|1.273377,0.0139466
N12524|7348|0.12227,N12534|12395|1.442349,0.0108281
N12524|7348|0.12227,N12569|10700|0.180908,0.0131778
N12524|7348|0.12227,N12497|5875|0.074333,0.0108167
N12524|7348|0.12227,N12513|6383|0.180784,0.0132003
N12524|7348|0.12227,N12480|6588|1.156968,0.0147423
N12524|7348|0.12227,N12517|2545|1.034848,0.0108441
N12524|7348|0.12227,N12529|4469|3.56161,0.0116138
N12524|7348|0.12227,N12528|11921|2.139033,0.0124058
N12524|7348|0.12227,N12523|10368|1.348094,0.0132014
N12524|7348|0.12227,N12461|3483|0.725069,0.0147248
N12825|2263|0.50757,N12840|8247|1.106403,0.0100609
N11734|14597|2.351997,N11736|1645|4.834539,0.0100509
N12825|2263|0.50757,N12834|6657|0.028154,0.00694526
N11734|14597|2.351997,N11737|8861|2.039257,0.0123902
N12825|2263|0.50757,N12842|5983|3.233808,0.011642
N12825|2263|0.50757,N12838|7539|1.101225,0.0139913
N12825|2263|0.50757,N12812|2089|1.926513,0.0123847
N7271|4688|1.708623,N7293|13192|2.295678,0.0147143
N7271|4688|1.708623,N7273|5551|0.110078,0.0123905
N7271|4688|1.708623,N7270|14746|1.274199,0.00461642
N11734|14597|2.351997,N11735|4128|0.027554,0.00230326
N11734|14597|2.351997,N11731|8864|0.18334,0.00384908
N7271|4688|1.708623,N7268|3027|2.148116,0.0124263
N7271|4688|1.708623,N7278|11122|1.712413,0.0139788
N7271|4688|1.708623,N7294|11133|0.650047,0.0147205
N7271|4688|1.708623,N7274|1460|0.085973,0.0124299
N7271|4688|1.708623,N7275|4384|1.960031,0.0140019
N7271|4688|1.708623,N7269|1930|2.98622,0.0123837
N7271|4688|1.708623,N7291|5461|0.256319,0.0147396
N7271|4688|1.708623,N7280|3585|1.516432,0.0147731
N7271|4688|1.708623,N7287|9602|3.103335,0.014748
N8497|3638|0.648117,N8499|3406|0.586548,0.00462808
N8497|3638|0.648117,N8489|14240|1.201014,0.00616733
N8497|3638|0.648117,N8488|13359|0.502178,0.00539635
N12755|12020|0.149553,N12803|2064|0.265817,0.0116251
N12755|12020|0.149553,N12720|1572|0.182671,0.0147565
N12755|12020|0.149553,N12804|2693|0.587741,0.0123835
N12755|12020|0.149553,N12795|4574|2.553366,0.0124168
N12755|12020|0.149553,N12805|7599|5.251764,0.0108247
N12755|12020|0.149553,N12760|3800|0.656399,0.0108247
N12755|12020|0.149553,N12769|13527|0.825958,0.0116174
N12755|12020|0.149553,N12754|12915|1.230618,0.00384652
N12755|12020|0.149553,N12802|8143|0.716222,0.0131946
N12755|12020|0.149553,N12797|2791|0.77827,0.0108419
N8497|3638|0.648117,N8496|13896|0.030096,0.00617489
N12755|12020|0.149553,N12747|10085|0.02083,0.0077237
N8497|3638|0.648117,N8498|13685|1.847306,0.00693609
N12755|12020|0.149553,N12765|5223|0.290977,0.012399
N12755|12020|0.149553,N12763|9214|0.250753,0.00616728
N12755|12020|0.149553,N12776|9882|1.663565,0.0147391
N12755|12020|0.149553,N12791|3432|1.382532,0.0147723
N8497|3638|0.648117,N8492|1374|1.103492,0.00696799
N12755|12020|0.149553,N12794|1915|0.264954,0.0116249
N12755|12020|0.149553,N12787|13723|4.490103,0.0139856
N12755|12020|0.149553,N12748|6117|1.604552,0.0108265
N12755|12020|0.149553,N12735|13411|1.300204,0.0108246
N12755|12020|0.149553,N12782|13348|2.56449,0.0131623
N12755|12020|0.149553,N12762|13412|1.090735,0.0108201
N12603|6671|3.050434,N12599|8353|1.454529,0.00771802
N12603|6671|3.050434,N12553|5590|1.684612,0.0139524
N8497|3638|0.648117,N8490|9253|0.016372,0.00616737
N12603|6671|3.050434,N12527|9237|0.448218,0.0131624
N12603|6671|3.050434,N12550|8083|0.027918,0.0108321
N12603|6671|3.050434,N12602|14045|0.864212,0.00461395
N12603|6671|3.050434,N12588|14367|1.187912,0.012394
N12603|6671|3.050434,N12594|12877|0.083073,0.0100573
N12939|5479|1.32272,N12946|9497|2.981624,0.0132031
N12603|6671|3.050434,N12600|4349|1.436957,0.00461396
N12603|6671|3.050434,N12554|10454|0.637343,0.0108279
N12603|6671|3.050434,N12595|11041|1.186994,0.0100496
N12603|6671|3.050434,N12569|10700|0.180908,0.0147569
N12603|6671|3.050434,N12497|5875|0.074333,0.0139465
N12603|6671|3.050434,N12598|13183|4.314759,0.0147538
N12939|5479|1.32272,N12933|10167|0.206041,0.00538982
N12939|5479|1.32272,N12943|9729|5.198233,0.0131836
N11739|8773|0.76672,N11742|13166|1.442792,0.0069407
N11739|8773|0.76672,N11746|4226|2.010055,0.0131834
N12939|5479|1.32272,N12940|4613|2.371288,0.0023045
N12939|5479|1.32272,N12936|9408|1.751777,0.0131864
N11739|8773|0.76672,N11740|12167|0.065432,0.00153691
N12939|5479|1.32272,N12942|5153|0.602411,0.00384778
N10650|2479|0.547464,N10640|12038|0.356222,0.00929848
N12939|5479|1.32272,N12941|9337|0.554667,0.00153501
N12939|5479|1.32272,N12935|8245|0.75658,0.00771826
N10650|2479|0.547464,N10648|15022|5.439611,0.0139615
N12939|5479|1.32272,N12938|6210|0.131432,0.00694059
N12939|5479|1.32272,N12944|4268|0.462966,0.0108382
N12939|5479|1.32272,N12937|9390|3.710691,0.0131744
N10650|2479|0.547464,N10638|8514|2.79233,0.00849273
N10650|2479|0.547464,N10641|13734|0.125994,0.0108333
N10650|2479|0.547464,N10649|4143|0.33077,0.00463697
N10650|2479|0.547464,N10645|12781|2.186726,0.0123874
N10650|2479|0.547464,N10651|6107|1.702862,0.00307385
N11772|11270|0.196243,N11778|6821|0.3094,0.0108358
N11772|11270|0.196243,N11776|3540|1.423485,0.0147584
N11772|11270|0.196243,N11775|5021|0.291676,0.0108358
N10650|2479|0.547464,N10639|11664|3.280885,0.0116002
N11772|11270|0.196243,N11779|7972|0.956846,0.0132017
N9259|8520|0.048263,N9282|10971|1.28364,0.0131858
N9259|8520|0.048263,N9256|2757|2.040753,0.00384522
N9259|8520|0.048263,N9257|6339|0.058928,0.00230861
N9259|8520|0.048263,N9286|1853|1.74475,0.0116341
N9259|8520|0.048263,N9267|10389|2.109554,0.0131761
N9259|8520|0.048263,N9268|8263|0.021383,0.0100606
N9259|8520|0.048263,N9255|14771|0.350205,0.00230861
N9259|8520|0.048263,N9382|3614|0.131365,0.0139649
N9259|8520|0.048263,N9281|5602|0.079699,0.00849266
N9259|8520|0.048263,N9370|6191|0.044663,0.0131781
N9259|8520|0.048263,N9294|15120|0.75094,0.013954
N11772|11270|0.196243,N11792|1642|2.795233,0.0124199
N11772|11270|0.196243,N11791|8077|1.068619,0.011635
N11772|11270|0.196243,N11780|3360|3.504578,0.0147581
N11772|11270|0.196243,N11774|14374|0.391332,0.00850176
N9259|8520|0.048263,N9266|13703|1.254768,0.0108503
N9259|8520|0.048263,N9263|4414|1.894238,0.0116173
N9259|8520|0.048263,N9264|5275|1.087171,0.0116398
N11772|11270|0.196243,N11781|9068|0.252002,0.0131876
N9259|8520|0.048263,N9273|13046|0.2787,0.00928425
N9259|8520|0.048263,N9358|15303|1.043357,0.0123913
N9259|8520|0.048263,N9272|7257|0.692674,0.00928388
N11772|11270|0.196243,N11785|7370|0.623601,0.0116177
N9259|8520|0.048263,N9363|2727|3.279489,0.0147345
N11772|11270|0.196243,N11782|2523|0.488763,0.0100632
N11772|11270|0.196243,N11787|2861|0.090931,0.0116141
N11772|11270|0.196243,N11784|11902|1.191376,0.0100631
N11772|11270|0.196243,N11777|9609|0.992037,0.0123982
N10456|12190|0.93689,N10454|8470|3.631428,0.00693381
N10456|12190|0.93689,N10449|11038|0.578968,0.014725
N10456|12190|0.93689,N10446|4176|0.534117,0.0108323
N10456|12190|0.93689,N10450|4103|2.396855,0.00850194
N10456|12190|0.93689,N10460|1800|0.07162,0.00926989
N10427|3970|0.156468,N10418|7026|0.951921,0.0147391
N10456|12190|0.93689,N10444|11264|4.117282,0.0147579
N10456|12190|0.93689,N10445|1942|5.275127,0.012398
N10427|3970|0.156468,N10440|6346|0.732477,0.0108397
N10456|12190|0.93689,N10465|5296|0.714784,0.0116071
N10456|12190|0.93689,N10447|13406|0.157979,0.0100497
N10427|3970|0.156468,N10420|12519|2.497745,0.0131831
N10456|12190|0.93689,N10453|5010|3.198702,0.0108401
N10427|3970|0.156468,N10421|1621|0.185784,0.0108353
N10427|3970|0.156468,N10432|5320|1.445576,0.00770874
N10456|12190|0.93689,N10463|6162|0.183799,0.0100497
N10456|12190|0.93689,N10468|13503|2.975931,0.013961
N10456|12190|0.93689,N10451|8351|0.152582,0.0100498
N10456|12190|0.93689,N10464|13817|1.982144,0.014757
N10456|12190|0.93689,N10457|8278|1.686393,0.00539351
N10456|12190|0.93689,N10452|9184|0.524044,0.00927554
N10456|12190|0.93689,N10458|6483|1.010701,0.00462405
N10456|12190|0.93689,N10459|13491|0.273509,0.00772754
N10454|8470|3.631428,N10450|4103|2.396855,0.0139529
N11974|11922|1.12,N11973|8440|6.248849,0.00928372
N10454|8470|3.631428,N10460|1800|0.07162,0.0147431
N11974|11922|1.12,N11980|8650|1.136375,0.0147425
N11974|11922|1.12,N11975|9088|2.079849,0.00616169
N11974|11922|1.12,N11979|10096|0.769496,0.0139639
N10454|8470|3.631428,N10457|8278|1.686393,0.0108333
N10454|8470|3.631428,N10452|9184|0.524044,0.0147458
N10454|8470|3.631428,N10458|6483|1.010701,0.0100392
N11973|8440|6.248849,N11975|9088|2.079849,0.0139933
N10454|8470|3.631428,N10459|13491|0.273509,0.0131679
N9390|2933|0.66356,N9382|3614|0.131365,0.0108148
N9390|2933|0.66356,N9381|3359|1.575732,0.0123862
N9390|2933|0.66356,N9370|6191|0.044663,0.013161
N9390|2933|0.66356,N9358|15303|1.043357,0.0123777
N8955|1816|2.448424,N8937|4163|1.168906,0.0116347
N8955|1816|2.448424,N8964|12791|3.012138,0.00771863
N9390|2933|0.66356,N9363|2727|3.279489,0.0147188
N8955|1816|2.448424,N8939|12608|0.033444,0.0124016
N8955|1816|2.448424,N8959|14483|1.615474,0.0124844
N9482|2701|0.778378,N9492|8720|1.571976,0.0132313
N8955|1816|2.448424,N8941|14203|1.307343,0.013981
N9482|2701|0.778378,N9502|12775|0.091182,0.0139907
N9482|2701|0.778378,N9495|7893|0.163381,0.0132147
N9482|2701|0.778378,N9552|6778|1.175407,0.013178
N9482|2701|0.778378,N9513|10514|1.389128,0.013161
N8955|1816|2.448424,N8950|3981|2.040436,0.0124264
N9482|2701|0.778378,N9547|8895|1.918115,0.0139499
N9482|2701|0.778378,N9546|9791|1.415917,0.013941
N9482|2701|0.778378,N9503|4006|0.215152,0.0147527
N9482|2701|0.778378,N9555|11655|0.457878,0.0139524
N9482|2701|0.778378,N9541|9315|2.046275,0.0147248
N9482|2701|0.778378,N9542|13337|0.791992,0.0108174
N8955|1816|2.448424,N8954|6672|0.444382,0.00849631
N9482|2701|0.778378,N9491|12440|0.015674,0.0108655
N9482|2701|0.778378,N9511|4037|0.11695,0.0131954
N9482|2701|0.778378,N9539|6002|0.511961,0.0147536
N9482|2701|0.778378,N9480|5579|1.075498,0.0139747
N9482|2701|0.778378,N9484|8231|2.243047,0.00384479
N9482|2701|0.778378,N9508|3512|0.122202,0.0139762
N9482|2701|0.778378,N9486|1956|0.766508,0.00778026
N8955|1816|2.448424,N8947|9745|0.337258,0.0147917
N9482|2701|0.778378,N9507|10649|0.049628,0.0131806
N9482|2701|0.778378,N9549|15218|1.855956,0.0147521
N8955|1816|2.448424,N8953|8503|3.426344,0.0116138
N8955|1816|2.448424,N8963|5098|2.636494,0.00852384
N8955|1816|2.448424,N8946|6380|0.862479,0.0147508
N8955|1816|2.448424,N8962|11889|1.067723,0.0085238
N10549|6129|2.090029,N10562|10470|0.557657,0.0124189
N8955|1816|2.448424,N8960|4831|0.445665,0.00931123
N10549|6129|2.090029,N10547|7175|0.207334,0.00385008
N10549|6129|2.090029,N10545|2003|0.042819,0.00385009
N10549|6129|2.090029,N10551|13498|1.227284,0.0124014
N8955|1816|2.448424,N8956|15297|1.548554,0.00695664
N8955|1816|2.448424,N8948|7351|0.152822,0.0147705
N10549|6129|2.090029,N10555|15365|0.330492,0.0124158
N8955|1816|2.448424,N8942|9028|0.173101,0.0124138
N10549|6129|2.090029,N10560|4175|0.28726,0.0108504
N8955|1816|2.448424,N8957|5722|3.760041,0.0092847
N10549|6129|2.090029,N10554|6501|1.169808,0.013192
N10549|6129|2.090029,N10535|12368|0.523269,0.0132346
N11765|12580|0.800352,N11767|10302|1.853547,0.00538991
N10549|6129|2.090029,N10558|12714|0.308784,0.0100654
N12418|1819|1.39442,N12411|7229|2.770489,0.0131919
N12418|1819|1.39442,N12409|11290|1.945856,0.0116217
N12418|1819|1.39442,N12417|4257|2.751207,0.0100672
N11765|12580|0.800352,N11769|10072|1.33933,0.00771325
N12418|1819|1.39442,N12406|13475|1.0959,0.0139724
N12418|1819|1.39442,N12422|12209|1.051939,0.0100514
N12418|1819|1.39442,N12425|2070|1.092144,0.0131782
N11765|12580|0.800352,N11766|7352|0.775643,0.00307301
N12418|1819|1.39442,N12424|10163|0.680695,0.00771733
N10094|7322|3.27339,N10054|3102|1.294006,0.0123864
N10094|7322|3.27339,N10096|4634|3.033585,0.00153436
N10094|7322|3.27339,N10126|7006|1.472433,0.0124102
N11765|12580|0.800352,N11770|13356|0.632228,0.00616113
N10094|7322|3.27339,N10078|2341|1.12871,0.0139432
N10094|7322|3.27339,N10071|1580|0.257818,0.0116411
N10094|7322|3.27339,N10052|2635|1.577136,0.0123793
N10094|7322|3.27339,N10113|13294|0.443123,0.013978
N10094|7322|3.27339,N10082|5613|2.048412,0.0123851
N10094|7322|3.27339,N10090|3024|3.711051,0.0131627
N10094|7322|3.27339,N10127|9599|0.325855,0.0123962
N10094|7322|3.27339,N10060|3824|0.405696,0.0116045
N10094|7322|3.27339,N10083|10662|0.54533,0.0100531
N10094|7322|3.27339,N10058|7641|2.216887,0.0115968
N10094|7322|3.27339,N10062|10532|0.956953,0.0108265
N11765|12580|0.800352,N11768|14000|6.376356,0.0147641
N11765|12580|0.800352,N11763|14722|1.672793,0.00230594
N11765|12580|0.800352,N11764|13257|8.938769,0.0100569
N10094|7322|3.27339,N10088|8467|3.918434,0.0131752
N10094|7322|3.27339,N10119|10803|0.316622,0.0123916
N10094|7322|3.27339,N10105|6840|2.06747,0.0108205
N10094|7322|3.27339,N10061|3384|0.179959,0.00616177
N11765|12580|0.800352,N11771|6757|0.735472,0.00770887
N10094|7322|3.27339,N10087|7836|0.189476,0.0123917
N10094|7322|3.27339,N10110|10994|0.926104,0.0131899
N10094|7322|3.27339,N10076|15281|0.628564,0.0100616
N10094|7322|3.27339,N10067|11032|3.668257,0.0147735
N10094|7322|3.27339,N10081|3877|1.475931,0.0108283
N10094|7322|3.27339,N10057|13681|0.686815,0.0100488
N11400|6870|2.36542,N11396|2410|0.176507,0.0147403
N9081|8706|1.386561,N9072|4235|1.055492,0.00926659
N9081|8706|1.386561,N9082|6397|0.367536,0.00307298
N9081|8706|1.386561,N9086|13394|0.878173,0.0116154
N9081|8706|1.386561,N9060|5017|1.651897,0.013175
N11400|6870|2.36542,N11391|12341|0.045623,0.0147565
N9081|8706|1.386561,N9079|12702|0.242011,0.0131862
N9081|8706|1.386561,N9070|12994|1.368415,0.0123904
N9081|8706|1.386561,N9066|8542|2.20717,0.0124239
N11400|6870|2.36542,N11397|12633|1.136891,0.013953
N11400|6870|2.36542,N11398|1232|1.681972,0.0123877
N9081|8706|1.386561,N9059|3952|0.117079,0.0116201
N9081|8706|1.386561,N9090|5865|0.111667,0.00926988
N9081|8706|1.386561,N9069|8647|2.490183,0.0123943
N9081|8706|1.386561,N9075|13959|2.641422,0.0123905
N9081|8706|1.386561,N9058|3054|0.871612,0.014743
N9081|8706|1.386561,N9074|12197|2.750243,0.0131612
N10415|5891|1.747298,N10439|3642|0.147069,0.0139526
N10415|5891|1.747298,N10417|4640|0.116543,0.0100614
N10415|5891|1.747298,N10438|15299|0.731709,0.0139614
N10415|5891|1.747298,N10412|4092|3.444073,0.0116081
N10415|5891|1.747298,N10436|2703|0.383166,0.0139458
N10415|5891|1.747298,N10416|11369|0.698039,0.00384792
N11249|12952|0.190843,N11254|2673|4.351879,0.0116318
N11249|12952|0.190843,N11242|14132|0.054995,0.00850096
N11249|12952|0.190843,N11251|10061|0.941611,0.00230451
N10415|5891|1.747298,N10440|6346|0.732477,0.0131676
N11249|12952|0.190843,N11253|10802|1.437638,0.00462042
N11249|12952|0.190843,N11241|3858|0.478726,0.011648
N10415|5891|1.747298,N10421|1621|0.185784,0.0147332
N11249|12952|0.190843,N11259|13651|4.526962,0.0132165
N11249|12952|0.190843,N11256|8782|2.978578,0.00927737
N10415|5891|1.747298,N10414|11960|1.623667,0.0108386
N10077|4621|2.355752,N10092|12502|0.477099,0.0116046
N10077|4621|2.355752,N10074|15315|1.628929,0.00461402
N9045|13243|0.113371,N9041|13663|0.42431,0.0100515
N10077|4621|2.355752,N10080|5024|2.17992,0.00849057
N9045|13243|0.113371,N9037|3151|0.565871,0.0108446
N9045|13243|0.113371,N9049|10265|3.185581,0.00773818
N9045|13243|0.113371,N9033|6190|1.42565,0.0147395
N10077|4621|2.355752,N10089|1801|0.434429,0.0100516
N10077|4621|2.355752,N10079|14260|1.084337,0.0116089
N9045|13243|0.113371,N9048|5200|0.926094,0.0100842
N9045|13243|0.113371,N9051|3727|0.752761,0.0139653
N9045|13243|0.113371,N9019|1759|3.21172,0.014719
N10077|4621|2.355752,N10075|10071|1.185983,0.00461403
N9045|13243|0.113371,N9018|7028|1.271107,0.0139397
N9045|13243|0.113371,N9020|4424|0.845904,0.0147349
N10077|4621|2.355752,N10065|8060|1.039306,0.0147635
N10077|4621|2.355752,N10094|7322|3.27339,0.0123915
N10077|4621|2.355752,N10096|4634|3.033585,0.0123917
N10077|4621|2.355752,N10078|2341|1.12871,0.0139517
N10077|4621|2.355752,N10071|1580|0.257818,0.00539504
N10077|4621|2.355752,N10082|5613|2.048412,0.0123838
N10653|10699|4.032076,N10654|12531|1.308427,0.0139393
N10077|4621|2.355752,N10083|10662|0.54533,0.0100499
N10077|4621|2.355752,N10088|8467|3.918434,0.0131785
N10077|4621|2.355752,N10061|3384|0.179959,0.0123998
N10077|4621|2.355752,N10087|7836|0.189476,0.0123977
N10077|4621|2.355752,N10076|15281|0.628564,0.00384342
N10077|4621|2.355752,N10081|3877|1.475931,0.010825
N11608|3892|0.268689,N11615|7031|0.152468,0.00461978
N11608|3892|0.268689,N11588|10648|1.731461,0.00850041
N11608|3892|0.268689,N11584|2146|2.577156,0.0108455
N11608|3892|0.268689,N11624|6571|0.228305,0.00927412
N11608|3892|0.268689,N11605|4602|3.361874,0.00616113
N11608|3892|0.268689,N11587|4473|0.848148,0.0131786
N11608|3892|0.268689,N11603|11797|1.655793,0.0108358
N11608|3892|0.268689,N11599|10603|1.183727,0.0116206
N11608|3892|0.268689,N11616|10945|0.229646,0.0108199
N11608|3892|0.268689,N11610|4641|2.194546,0.00462052
N11608|3892|0.268689,N11612|7607|5.393571,0.00618546
N11608|3892|0.268689,N11602|1469|0.068194,0.00927467
N11608|3892|0.268689,N11589|3883|4.024833,0.012397
N11608|3892|0.268689,N11623|8724|0.045337,0.0132441
N11608|3892|0.268689,N11604|14042|0.61391,0.00230291
N11608|3892|0.268689,N11590|5683|3.705132,0.0147757
N11608|3892|0.268689,N11595|5624|0.527232,0.00850037
N11608|3892|0.268689,N11596|10816|0.692399,0.00850037
N11608|3892|0.268689,N11592|6662|0.082858,0.0124246
N11608|3892|0.268689,N11606|7388|0.162691,0.00153499
N11608|3892|0.268689,N11613|13304|1.663156,0.00539024
N11608|3892|0.268689,N11611|3842|2.309476,0.00384529
N11608|3892|0.268689,N11600|4625|0.576178,0.0092844
N11608|3892|0.268689,N11593|9226|1.599335,0.0100491
N11608|3892|0.268689,N11618|14976|1.619459,0.0124746
N8114|9855|0.47366,N8115|7316|3.675933,0.0131833
N11080|14040|0.942666,N11066|10755|0.62982,0.01319
N11080|14040|0.942666,N11081|12283|1.753851,0.00771338
N11608|3892|0.268689,N11617|2162|3.315706,0.0147574
N11608|3892|0.268689,N11607|13674|2.220092,0.00384659
N11608|3892|0.268689,N11614|15324|0.132472,0.0053967
N11608|3892|0.268689,N11620|14204|1.80573,0.0140216
N11632|14343|0.769751,N11633|12691|3.376743,0.00230867
N11080|14040|0.942666,N11084|12385|3.436733,0.010053
N11632|14343|0.769751,N11631|14295|4.815174,0.0061697
N11080|14040|0.942666,N11079|7055|0.791885,0.00538679
N11080|14040|0.942666,N11083|13343|1.817434,0.00772006
N11080|14040|0.942666,N11077|9491|0.19632,0.00694107
N12616|4462|1.325698,N12617|8249|1.299601,0.00539388
N12616|4462|1.325698,N12610|8129|0.59334,0.0147502
N12616|4462|1.325698,N12615|10228|1.212348,0.0084961
N12616|4462|1.325698,N12608|14060|1.436867,0.0131866
N11632|14343|0.769751,N11629|7052|1.18082,0.0100708
N12616|4462|1.325698,N12621|1623|1.449089,0.00770869
N11632|14343|0.769751,N11637|13977|0.394042,0.0123795
N11632|14343|0.769751,N11635|7975|0.702985,0.0116005
N11632|14343|0.769751,N11636|3750|0.574522,0.0131652
N11632|14343|0.769751,N11634|11288|0.334484,0.00230867
N8219|11882|3.212392,N8220|1458|2.639699,0.00539839
N11632|14343|0.769751,N11630|1763|1.271438,0.00539353
N8219|11882|3.212392,N8189|11388|1.488916,0.0115959
N8219|11882|3.212392,N8205|11108|3.60963,0.0147582
N8219|11882|3.212392,N8204|8732|5.697496,0.0147343
N8219|11882|3.212392,N8215|12614|5.146834,0.0123847
N11633|12691|3.376743,N11631|14295|4.815174,0.00694808
N8219|11882|3.212392,N8179|5845|2.87042,0.0147559
N8219|11882|3.212392,N8218|2594|6.151138,0.0131556
N8219|11882|3.212392,N8217|2681|1.841336,0.00775709
N8219|11882|3.212392,N8200|14143|0.460304,0.0123778
N8219|11882|3.212392,N8206|5109|0.82291,0.0132001
N8219|11882|3.212392,N8216|1836|1.989144,0.00850007
N8219|11882|3.212392,N8203|11050|0.018259,0.0108264
N7582|11418|2.88801,N7572|15384|2.459501,0.0131844
N7582|11418|2.88801,N7578|13870|0.956822,0.0108401
N7582|11418|2.88801,N7577|3297|0.36233,0.0100567
N11633|12691|3.376743,N11629|7052|1.18082,0.0108593
N11633|12691|3.376743,N11637|13977|0.394042,0.0131651
N11633|12691|3.376743,N11635|7975|0.702985,0.0123861
N11633|12691|3.376743,N11636|3750|0.574522,0.0139531
N11633|12691|3.376743,N11634|11288|0.334484,0.00308262
N11633|12691|3.376743,N11630|1763|1.271438,0.00616968
N12437|12854|2.519423,N12436|9786|1.23237,0.00926975
N10694|6472|1.555003,N10698|12792|3.053573,0.0139726
N9169|10236|0.950429,N9165|6131|0.059858,0.00693381
N9169|10236|0.950429,N9170|13055|0.782015,0.0147272
N9169|10236|0.950429,N9172|4097|0.914498,0.012391
N12437|12854|2.519423,N12438|11948|0.666889,0.00771307
N9169|10236|0.950429,N9173|6954|2.168493,0.0147274
N9169|10236|0.950429,N9166|2597|0.752052,0.00615826
N12531|6368|0.808906,N12465|9663|3.510964,0.0147793
N12531|6368|0.808906,N12482|15143|0.193936,0.0147576
N12531|6368|0.808906,N12527|9237|0.448218,0.0147474
N12531|6368|0.808906,N12504|8693|0.601243,0.0147577
N12531|6368|0.808906,N12519|10480|2.16617,0.0139924
N12531|6368|0.808906,N12550|8083|0.027918,0.012427
N12531|6368|0.808906,N12554|10454|0.637343,0.0124131
N12531|6368|0.808906,N12534|12395|1.442349,0.00771974
N12531|6368|0.808906,N12497|5875|0.074333,0.0123975
N12531|6368|0.808906,N12517|2545|1.034848,0.0147842
N12531|6368|0.808906,N12529|4469|3.56161,0.00540447
N12531|6368|0.808906,N12528|11921|2.139033,0.00616949
N10982|11914|1.803269,N10975|10794|2.249125,0.0108357
N10982|11914|1.803269,N10979|12278|3.152954,0.0108446
N10982|11914|1.803269,N10981|2731|0.266376,0.00307698
N10982|11914|1.803269,N10984|9782|0.397387,0.00926074
N10982|11914|1.803269,N10973|10114|1.49298,0.0124068
N8894|2000|0.615862,N8903|15047|0.889229,0.0116503
N8894|2000|0.615862,N8885|7122|3.37508,0.0147921
N8894|2000|0.615862,N8891|1619|0.761174,0.00539026
N8894|2000|0.615862,N8902|10980|0.318318,0.0108593
N8130|8164|0.523561,N8128|13259|2.200318,0.0131784
N8130|8164|0.523561,N8150|9464|1.046081,0.0147728
N8894|2000|0.615862,N8886|14755|1.395277,0.0046176
N8130|8164|0.523561,N8141|2638|0.6468,0.0131876
N8894|2000|0.615862,N8898|14688|0.203747,0.00076737
N8130|8164|0.523561,N8140|4636|1.062877,0.013991
N8130|8164|0.523561,N8126|11528|0.612712,0.00694075
N8130|8164|0.523561,N8122|2981|6.608903,0.0131675
N8130|8164|0.523561,N8152|8326|0.287102,0.0147627
N8130|8164|0.523561,N8123|9733|3.473817,0.0116138
N8130|8164|0.523561,N8135|9281|0.296473,0.0147871
N8130|8164|0.523561,N8164|13913|2.676586,0.0139786
N8130|8164|0.523561,N8127|6573|4.039577,0.0139927
N8130|8164|0.523561,N8131|8958|2.790061,0.00230451
N8130|8164|0.523561,N8129|11328|0.494628,0.0116176
N8130|8164|0.523561,N8120|6561|0.822924,0.0140134
N8130|8164|0.523561,N8116|12088|0.208523,0.0132135
N8130|8164|0.523561,N8167|9413|2.896965,0.0147724
N8130|8164|0.523561,N8137|12331|1.746135,0.0147698
N9995|11169|0.095018,N9996|9280|2.587202,0.00153498
N8130|8164|0.523561,N8136|9622|3.642271,0.0147701
N8130|8164|0.523561,N8168|6876|0.395138,0.0139785
N9995|11169|0.095018,N10008|2048|0.176038,0.013952
N9995|11169|0.095018,N9980|6926|0.811684,0.00849273
N9995|11169|0.095018,N10000|3571|1.200374,0.0108464
N8130|8164|0.523561,N8121|6075|1.081405,0.0116175
N9995|11169|0.095018,N9990|8796|0.29883,0.0108313
N8130|8164|0.523561,N8170|12462|1.287377,0.0124345
N9995|11169|0.095018,N9997|9473|1.575147,0.0116481
N8130|8164|0.523561,N8159|14322|1.114167,0.0148313
N8130|8164|0.523561,N8124|5434|1.827055,0.0147476
N8130|8164|0.523561,N8163|5056|0.324114,0.0139844
N9995|11169|0.095018,N9986|3239|0.136725,0.011607
N9995|11169|0.095018,N9989|12587|5.539199,0.0131713
N9995|11169|0.095018,N9998|13481|1.227033,0.00694528
N9996|9280|2.587202,N10008|2048|0.176038,0.0139658
N9996|9280|2.587202,N9980|6926|0.811684,0.0085001
N7481|6822|3.649165,N7488|10505|2.091093,0.011622
N9996|9280|2.587202,N10000|3571|1.200374,0.0108579
N9996|9280|2.587202,N9990|8796|0.29883,0.0108354
N7481|6822|3.649165,N7486|13426|0.423665,0.0108319
N9996|9280|2.587202,N9997|9473|1.575147,0.0116669
N7481|6822|3.649165,N7484|9420|0.456658,0.00307695
N7481|6822|3.649165,N7482|1963|3.70787,0.013179
N9996|9280|2.587202,N9986|3239|0.136725,0.011611
N9996|9280|2.587202,N9989|12587|5.539199,0.0131675
N7481|6822|3.649165,N7478|13924|0.307543,0.0116089
N7481|6822|3.649165,N7485|6257|0.908716,0.00694684
N7481|6822|3.649165,N7490|8523|0.492729,0.0100518
N9996|9280|2.587202,N9998|13481|1.227033,0.00694787
N8486|8715|1.616419,N8474|13424|0.489979,0.013956
N8486|8715|1.616419,N8480|13341|0.082904,0.0139432
N8486|8715|1.616419,N8485|1558|3.936767,0.0139637
N8486|8715|1.616419,N8482|6029|0.305383,0.0131649
N7481|6822|3.649165,N7483|6020|4.771817,0.0061674
N8486|8715|1.616419,N8487|11714|0.291764,0.00384522
N7481|6822|3.649165,N7489|2699|0.216451,0.0108393
N7481|6822|3.649165,N7487|8500|1.973673,0.0116148
N7481|6822|3.649165,N7480|9412|0.529801,0.0116076
N8486|8715|1.616419,N8464|6997|0.845618,0.0123962
N8725|14063|1.073705,N8728|8836|1.084428,0.0147779
N11725|4456|4.874262,N11717|4209|1.675482,0.0131689
N8725|14063|1.073705,N8727|13012|0.793639,0.0100442
N11725|4456|4.874262,N11728|6815|1.331359,0.0147248
N11725|4456|4.874262,N11724|2166|0.071798,0.0100323
N11725|4456|4.874262,N11726|3676|2.085945,0.0123732
N8725|14063|1.073705,N8724|1934|0.376952,0.00539344
N11725|4456|4.874262,N11727|3472|0.293825,0.0108242
N9300|10796|0.207962,N9301|5251|5.33784,0.0092773
N9300|10796|0.207962,N9302|6164|0.814606,0.00927025
N9300|10796|0.207962,N9297|9509|0.576101,0.0147345
N11301|15147|6.49369,N11299|2288|1.660374,0.0147889
N10703|5410|3.657255,N10700|3193|0.042069,0.0139802
N9300|10796|0.207962,N9299|2894|2.97928,0.00538988
N7798|4719|0.693475,N7799|5178|8.359718,0.00928392
N13066|11539|2.641891,N13057|8415|0.620575,0.0131995
N13066|11539|2.641891,N13035|2966|0.267509,0.0131746
N13066|11539|2.641891,N13044|14894|0.279795,0.0116081
N13066|11539|2.641891,N13058|11167|1.17044,0.0116212
N13066|11539|2.641891,N13053|4954|0.008268,0.0108328
N7798|4719|0.693475,N7800|3710|0.647854,0.0046126
N13066|11539|2.641891,N13046|7586|0.27506,0.0123903
N7798|4719|0.693475,N7797|10340|0.068652,0.00461771
N9744|11153|1.514729,N9731|10819|0.095892,0.0132175
N9744|11153|1.514729,N9722|11084|0.167069,0.00928715
N9744|11153|1.514729,N9748|7503|0.077164,0.00849627
N9744|11153|1.514729,N9742|1593|1.843405,0.00927738
N9744|11153|1.514729,N9736|4880|0.301087,0.01084
N9744|11153|1.514729,N9728|15310|0.085393,0.0116138
N9744|11153|1.514729,N9713|11770|0.47842,0.013984
N9744|11153|1.514729,N9727|2654|0.637465,0.0100609
N9744|11153|1.514729,N9723|4534|3.162746,0.0131841
N9744|11153|1.514729,N9733|11666|0.117101,0.01084
N9744|11153|1.514729,N9740|10865|0.999278,0.0124075
N7798|4719|0.693475,N7801|12937|0.554222,0.00384233
N9744|11153|1.514729,N9743|5866|1.262035,0.0077236
N9786|6325|1.393156,N9782|7673|0.145769,0.0084915
N9786|6325|1.393156,N9770|2752|0.871925,0.0123875
N9786|6325|1.393156,N9783|3885|1.362226,0.00771318
N9786|6325|1.393156,N9772|13322|0.457933,0.0100412
N9786|6325|1.393156,N9784|14679|1.191138,0.00538718
N7799|5178|8.359718,N7800|3710|0.647854,0.0123858
N9786|6325|1.393156,N9769|6354|1.277459,0.0147315
N10199|9067|2.041819,N10200|13655|9.445277,0.0100575
N7799|5178|8.359718,N7797|10340|0.068652,0.0123835
N10199|9067|2.041819,N10202|10267|0.04449,0.00539061
N10199|9067|2.041819,N10206|7264|0.209338,0.0116142
N7799|5178|8.359718,N7801|12937|0.554222,0.011609
N11177|9035|0.092564,N11191|12409|0.389668,0.0147403
N11177|9035|0.092564,N11169|5027|0.144705,0.0132006
N10200|13655|9.445277,N10202|10267|0.04449,0.00616923
N10200|13655|9.445277,N10206|7264|0.209338,0.012411
N11177|9035|0.092564,N11189|2329|1.866776,0.0147403
N11177|9035|0.092564,N11186|8117|0.703739,0.0139545
N11177|9035|0.092564,N11182|8257|0.643248,0.0139529
N11177|9035|0.092564,N11185|3623|0.186886,0.0131625
N11177|9035|0.092564,N11176|8670|0.161207,0.00307484
N11177|9035|0.092564,N11175|12000|0.092315,0.00384234
N11177|9035|0.092564,N11179|12364|0.146687,0.00230452
N11177|9035|0.092564,N11170|2779|0.821011,0.0147898
N11177|9035|0.092564,N11174|7612|0.80396,0.00771748
N12330|6498|0.353492,N12335|5374|3.451776,0.010072
N11177|9035|0.092564,N11180|1876|0.387964,0.0108204
N12330|6498|0.353492,N12328|14516|2.112601,0.00771726
N11177|9035|0.092564,N11173|12964|0.86605,0.00927868
N9605|5773|2.148806,N9607|6071|0.254879,0.00461512
N12330|6498|0.353492,N12322|6249|0.030627,0.0116291
N9605|5773|2.148806,N9610|4777|0.060301,0.00929846
N12330|6498|0.353492,N12336|6471|2.511308,0.00539515
N12330|6498|0.353492,N12334|12617|5.728524,0.00694521
N9304|3689|1.485817,N9303|11597|1.764638,0.0131624
N9605|5773|2.148806,N9612|6174|1.6603,0.0124465
N9605|5773|2.148806,N9604|2901|1.297017,0.00616731
N9605|5773|2.148806,N9611|15371|0.993276,0.0077284
N9605|5773|2.148806,N9609|10128|0.284588,0.0038462
N9304|3689|1.485817,N9308|12766|1.761637,0.0131687
N9605|5773|2.148806,N9606|2531|2.031099,0.00461622
N9605|5773|2.148806,N9608|11572|0.374229,0.00461967
N12411|7229|2.770489,N12409|11290|1.945856,0.0108447
N11383|12577|2.94358,N11372|12201|0.528123,0.0139643
N12411|7229|2.770489,N12406|13475|1.0959,0.0132005
N12411|7229|2.770489,N12422|12209|1.051939,0.0108332
N11383|12577|2.94358,N11377|6057|0.712908,0.0147455
N12411|7229|2.770489,N12425|2070|1.092144,0.0139644
N12411|7229|2.770489,N12426|14918|1.027767,0.0147317
N11383|12577|2.94358,N11380|13281|0.01983,0.00771329
N12411|7229|2.770489,N12424|10163|0.680695,0.00849275
N11383|12577|2.94358,N11389|5327|0.431325,0.0131866
N12902|13344|0.176188,N12906|6736|1.852248,0.0132004
N12902|13344|0.176188,N12896|5378|1.520829,0.0100514
N12902|13344|0.176188,N12900|12978|0.377253,0.0124255
N11383|12577|2.94358,N11384|2281|1.186815,0.011609
N10996|3055|0.708293,N10995|8010|0.516194,0.00617304
N10996|3055|0.708293,N10989|5003|1.95155,0.0100496
N10996|3055|0.708293,N10990|2197|1.135652,0.00694536
N11718|9278|1.187955,N11722|14901|2.597424,0.0124058
N11718|9278|1.187955,N11721|7100|1.057761,0.0100641
N11718|9278|1.187955,N11719|14393|0.569167,0.00153692
N11718|9278|1.187955,N11729|11774|0.076808,0.011614
N11718|9278|1.187955,N11715|9563|3.299773,0.0124105
N11718|9278|1.187955,N11727|3472|0.293825,0.00928735
N10140|13774|1.624122,N10162|2511|1.108867,0.0131872
N10140|13774|1.624122,N10145|8073|2.673846,0.00851113
N10140|13774|1.624122,N10153|2144|0.895476,0.00616146
N10140|13774|1.624122,N10167|9324|4.421383,0.0140152
N10140|13774|1.624122,N10146|10997|1.204118,0.00850421
N10140|13774|1.624122,N10147|10051|1.378086,0.00772842
N10140|13774|1.624122,N10149|11080|0.160309,0.00618503
N10140|13774|1.624122,N10154|13738|0.207181,0.00616729
N10140|13774|1.624122,N10152|9351|0.056029,0.00850096
N10140|13774|1.624122,N10158|14329|0.227607,0.00849276
N10140|13774|1.624122,N10160|4433|0.171967,0.00849637
N10140|13774|1.624122,N10136|6253|0.845949,0.00616175
N11435|2702|1.306928,N11475|5183|0.438485,0.0100705
N10140|13774|1.624122,N10139|5635|0.470954,0
N11435|2702|1.306928,N11451|1672|2.254781,0.0100502
N11435|2702|1.306928,N11473|7548|8.988055,0.0139645
N11435|2702|1.306928,N11448|3857|3.495299,0.0124674
N10140|13774|1.624122,N10135|3888|1.954201,0.00693374
N11435|2702|1.306928,N11433|13444|3.443965,0.0116093
N11435|2702|1.306928,N11482|5070|1.798892,0.0147914
N11435|2702|1.306928,N11437|7295|1.086414,0.00540471
N11435|2702|1.306928,N11470|4234|3.238599,0.0139528
N11435|2702|1.306928,N11421|5366|0.550411,0.0108281
N11435|2702|1.306928,N11441|13197|0.277409,0.0061674
N11435|2702|1.306928,N11430|13324|0.82787,0.0108337
N11435|2702|1.306928,N11474|6745|0.399884,0.00926558
N11435|2702|1.306928,N11450|8696|1.833598,0.00927847
N11435|2702|1.306928,N11464|4774|2.356946,0.0100567
N11435|2702|1.306928,N11442|1536|3.34164,0.00926074
N11435|2702|1.306928,N11456|10863|0.74217,0.0116081
N11435|2702|1.306928,N11418|2052|0.356991,0.0100448
N11435|2702|1.306928,N11445|11056|1.106621,0.0108266
N11435|2702|1.306928,N11457|3440|2.050117,0.0077199
N11435|2702|1.306928,N11461|2877|0.897368,0.0100497
N11435|2702|1.306928,N11462|14660|0.116968,0.0108315
N11435|2702|1.306928,N11481|4836|0.074316,0.013204
N11435|2702|1.306928,N11459|5137|0.887993,0.012394
N11435|2702|1.306928,N11420|5326|2.154032,0.0116072
N11435|2702|1.306928,N11436|8642|2.737344,0.00384525
N11435|2702|1.306928,N11480|4799|0.732079,0.013204
N11435|2702|1.306928,N11465|1674|3.954232,0.0123917
N10708|14758|0.348726,N10706|11303|1.790605,0.0108311
N11435|2702|1.306928,N11444|2905|0.625784,0.0108197
N11435|2702|1.306928,N11476|7720|0.188723,0.00927455
N10708|14758|0.348726,N10705|3075|2.476916,0.0139711
N11435|2702|1.306928,N11466|6960|0.69333,0.00849281
N11435|2702|1.306928,N11431|13501|1.227073,0.0131637
N11435|2702|1.306928,N11438|4551|6.509703,0.0131881
N11435|2702|1.306928,N11439|4031|5.949013,0.0061674
N11435|2702|1.306928,N11432|8564|1.106573,0.00925949
N11435|2702|1.306928,N11460|4546|1.523002,0.0116263
N11435|2702|1.306928,N11463|14878|1.463977,0.0123905
N11435|2702|1.306928,N11440|9498|2.349682,0.010845
N11435|2702|1.306928,N11472|6578|0.483504,0.00927458
N11435|2702|1.306928,N11447|15071|0.379129,0.00771857
N11435|2702|1.306928,N11469|11377|1.277083,0.011614
N11435|2702|1.306928,N11471|13768|0.711381,0.0100489
N11435|2702|1.306928,N11455|6968|3.156725,0.0116081
N11435|2702|1.306928,N11434|2008|6.10435,0.00694517
N11435|2702|1.306928,N11452|2698|0.399768,0.00849039
N11435|2702|1.306928,N11416|9551|0.424175,0.0123917
N11435|2702|1.306928,N11417|2611|2.032126,0.0100503
N12114|14759|0.42786,N12121|10891|1.462474,0.010058
N12114|14759|0.42786,N12074|9368|0.993391,0.0147943
N12114|14759|0.42786,N12120|9198|0.687501,0.0100695
N10904|8576|0.676647,N10911|4392|3.798264,0.0131687
N10904|8576|0.676647,N10908|10652|1.045014,0.0139799
N12946|9497|2.981624,N12933|10167|0.206041,0.0108591
N12946|9497|2.981624,N12943|9729|5.198233,0.00771973
N12946|9497|2.981624,N12945|7112|3.509777,0.0124131
N10904|8576|0.676647,N10909|10151|1.042798,0.0116141
N11405|6459|3.542263,N11404|5368|0.608453,0.00693617
N12946|9497|2.981624,N12940|4613|2.371288,0.0140111
N11405|6459|3.542263,N11407|1428|0.80075,0.00616438
N11405|6459|3.542263,N11391|12341|0.045623,0.0147566
N12946|9497|2.981624,N12941|9337|0.554667,0.0132003
N12946|9497|2.981624,N12935|8245|0.75658,0.0148313
N12946|9497|2.981624,N12944|4268|0.462966,0.00539337
N13048|7421|0.324301,N13085|14084|0.542663,0.0147396
N13048|7421|0.324301,N13040|3080|0.190006,0.00538987
N13048|7421|0.324301,N13032|11148|0.692156,0.0108247
N13048|7421|0.324301,N13060|5777|3.189395,0.0116213
N13048|7421|0.324301,N13010|2132|0.839645,0.0123977
N13048|7421|0.324301,N13042|11415|0.646578,0.0061672
N13048|7421|0.324301,N13030|14162|0.229725,0.0100447
N13048|7421|0.324301,N13055|13868|1.589563,0.0123973
N13048|7421|0.324301,N13082|1920|1.308468,0.0139524
N13048|7421|0.324301,N13064|2313|0.464264,0.0092742
N13048|7421|0.324301,N13039|7252|7.328065,0.0131875
N13048|7421|0.324301,N13078|10715|0.406326,0.0147392
N13048|7421|0.324301,N13047|2936|1.890519,0.00462795
N13048|7421|0.324301,N13081|11163|0.1151,0.0139555
N13048|7421|0.324301,N13065|9942|3.28249,0.0116069
N12917|14969|1.632227,N12915|11312|1.031759,0.0108267
N9670|13773|0.027616,N9671|7635|4.595207,0.0100443
N13048|7421|0.324301,N13063|12606|0.037579,0.0116139
N13048|7421|0.324301,N13067|12459|0.550295,0.00848483
N13048|7421|0.324301,N13049|2463|0.241606,0.0108329
N13048|7421|0.324301,N13062|8226|0.442183,0.0108263
N13048|7421|0.324301,N13045|8524|3.432792,0.0131832
N13048|7421|0.324301,N13050|8552|0.300629,0.0116107
N13048|7421|0.324301,N13066|11539|2.641891,0.0116008
N13048|7421|0.324301,N13057|8415|0.620575,0.0108445
N13048|7421|0.324301,N13035|2966|0.267509,0.0108247
N13048|7421|0.324301,N13044|14894|0.279795,0.00616429
N13048|7421|0.324301,N13058|11167|1.17044,0.00927421
N13048|7421|0.324301,N13052|14348|1.81875,0.0139556
N13048|7421|0.324301,N13026|9197|0.544685,0.0147438
N9670|13773|0.027616,N9668|9725|1.238271,0.00230452
N13048|7421|0.324301,N13053|4954|0.008268,0.0084913
N13048|7421|0.324301,N13041|13386|2.491826,0.0147774
N13048|7421|0.324301,N13031|1964|2.547926,0.0131715
N13048|7421|0.324301,N13071|4238|1.966479,0.0147332
N13048|7421|0.324301,N13043|6617|8.289705,0.0123901
N13048|7421|0.324301,N13046|7586|0.27506,0.0069409
N13048|7421|0.324301,N13023|9255|2.431417,0.0139844
N9671|7635|4.595207,N9668|9725|1.238271,0.0123916
N9792|9321|0.958326,N9791|12428|10.528982,0.011622
N9792|9321|0.958326,N9788|12490|0.316604,0.000766731
N9559|10582|1.738924,N9561|6487|10.330842,0.0108205
N9559|10582|1.738924,N9570|4312|5.971935,0.0147315
N9559|10582|1.738924,N9567|1682|1.220902,0.0100606
N9559|10582|1.738924,N9563|10572|0.466155,0.00616436
N9791|12428|10.528982,N9788|12490|0.316604,0.012398
N9559|10582|1.738924,N9569|14020|1.47538,0.00926986
N9559|10582|1.738924,N9562|3709|4.60292,0.0116029
N9559|10582|1.738924,N9595|11314|1.260827,0.0139475
N9559|10582|1.738924,N9564|8190|1.697426,0.0100635
N9464|5466|2.500258,N9463|10192|2.595043,0.0139691
N9559|10582|1.738924,N9568|6979|2.778294,0.00772008
N9464|5466|2.500258,N9469|8841|0.631808,0.014789
N9559|10582|1.738924,N9560|8544|0.447709,0.00539419
N9559|10582|1.738924,N9565|9084|0.859842,0.0108283
N9464|5466|2.500258,N9472|2578|0.263727,0.0131859
N9464|5466|2.500258,N9461|6816|1.325411,0.00929571
N9464|5466|2.500258,N9465|7044|0.718834,0.0108329
N9464|5466|2.500258,N9476|7780|0.27861,0.0100577
N10953|13733|0.631549,N10948|2336|1.56205,0.0123961
N9559|10582|1.738924,N9566|1874|1.386538,0.00850092
N10953|13733|0.631549,N10932|10182|2.090259,0.0131898
N10953|13733|0.631549,N10950|13305|2.123607,0.0108382
N10953|13733|0.631549,N10934|13815|0.189545,0.0116232
N7639|7920|1.447249,N7650|1947|0.228713,0.0139807
N10953|13733|0.631549,N10952|8842|2.528475,0.00927863
N10953|13733|0.631549,N10936|3645|4.274939,0.0147633
N10953|13733|0.631549,N10939|4559|0.840806,0.0124075
N7639|7920|1.447249,N7643|2043|1.732487,0.00385017
N11755|7774|2.847504,N11753|8071|1.008932,0.00850398
N7639|7920|1.447249,N7642|1552|0.299216,0.00539658
N7639|7920|1.447249,N7646|5786|0.234901,0.00771962
N11755|7774|2.847504,N11750|6476|2.003128,0.012374
N7639|7920|1.447249,N7645|6102|4.01042,0.0139605
N11755|7774|2.847504,N11756|13003|2.695778,0.013942
N7639|7920|1.447249,N7649|3414|1.115455,0.0147575
N7639|7920|1.447249,N7640|6166|5.066258,0.00617495
N10847|5161|0.025112,N10857|9616|1.678103,0.0147338
N7639|7920|1.447249,N7647|13933|0.193721,0.00850138
N7639|7920|1.447249,N7638|8873|0.944734,0.00230864
N7639|7920|1.447249,N7644|8904|0.512647,0.00462631
N10847|5161|0.025112,N10848|3492|5.51461,0.0092763
N11933|11682|1.346938,N11930|13114|5.421087,0.013187
N11933|11682|1.346938,N11936|8272|0.365047,0.00461973
N11933|11682|1.346938,N11931|10185|1.121039,0.00694536
N10847|5161|0.025112,N10846|5004|2.122975,0.00230292
N8798|10092|1.601613,N8802|11494|0.339611,0.0147895
N11933|11682|1.346938,N11932|11896|0.454787,0.0015369
N11933|11682|1.346938,N11929|7509|1.103166,0.0077289
N11933|11682|1.346938,N11937|2822|2.502224,0.0085012
N8798|10092|1.601613,N8799|11668|1.481135,0.00694538
N11933|11682|1.346938,N11927|6594|5.927884,0.00616179
N8798|10092|1.601613,N8801|3206|0.419781,0.0147895
N8798|10092|1.601613,N8791|10412|2.069768,0.0116152
N9656|1913|5.39593,N9657|10606|0.515557,0.00770627
N9656|1913|5.39593,N9653|6696|0.376834,0.0139466
N11933|11682|1.346938,N11928|9652|0.075206,0.00462047
N11934|12358|41.31163,N11935|4199|32.342193,0.00693909
N8564|4408|0.742398,N8586|2351|0.429267,0.0123978
N8564|4408|0.742398,N8593|14066|6.884081,0.0139525
N8564|4408|0.742398,N8594|10280|0.478187,0.0131781
N8564|4408|0.742398,N8603|14859|1.315696,0.0100487
N8564|4408|0.742398,N8606|11109|4.121354,0.0139456
N8564|4408|0.742398,N8581|6371|0.050036,0.0100701
N8564|4408|0.742398,N8574|1551|0.966694,0.0116151
N8564|4408|0.742398,N8600|9314|0.056536,0.0100487
N9512|15130|2.215286,N9521|5050|0.145849,0.00928578
N9512|15130|2.215286,N9514|3768|3.571991,0.0108744
N9512|15130|2.215286,N9513|10514|1.389128,0.00385862
N9512|15130|2.215286,N9522|12988|0.9686,0.0147897
N9512|15130|2.215286,N9517|14682|3.914798,0.00854479
N9512|15130|2.215286,N9542|13337|0.791992,0.0147228
N9512|15130|2.215286,N9491|12440|0.015674,0.0147312
N12058|6335|6.011002,N12050|1425|0.06447,0.0139778
N11736|1645|4.834539,N11735|4128|0.027554,0.00926643
N11736|1645|4.834539,N11731|8864|0.18334,0.010838
N10619|11456|0.541607,N10620|13105|0.988803,0.00307296
N10619|11456|0.541607,N10625|13586|0.460411,0.0132033
N12965|13931|0.983906,N12955|13174|0.357512,0.0131782
N12965|13931|0.983906,N12959|8746|0.330462,0.0147333
N12965|13931|0.983906,N12960|14118|2.91166,0.0131718
N9034|11721|5.12872,N9033|6190|1.42565,0.0123917
N11024|8802|0.082224,N11017|13555|1.241138,0.0108362
N11024|8802|0.082224,N11023|10968|0.392104,0.00461642
N11024|8802|0.082224,N11025|11247|2.022415,0.00615586
N11024|8802|0.082224,N11016|10621|3.764377,0.0147261
N10518|9355|1.106462,N10539|3755|0.466474,0.0147344
N10518|9355|1.106462,N10536|5868|0.748762,0.0147313
N11024|8802|0.082224,N11026|6723|1.273592,0.0046152
N11024|8802|0.082224,N11021|5953|0.679736,0.00926704
N11024|8802|0.082224,N11018|11103|0.202635,0.00848588
N11024|8802|0.082224,N11027|6079|0.714309,0.00616991
N11024|8802|0.082224,N11015|2416|1.746828,0.010817
N11024|8802|0.082224,N11010|4955|0.212537,0.00925953
N10518|9355|1.106462,N10535|12368|0.523269,0.0123835
N8738|8823|0.411631,N8739|7629|3.377614,0.00694531
N8738|8823|0.411631,N8735|2838|0.213305,0.0116002
N8738|8823|0.411631,N8742|13436|2.073331,0.00615767
N8738|8823|0.411631,N8736|3196|1.154293,0.0108196
N8738|8823|0.411631,N8740|8574|0.953211,0.00538676
N12914|11168|0.355507,N12920|5874|3.240712,0.00927828
N12914|11168|0.355507,N12927|4477|1.2477,0.0147572
N12914|11168|0.355507,N12908|6786|1.944159,0.0092743
N12914|11168|0.355507,N12919|9151|0.917177,0.00927836
N10949|3328|1.785747,N10948|2336|1.56205,0.0046196
N12914|11168|0.355507,N12912|6916|0.539543,0.00771785
N10949|3328|1.785747,N10934|13815|0.189545,0.0147733
N12914|11168|0.355507,N12918|10244|5.925615,0.0108257
N12914|11168|0.355507,N12915|11312|1.031759,0.0131764
N11007|12108|1.303003,N11004|12869|2.963805,0.0139725
N11007|12108|1.303003,N11005|4474|0.118738,0.0100575
N11007|12108|1.303003,N11008|4530|4.301037,0.00928771
N11007|12108|1.303003,N11006|4660|3.082596,0.00771806
N8375|12452|2.482685,N8382|11492|1.764649,0.00850427
N8375|12452|2.482685,N8377|4310|0.039595,0.00694533
N8375|12452|2.482685,N8383|13994|3.54899,0.0139928
N8375|12452|2.482685,N8381|9511|0.167241,0.00772853
N11007|12108|1.303003,N11009|3420|5.450808,0.0139359
N8375|12452|2.482685,N8373|6621|4.001402,0.00771742
N8375|12452|2.482685,N8374|10238|9.3E-5,0.00694074
N10468|13503|2.975931,N10451|8351|0.152582,0.0131749
N10468|13503|2.975931,N10457|8278|1.686393,0.0147507
N10468|13503|2.975931,N10452|9184|0.524044,0.012398
N8576|2239|2.627705,N8580|13781|1.519399,0.0108247
N10468|13503|2.975931,N10458|6483|1.010701,0.0139545
N8576|2239|2.627705,N8575|6510|3.577405,0.00927366
N8576|2239|2.627705,N8569|6801|0.783191,0.0108196
N8576|2239|2.627705,N8595|10283|0.208368,0.0131948
N8576|2239|2.627705,N8563|12261|0.017251,0.013168
N10468|13503|2.975931,N10459|13491|0.273509,0.0123995
N8576|2239|2.627705,N8577|8419|1.10732,0.00848649
N8576|2239|2.627705,N8609|14094|1.142652,0.0116176
N8576|2239|2.627705,N8582|11892|0.085459,0.00849149
N8576|2239|2.627705,N8601|11429|2.258708,0.0131714
N8576|2239|2.627705,N8566|8396|2.10113,0.0147473
N8576|2239|2.627705,N8571|8832|0.01461,0.0108247
N8576|2239|2.627705,N8591|4533|1.628251,0.0139612
N10862|5217|0.345634,N10866|8307|0.180251,0.00772747
N8576|2239|2.627705,N8572|8563|2.244043,0.0116126
N8576|2239|2.627705,N8596|10492|1.664659,0.0147524
N8576|2239|2.627705,N8599|13315|1.800522,0.0147333
N8576|2239|2.627705,N8578|15099|0.090513,0.00693057
N8576|2239|2.627705,N8610|13391|2.668862,0.0139499
N8576|2239|2.627705,N8564|4408|0.742398,0.0139607
N10862|5217|0.345634,N10863|11717|0.110071,0.005414
N10862|5217|0.345634,N10865|4434|0.263375,0.00540218
N8576|2239|2.627705,N8586|2351|0.429267,0.0124171
N10862|5217|0.345634,N10861|5057|0.720329,0.00539484
N8576|2239|2.627705,N8593|14066|6.884081,0.0139736
N8576|2239|2.627705,N8594|10280|0.478187,0.0131807
N8576|2239|2.627705,N8603|14859|1.315696,0.0100498
N7632|13999|2.725452,N7636|15342|1.172048,0.0077087
N8576|2239|2.627705,N8606|11109|4.121354,0.0139753
N8576|2239|2.627705,N8581|6371|0.050036,0.0116069
N8576|2239|2.627705,N8573|5847|3.806004,0.0108195
N8576|2239|2.627705,N8574|1551|0.966694,0.00693373
N8576|2239|2.627705,N8600|9314|0.056536,0.0100497
N10204|7051|3.539049,N10203|4872|1.242529,0.00848656
N10204|7051|3.539049,N10208|13155|1.073619,0.0115968
N10204|7051|3.539049,N10198|2995|0.99406,0.0139466
N10204|7051|3.539049,N10201|9651|0.207264,0.0123792
N10598|14866|1.372435,N10601|10420|0.959582,0.0131853
N10204|7051|3.539049,N10202|10267|0.04449,0.0131647
N10204|7051|3.539049,N10206|7264|0.209338,0.0100391
N10204|7051|3.539049,N10207|15177|1.031946,0.0147397
N10598|14866|1.372435,N10599|9101|5.341018,0.00772706
N10598|14866|1.372435,N10594|11499|0.093242,0.0147451
N11949|14318|0.410416,N11948|5518|1.504695,0.00927376
N11949|14318|0.410416,N11950|7338|0.413271,0.00385862
N8498|13685|1.847306,N8492|1374|1.103492,0.00926979
N11949|14318|0.410416,N11945|6754|0.994805,0.0131673
N8498|13685|1.847306,N8490|9253|0.016372,0.00848461
N11949|14318|0.410416,N11944|13179|1.299423,0.0139527
N11949|14318|0.410416,N11943|13571|0.293141,0.0147256
N11949|14318|0.410416,N11947|8372|0.072972,0.0100487
N7982|7905|0.844102,N7986|12813|3.119491,0.0108202
N7982|7905|0.844102,N7993|13805|1.878408,0.0147475
N7982|7905|0.844102,N8002|12307|0.801992,0.0147455
N7982|7905|0.844102,N7983|10858|1.052523,0.00307299
N7982|7905|0.844102,N7995|8990|0.237236,0.0116079
N7982|7905|0.844102,N8003|11990|0.675441,0.0147455
N7982|7905|0.844102,N7996|2963|7.663557,0.0147347
N7982|7905|0.844102,N7987|8869|4.267358,0.0147189
N7982|7905|0.844102,N7985|11817|0.231441,0.00926073
N7982|7905|0.844102,N7991|2953|0.737916,0.0131688
N7982|7905|0.844102,N7994|6866|0.804501,0.0131762
N7982|7905|0.844102,N8000|10070|0.285692,0.0147578
N7982|7905|0.844102,N7990|14025|4.32546,0.0139785
N9165|6131|0.059858,N9170|13055|0.782015,0.0139546
N9165|6131|0.059858,N9172|4097|0.914498,0.0116144
N12410|12499|1.295088,N12412|8204|4.475837,0.0139527
N12410|12499|1.295088,N12413|9496|4.354702,0.0131878
N12410|12499|1.295088,N12421|5900|0.599175,0.00771838
N12410|12499|1.295088,N12419|3246|1.831145,0.0124407
N9165|6131|0.059858,N9173|6954|2.168493,0.0139546
N9165|6131|0.059858,N9166|2597|0.752052,0.00230532
N12410|12499|1.295088,N12418|1819|1.39442,0.0124072
N12410|12499|1.295088,N12411|7229|2.770489,0.00851237
N12410|12499|1.295088,N12409|11290|1.945856,0.0100703
N7228|2074|1.066336,N7227|3532|0.645177,0.00230453
N7228|2074|1.066336,N7235|9395|5.523015,0.010049
N7228|2074|1.066336,N7232|14323|1.293716,0.00538682
N7228|2074|1.066336,N7255|4944|0.47656,0.0147933
N7228|2074|1.066336,N7233|6506|1.924172,0.00852347
N12410|12499|1.295088,N12406|13475|1.0959,0.0124254
N12410|12499|1.295088,N12422|12209|1.051939,0.0100582
N12410|12499|1.295088,N12425|2070|1.092144,0.0123963
N12410|12499|1.295088,N12415|14255|3.33958,0.0147455
N12410|12499|1.295088,N12426|14918|1.027767,0.0139518
N7228|2074|1.066336,N7234|5555|2.762448,0.00616641
N12410|12499|1.295088,N12424|10163|0.680695,0.00771839
N7228|2074|1.066336,N7262|2821|1.430439,0.013962
N12465|9663|3.510964,N12462|6718|0.293305,0.0116069
N12465|9663|3.510964,N12473|13030|2.051846,0.00850198
N12465|9663|3.510964,N12472|2949|0.315673,0.0100496
N12465|9663|3.510964,N12460|14159|2.404334,0.0147473
N12465|9663|3.510964,N12553|5590|1.684612,0.0147573
N12465|9663|3.510964,N12482|15143|0.193936,0.0139906
N12465|9663|3.510964,N12527|9237|0.448218,0.0139895
N12465|9663|3.510964,N12518|9895|2.414444,0.0116579
N12465|9663|3.510964,N12504|8693|0.601243,0.0139907
N12343|13135|1.319933,N12341|3312|2.542448,0.0147732
N12465|9663|3.510964,N12519|10480|2.16617,0.0100758
N12465|9663|3.510964,N12550|8083|0.027918,0.0116346
N12465|9663|3.510964,N12588|14367|1.187912,0.0147697
N12465|9663|3.510964,N12492|6139|1.973109,0.0147495
N12465|9663|3.510964,N12554|10454|0.637343,0.0116293
N12465|9663|3.510964,N12500|10430|1.273377,0.0147569
N12465|9663|3.510964,N12534|12395|1.442349,0.013213
N12465|9663|3.510964,N12497|5875|0.074333,0.011614
N12465|9663|3.510964,N12517|2545|1.034848,0.010854
N12465|9663|3.510964,N12529|4469|3.56161,0.0139995
N12465|9663|3.510964,N12528|11921|2.139033,0.0148103
N12465|9663|3.510964,N12476|9967|1.35257,0.0100834
N12465|9663|3.510964,N12461|3483|0.725069,0.0131715
N12343|13135|1.319933,N12326|10017|0.968429,0.013967
N13038|5659|0.004577,N13035|2966|0.267509,0.0139722
N13038|5659|0.004577,N13037|5916|0.842589,0.000767626
N9254|3463|2.407725,N9253|2418|0.955279,0.00771935
N9254|3463|2.407725,N9260|6145|0.076925,0.013186
N9254|3463|2.407725,N9278|8324|0.126293,0.0139939
N7594|4484|2.441064,N7591|13923|0.380598,0.0140136
N9254|3463|2.407725,N9259|8520|0.048263,0.0124091
N9254|3463|2.407725,N9256|2757|2.040753,0.0147563
N9254|3463|2.407725,N9257|6339|0.058928,0.0132004
N9254|3463|2.407725,N9255|14771|0.350205,0.0132005
N9254|3463|2.407725,N9281|5602|0.079699,0.0147717
N11819|4487|0.110916,N11808|11992|1.485664,0.0147498
N11819|4487|0.110916,N11842|13507|2.938431,0.0139696
N11819|4487|0.110916,N11797|9811|2.536506,0.0147678
N11819|4487|0.110916,N11795|11647|0.638361,0.0139805
N11819|4487|0.110916,N11821|8630|1.302247,0.00849278
N11819|4487|0.110916,N11832|5076|0.375143,0.0132125
N11819|4487|0.110916,N11818|14577|0.522973,0.000767611
N11819|4487|0.110916,N11816|5165|3.807683,0.00617293
N11819|4487|0.110916,N11845|7795|0.316845,0.0116174
N11819|4487|0.110916,N11822|13844|1.50106,0.0108197
N11819|4487|0.110916,N11833|10670|4.114445,0.0139562
N7888|14734|0.687928,N7880|14548|0.022265,0.0131865
N11819|4487|0.110916,N11829|6136|3.535808,0.0116155
N11819|4487|0.110916,N11820|2273|0.700337,0.0053973
N11819|4487|0.110916,N11826|10781|1.093903,0.00850014
N11819|4487|0.110916,N11805|9530|2.079066,0.0147699
N11819|4487|0.110916,N11824|12275|0.381059,0.00926686
N11819|4487|0.110916,N11799|11006|0.930139,0.0139805
N11819|4487|0.110916,N11812|8304|1.873095,0.0131963
N11819|4487|0.110916,N11801|13264|1.168057,0.0147497
N11819|4487|0.110916,N11844|10359|0.208095,0.0124057
N12855|12932|0.121879,N12860|14526|0.857363,0.00616431
N12855|12932|0.121879,N12854|10321|0.961383,0.00461514
N7888|14734|0.687928,N7876|5721|1.21441,0.0147255
N7888|14734|0.687928,N7878|13273|0.48581,0.0131747
N12855|12932|0.121879,N12846|4291|6.168948,0.00926981
N7888|14734|0.687928,N7886|11490|0.911306,0.0131622
N12855|12932|0.121879,N12668|15202|0.179902,0.0139533
N12855|12932|0.121879,N12670|10894|2.37048,0.0147446
N12855|12932|0.121879,N12735|13411|1.300204,0.0147429
N12855|12932|0.121879,N12852|10783|5.158124,0.0139467
N12855|12932|0.121879,N12847|11170|0.171541,0.00384525
N12855|12932|0.121879,N12849|2927|0.153846,0.0061653
N7888|14734|0.687928,N7881|5503|0.713161,0.0123976
N7888|14734|0.687928,N7877|6834|2.985305,0.0123874
N9647|5456|0.710808,N9649|12671|0.640512,0.00616956
N9647|5456|0.710808,N9645|7861|2.229129,0.0139925
N10022|2303|0.938369,N10025|12478|4.386625,0.0100443
N10022|2303|0.938369,N10023|8197|0.633885,0.00384333
N10022|2303|0.938369,N10041|3276|0.238204,0.0147457
N10022|2303|0.938369,N10020|8489|0.420635,0.0023029
N10022|2303|0.938369,N10026|6382|0.390611,0.00693816
N9647|5456|0.710808,N9648|3195|1.423632,0.00616956
N11123|11876|0.935761,N11124|12683|5.378426,0.0132012
N11123|11876|0.935761,N11109|4048|0.697151,0.0132173
N11123|11876|0.935761,N11125|15318|0.689442,0.00384624
N11123|11876|0.935761,N11130|3135|1.45532,0.0132566
N11123|11876|0.935761,N11113|10029|0.854518,0.0132172
N11123|11876|0.935761,N11118|3441|0.266943,0.0140329
N10022|2303|0.938369,N10032|5670|1.922361,0.0131783
N10022|2303|0.938369,N10021|3367|1.749419,0.00307172
N10022|2303|0.938369,N10031|9388|0.138167,0.0131841
N11123|11876|0.935761,N11127|10312|2.573578,0.0061583
N11123|11876|0.935761,N11108|5884|0.77288,0.0132173
N11123|11876|0.935761,N11097|12564|1.398948,0.013236
N10022|2303|0.938369,N10024|11221|2.732505,0.00616176
N7536|11898|1.138579,N7518|2285|0.665719,0.012409
N7536|11898|1.138579,N7522|4237|0.734102,0.0132379
N7536|11898|1.138579,N7521|14868|1.070535,0.0132425
N7536|11898|1.138579,N7519|6406|1.156999,0.0132379
N7536|11898|1.138579,N7523|6854|0.116439,0.01479
N7536|11898|1.138579,N7534|5987|0.306367,0.00385868
N7536|11898|1.138579,N7532|11177|0.150479,0.00463704
N7536|11898|1.138579,N7517|11346|0.636323,0.0124102
N7536|11898|1.138579,N7528|1998|1.594102,0.010878
N7536|11898|1.138579,N7535|15379|0.344831,0.00462631
N7536|11898|1.138579,N7526|14207|0.370422,0.00929874
N7536|11898|1.138579,N7533|13695|0.987302,0.00777295
N7536|11898|1.138579,N7531|12465|1.898525,0.0147682
N7536|11898|1.138579,N7530|5931|0.470247,0.0124103
N7536|11898|1.138579,N7556|6176|0.951097,0.0147719
N7536|11898|1.138579,N7555|11252|0.72638,0.0132005
N7536|11898|1.138579,N7514|9617|2.501809,0.0147718
N10092|12502|0.477099,N10074|15315|1.628929,0.0100532
N10092|12502|0.477099,N10120|14797|0.689443,0.0131867
N10092|12502|0.477099,N10080|5024|2.17992,0.00771333
N10092|12502|0.477099,N10066|5044|1.170769,0.0108266
N10092|12502|0.477099,N10059|6683|3.021529,0.0147405
N10092|12502|0.477099,N10089|1801|0.434429,0.00926996
N9779|7230|2.871672,N9780|4463|1.049062,0.0132165
N9779|7230|2.871672,N9776|7606|0.763841,0.0147576
N10092|12502|0.477099,N10079|14260|1.084337,0.010824
N10092|12502|0.477099,N10091|7534|8.361441,0.01395
N10092|12502|0.477099,N10125|13211|1.537075,0.0100583
N10092|12502|0.477099,N10055|11120|1.771627,0.0116089
N10092|12502|0.477099,N10118|13187|0.232964,0.0116111
N10092|12502|0.477099,N10112|11408|0.746142,0.0116216
N10092|12502|0.477099,N10075|10071|1.185983,0.0100532
N10092|12502|0.477099,N10069|12002|1.22255,0.0108148
N10092|12502|0.477099,N10108|15254|0.732074,0.0131867
N10092|12502|0.477099,N10109|11778|1.407404,0.0147456
N10092|12502|0.477099,N10068|11807|1.557756,0.00771916
N10092|12502|0.477099,N10063|11014|3.925773,0.00928392
N8739|7629|3.377614,N8742|13436|2.073331,0.0116008
N10092|12502|0.477099,N10122|2041|0.602855,0.00849046
N10092|12502|0.477099,N10107|7721|1.979724,0.0147457
N10092|12502|0.477099,N10053|7659|0.406937,0.0124138
N10092|12502|0.477099,N10104|2840|1.02207,0.0123793
N10092|12502|0.477099,N10124|12667|2.251802,0.0100583
N10092|12502|0.477099,N10065|8060|1.039306,0.00771335
N10092|12502|0.477099,N10111|11577|0.639357,0.0116153
N10092|12502|0.477099,N10094|7322|3.27339,0.00230329
N10092|12502|0.477099,N10054|3102|1.294006,0.0116121
N10092|12502|0.477099,N10096|4634|3.033585,0.0023033
N10092|12502|0.477099,N10126|7006|1.472433,0.0116331
N8739|7629|3.377614,N8740|8574|0.953211,0.0108322
N10092|12502|0.477099,N10078|2341|1.12871,0.0131634
N10092|12502|0.477099,N10071|1580|0.257818,0.0108499
N10092|12502|0.477099,N10052|2635|1.577136,0.0116001
N10092|12502|0.477099,N10113|13294|0.443123,0.0132002
N10092|12502|0.477099,N10082|5613|2.048412,0.011601
N10092|12502|0.477099,N10090|3024|3.711051,0.0123779
N12827|7021|0.494991,N12839|3259|2.23288,0.0116082
N10092|12502|0.477099,N10127|9599|0.325855,0.0116205
N10092|12502|0.477099,N10116|10026|2.262191,0.0147563
N10092|12502|0.477099,N10060|3824|0.405696,0.0100422
N12827|7021|0.494991,N12822|1932|2.476291,0.00771822
N12827|7021|0.494991,N12829|15189|0.468004,0.0061617
N10092|12502|0.477099,N10083|10662|0.54533,0.00927038
N12827|7021|0.494991,N12826|10353|2.203998,0.00770877
N10092|12502|0.477099,N10058|7641|2.216887,0.0108149
N10092|12502|0.477099,N10062|10532|0.956953,0.0100487
N12827|7021|0.494991,N12819|6009|0.132923,0.0108234
N12827|7021|0.494991,N12824|13110|5.024155,0.0124228
N10092|12502|0.477099,N10088|8467|3.918434,0.0123918
N10092|12502|0.477099,N10119|10803|0.316622,0.0116111
N10092|12502|0.477099,N10105|6840|2.06747,0.0100392
N12827|7021|0.494991,N12837|3001|4.039749,0.0131765
N10092|12502|0.477099,N10061|3384|0.179959,0.00539012
N12827|7021|0.494991,N12840|8247|1.106403,0.00693325
N10092|12502|0.477099,N10087|7836|0.189476,0.0116111
N10092|12502|0.477099,N9858|7228|0.829383,0.0147631
N10092|12502|0.477099,N10110|10994|0.926104,0.01241
N10092|12502|0.477099,N10076|15281|0.628564,0.00927603
N10092|12502|0.477099,N10067|11032|3.668257,0.0139936
N12827|7021|0.494991,N12834|6657|0.028154,0.00538835
N10092|12502|0.477099,N10081|3877|1.475931,0.010045
N10092|12502|0.477099,N10057|13681|0.686815,0.00927373
N10092|12502|0.477099,N10098|1882|0.259388,0.0147455
N12827|7021|0.494991,N12842|5983|3.233808,0.00849174
N12827|7021|0.494991,N12668|15202|0.179902,0.0147138
N12827|7021|0.494991,N12838|7539|1.101225,0.0108324
N12827|7021|0.494991,N12735|13411|1.300204,0.0147188
N12827|7021|0.494991,N12812|2089|1.926513,0.00926537
N9561|6487|10.330842,N9567|1682|1.220902,0.0116197
N9561|6487|10.330842,N9563|10572|0.466155,0.0077115
N9561|6487|10.330842,N9569|14020|1.47538,0.010824
N9561|6487|10.330842,N9562|3709|4.60292,0.0147191
N9561|6487|10.330842,N9564|8190|1.697426,0.0116083
N9561|6487|10.330842,N9568|6979|2.778294,0.0092644
N10210|12616|0.039377,N10202|10267|0.04449,0.0139774
N9561|6487|10.330842,N9560|8544|0.447709,0.00693332
N9561|6487|10.330842,N9565|9084|0.859842,0.0123779
N7946|8602|0.632918,N7949|2592|2.436013,0.0148304
N9561|6487|10.330842,N9566|1874|1.386538,0.0100422
N10341|11786|4.026213,N10340|4232|1.303956,0.0147574
N7636|15342|1.172048,N7633|11570|4.633807,0.0116388
N11606|7388|0.162691,N11613|13304|1.663156,0.00538681
N11606|7388|0.162691,N11611|3842|2.309476,0.00384395
N11550|10264|0.181712,N11516|14668|1.331577,0.0116258
N11550|10264|0.181712,N11553|8000|0.589907,0.00772745
N11550|10264|0.181712,N11557|10219|4.330345,0.0139697
N11550|10264|0.181712,N11522|6810|0.157009,0.00928461
N11550|10264|0.181712,N11527|3922|0.260128,0.0100701
N11606|7388|0.162691,N11600|4625|0.576178,0.00927469
N11606|7388|0.162691,N11593|9226|1.599335,0.0100445
N11606|7388|0.162691,N11618|14976|1.619459,0.0140427
N11550|10264|0.181712,N11512|5617|0.436129,0.0116333
N11550|10264|0.181712,N11544|14963|1.302651,0.00771317
N11550|10264|0.181712,N11513|14873|1.613532,0.0116257
N11550|10264|0.181712,N11521|2839|0.149121,0.00694801
N11550|10264|0.181712,N11507|6607|1.978532,0.0132041
N11550|10264|0.181712,N11556|10035|3.080027,0.00771742
N11550|10264|0.181712,N11519|4528|1.340794,0.0124104
N11606|7388|0.162691,N11617|2162|3.315706,0.0147437
N11606|7388|0.162691,N11607|13674|2.220092,0.00230454
N11550|10264|0.181712,N11545|12365|0.79407,0.0100489
N11606|7388|0.162691,N11614|15324|0.132472,0.00539354
N11550|10264|0.181712,N11538|11013|1.022348,0.0147905
N11606|7388|0.162691,N11620|14204|1.80573,0.0139977
N10054|3102|1.294006,N10096|4634|3.033585,0.0123863
N11550|10264|0.181712,N11520|7771|1.551812,0.0147788
N11550|10264|0.181712,N11549|2223|0.51089,0.00771741
N10054|3102|1.294006,N10052|2635|1.577136,0.00770391
N11550|10264|0.181712,N11530|12697|1.748775,0.0147578
N11550|10264|0.181712,N11546|4490|1.028815,0.00926988
N11550|10264|0.181712,N11551|2027|0.878688,0.0108466
N10054|3102|1.294006,N10083|10662|0.54533,0.0147562
N11550|10264|0.181712,N11524|6585|0.421476,0.0100517
N11550|10264|0.181712,N11563|10056|0.209228,0.0131924
N11550|10264|0.181712,N11558|4971|0.648042,0.00851152
N11550|10264|0.181712,N11539|11393|0.198572,0.0132012
N11550|10264|0.181712,N11528|1503|1.918436,0.0147589
N10054|3102|1.294006,N10061|3384|0.179959,0.0124102
N10054|3102|1.294006,N10076|15281|0.628564,0.0147457
N11550|10264|0.181712,N11509|7537|0.30586,0.0100517
N11550|10264|0.181712,N11536|8711|0.193032,0.0131943
N11550|10264|0.181712,N11525|1465|2.743465,0.0139932
N11550|10264|0.181712,N11526|15011|1.043239,0.00852359
N11550|10264|0.181712,N11529|10443|1.930225,0.0116492
N11550|10264|0.181712,N11543|4427|0.832731,0.008493
N10054|3102|1.294006,N10057|13681|0.686815,0.0132003
N11550|10264|0.181712,N11552|14034|0.499465,0.00695557
N11550|10264|0.181712,N11555|3021|1.953023,0.00928417
N11550|10264|0.181712,N11548|11137|5.21459,0.0123903
N11902|9187|0.139614,N11900|8751|0.319047,0.00230529
N11902|9187|0.139614,N11904|12206|1.611985,0.0131613
N11902|9187|0.139614,N11905|1391|0.365266,0.0123779
N11902|9187|0.139614,N11874|8213|2.421832,0.0147728
N11902|9187|0.139614,N11901|12383|0.637445,0.00230454
N11902|9187|0.139614,N11871|11403|1.151245,0.0108587
N11902|9187|0.139614,N11868|14230|1.45543,0.0132183
N11737|8861|2.039257,N11735|4128|0.027554,0.011607
N11737|8861|2.039257,N11731|8864|0.18334,0.013176
N11902|9187|0.139614,N11887|8446|0.150078,0.0147433
N11902|9187|0.139614,N11898|12236|0.570303,0.0131906
N11902|9187|0.139614,N11872|13893|0.229403,0.0139815
N11902|9187|0.139614,N11862|13421|2.727201,0.0140374
N11902|9187|0.139614,N11896|7098|0.209161,0.0124141
N8236|7663|0.449271,N8238|14320|0.980953,0.006939
N8236|7663|0.449271,N8237|2182|0.011431,0.00230471
N11902|9187|0.139614,N11897|9610|0.038403,0.011626
N11902|9187|0.139614,N11859|10707|1.084598,0.0108243
N11902|9187|0.139614,N11903|5159|0.285236,0.00384394
N11902|9187|0.139614,N11891|11355|0.511365,0.0131613
N11902|9187|0.139614,N11863|6226|0.321138,0.0131787
N8236|7663|0.449271,N8240|6200|0.610919,0.0108451
N11902|9187|0.139614,N11867|7533|0.320478,0.0124255
N11902|9187|0.139614,N11864|12078|0.107577,0.012414
N11902|9187|0.139614,N11869|10918|2.620545,0.0147749
N11902|9187|0.139614,N11866|9059|0.195271,0.0131958
N11187|14827|2.140697,N11184|14731|1.232925,0.0139529
N11187|14827|2.140697,N11186|8117|0.703739,0.00771986
N11187|14827|2.140697,N11182|8257|0.643248,0.0123984
N11187|14827|2.140697,N11185|3623|0.186886,0.0116028
N10476|3950|0.968594,N10477|13531|0.072022,0.00539406
N10476|3950|0.968594,N10469|5588|0.391991,0.0131833
N10476|3950|0.968594,N10478|10044|0.490332,0.0100611
N11187|14827|2.140697,N11174|7612|0.80396,0.0139529
N11187|14827|2.140697,N11180|1876|0.387964,0.00926675
N11310|5739|0.947455,N11312|5572|2.450101,0.00773979
N8684|2595|0.762075,N8688|4850|0.262757,0.0132007
N8684|2595|0.762075,N8682|2017|0.76434,0.0131676
N8684|2595|0.762075,N8685|8382|2.471957,0.00462816
N8684|2595|0.762075,N8679|11931|0.669346,0.0108265
N8684|2595|0.762075,N8686|3829|3.228244,0.0108355
N8684|2595|0.762075,N8687|12321|2.324755,0.0123967
N8684|2595|0.762075,N8691|3049|1.408434,0.0139781
N12276|15364|0.213973,N12275|11037|0.312229,0.0053906
N12276|15364|0.213973,N12286|2249|1.484521,0.0131733
N12276|15364|0.213973,N12281|5227|0.377566,0.00539011
N12276|15364|0.213973,N12265|13006|0.725666,0.0139692
N12276|15364|0.213973,N12266|5430|2.464993,0.00927837
N12276|15364|0.213973,N12287|7526|3.375562,0.0123772
N12276|15364|0.213973,N12274|1564|2.603046,0.0116023
N12276|15364|0.213973,N12268|5064|2.239905,0.0131867
N10942|12337|1.821038,N10944|5950|2.96748,0.0147714
N10942|12337|1.821038,N10934|13815|0.189545,0.0147454
N8718|4679|0.041973,N8711|2976|0.067598,0.00927837
N8718|4679|0.041973,N8715|1711|0.13758,0.00928259
N8718|4679|0.041973,N8712|8641|0.234128,0.0108353
N8718|4679|0.041973,N8713|12991|2.122045,0.0147504
N8718|4679|0.041973,N8728|8836|1.084428,0.0139926
N8718|4679|0.041973,N8706|10211|1.95804,0.0131763
N11938|2212|0.234243,N11943|13571|0.293141,0.0116069
N11938|2212|0.234243,N11947|8372|0.072972,0.0147391
N11938|2212|0.234243,N11942|13263|1.774592,0.0147504
N12711|11156|2.405908,N12698|2168|0.184657,0.0147559
N8501|11795|1.301312,N8500|2118|0.566395,0.00230531
N8750|10260|0.494581,N8752|3556|2.420544,0.0100582
N8750|10260|0.494581,N8746|11359|1.571353,0.0140199
N8750|10260|0.494581,N8748|7801|0.988138,0.0131909
N8750|10260|0.494581,N8749|12375|2.284148,0.00617476
N8501|11795|1.301312,N8502|10376|2.276196,0.00616637
N8750|10260|0.494581,N8744|3173|0.097836,0.0108616
N11661|1883|0.916116,N11672|11799|2.354447,0.0139617
N11661|1883|0.916116,N11702|14744|0.617456,0.0148334
N11661|1883|0.916116,N11674|6359|4.11301,0.0147497
N8750|10260|0.494581,N8745|9801|1.55755,0.0124252
N11661|1883|0.916116,N11673|5800|0.170139,0.0131749
N11661|1883|0.916116,N11666|12127|1.023498,0.00850219
N11661|1883|0.916116,N11679|11343|0.672931,0.00848666
N11661|1883|0.916116,N11681|13181|1.679551,0.00770882
N11661|1883|0.916116,N11714|12412|4.098774,0.0140147
N11661|1883|0.916116,N11711|5342|0.529197,0.012414
N11661|1883|0.916116,N11664|11254|0.625896,0.00772378
N11661|1883|0.916116,N11662|14010|1.873188,0.0069381
N11661|1883|0.916116,N11670|2581|1.385504,0.00926554
N11661|1883|0.916116,N11682|5969|0.745534,0.0100512
N12254|7275|2.19655,N12255|8455|5.011073,0.0132234
N12254|7275|2.19655,N12250|7818|1.862516,0.0147885
N12254|7275|2.19655,N12256|5110|1.787743,0.0147731
N9072|4235|1.055492,N9082|6397|0.367536,0.00771849
N9072|4235|1.055492,N9086|13394|0.878173,0.00849635
N9072|4235|1.055492,N9063|14968|3.46223,0.0131902
N9072|4235|1.055492,N9060|5017|1.651897,0.0100489
N9072|4235|1.055492,N9019|1759|3.21172,0.0147805
N9072|4235|1.055492,N9079|12702|0.242011,0.00849168
N9072|4235|1.055492,N9093|4904|4.408737,0.0147575
N9072|4235|1.055492,N9070|12994|1.368415,0.00771801
N9072|4235|1.055492,N9066|8542|2.20717,0.00772745
N9072|4235|1.055492,N9073|8685|2.253138,0.0116409
N9072|4235|1.055492,N9018|7028|1.271107,0.0140017
N9072|4235|1.055492,N9076|5982|3.03622,0.0116002
N9072|4235|1.055492,N9059|3952|0.117079,0.00850025
N9072|4235|1.055492,N9020|4424|0.845904,0.0148199
N9072|4235|1.055492,N9090|5865|0.111667,0.00616435
N9072|4235|1.055492,N9069|8647|2.490183,0.00772773
N9072|4235|1.055492,N9075|13959|2.641422,0.00850062
N9072|4235|1.055492,N9058|3054|0.871612,0.0116092
N9072|4235|1.055492,N9074|12197|2.750243,0.00926587
N8816|11877|6.49092,N8808|7597|2.501861,0.0147478
N7807|5047|9.200318,N7808|15032|3.913576,0.014789
N8816|11877|6.49092,N8809|7652|0.05461,0.0131834
N7807|5047|9.200318,N7809|1946|1.370953,0.0124089
N12988|5294|0.324096,N12998|8221|0.848825,0.0100411
N12988|5294|0.324096,N12996|11426|0.862639,0.0100442
N12988|5294|0.324096,N12987|13617|0.236659,0.00926534
N7518|2285|0.665719,N7522|4237|0.734102,0.00850092
N12988|5294|0.324096,N12992|10856|1.925319,0.00616113
N7518|2285|0.665719,N7521|14868|1.070535,0.00693892
N7518|2285|0.665719,N7551|6559|0.176527,0.0123945
N7518|2285|0.665719,N7548|5956|1.281553,0.0139559
N7518|2285|0.665719,N7519|6406|1.156999,0.00694101
N7518|2285|0.665719,N7552|7170|0.592517,0.0147506
N7518|2285|0.665719,N7523|6854|0.116439,0.0100392
N7518|2285|0.665719,N7534|5987|0.306367,0.0100488
N12988|5294|0.324096,N12986|8658|4.09695,0.0100441
N7518|2285|0.665719,N7524|3321|2.534676,0.0131699
N12988|5294|0.324096,N12997|12399|1.005863,0.0116107
N12988|5294|0.324096,N12977|12673|1.17305,0.00848646
N7518|2285|0.665719,N7532|11177|0.150479,0.012409
N7518|2285|0.665719,N7541|6674|0.832864,0.0123771
N7518|2285|0.665719,N7546|4592|0.931722,0.0131612
N7518|2285|0.665719,N7517|11346|0.636323,0.00307297
N8802|11494|0.339611,N8799|11668|1.481135,0.0139726
N7518|2285|0.665719,N7528|1998|1.594102,0.00927371
N7518|2285|0.665719,N7535|15379|0.344831,0.0123978
N7518|2285|0.665719,N7526|14207|0.370422,0.00771153
N8802|11494|0.339611,N8801|3206|0.419781,0
N8802|11494|0.339611,N8805|12897|6.12221,0.0132174
N7518|2285|0.665719,N7516|3203|2.842382,0.00694086
N7518|2285|0.665719,N7533|13695|0.987302,0.0139939
N7518|2285|0.665719,N7531|12465|1.898525,0.0147632
N7518|2285|0.665719,N7543|1554|2.449295,0.0139461
N7518|2285|0.665719,N7530|5931|0.470247,0.0123916
N7518|2285|0.665719,N7556|6176|0.951097,0.0116009
N7518|2285|0.665719,N7555|11252|0.72638,0.0100392
N7518|2285|0.665719,N7514|9617|2.501809,0.00384793
N7518|2285|0.665719,N7515|11916|1.841037,0.00461962
N7973|13302|1.627927,N7967|11700|3.368369,0.0147346
N7973|13302|1.627927,N7970|1738|1.769525,0.0100608
N7518|2285|0.665719,N7545|8538|0.438066,0.0131648
N7973|13302|1.627927,N7971|8913|2.621888,0.0100722
N7988|1960|6.039978,N7986|12813|3.119491,0.0147346
N7973|13302|1.627927,N7969|12803|3.220822,0.0116331
N11465|1674|3.954232,N11466|6960|0.69333,0.0147508
N11465|1674|3.954232,N11439|4031|5.949013,0.0139696
N11465|1674|3.954232,N11460|4546|1.523002,0.0100448
N11465|1674|3.954232,N11463|14878|1.463977,0.0108244
N11465|1674|3.954232,N11447|15071|0.379129,0.0123917
N11465|1674|3.954232,N11455|6968|3.156725,0.013169
N11465|1674|3.954232,N11452|2698|0.399768,0.0116205
N11988|14860|2.440456,N11982|8400|0.852639,0.0147331
N11988|14860|2.440456,N11980|8650|1.136375,0.0139525
N11988|14860|2.440456,N11979|10096|0.769496,0.0131744
N11988|14860|2.440456,N11971|12636|0.690138,0.0123776
N9316|2248|1.041579,N9320|14519|1.121199,0.00617305
N9316|2248|1.041579,N9312|11152|6.701101,0.0124015
N9316|2248|1.041579,N9313|12927|2.952578,0.0132359
N9316|2248|1.041579,N9321|8664|0.8956,0.0147625
N12335|5374|3.451776,N12328|14516|2.112601,0.0116341
N9316|2248|1.041579,N9323|2216|0.376204,0.0116124
N9316|2248|1.041579,N9314|12722|3.282221,0.00462386
N9316|2248|1.041579,N9317|2700|0.779916,0.00616743
N12335|5374|3.451776,N12336|6471|2.511308,0.00928686
N9316|2248|1.041579,N9326|7552|0.69364,0.010838
N12335|5374|3.451776,N12334|12617|5.728524,0.0140005
N12275|11037|0.312229,N12286|2249|1.484521,0.0139515
N12275|11037|0.312229,N12281|5227|0.377566,0.00616145
N12275|11037|0.312229,N12265|13006|0.725666,0.0147474
N9316|2248|1.041579,N9315|14193|0.052861,0
N12275|11037|0.312229,N12271|3995|5.85903,0.0100322
N9316|2248|1.041579,N9318|10710|0.589619,0.00617305
N9316|2248|1.041579,N9325|4983|1.773833,0.0123903
N12275|11037|0.312229,N12266|5430|2.464993,0.0100528
N9316|2248|1.041579,N9324|10213|1.234839,0.0131802
N12275|11037|0.312229,N12287|7526|3.375562,0.0131552
N12275|11037|0.312229,N12274|1564|2.603046,0.00615821
N12275|11037|0.312229,N12268|5064|2.239905,0.00771836
N12163|7913|0.357563,N12164|6999|5.031408,0.011625
N12803|2064|0.265817,N12804|2693|0.587741,0.013161
N12803|2064|0.265817,N12795|4574|2.553366,0.0100446
N12803|2064|0.265817,N12805|7599|5.251764,0.0116007
N12803|2064|0.265817,N12769|13527|0.825958,0.0123939
N12803|2064|0.265817,N12754|12915|1.230618,0.0139651
N12803|2064|0.265817,N12802|8143|0.716222,0.00307831
N12803|2064|0.265817,N12797|2791|0.77827,0.00849297
N9375|5964|3.852937,N9374|14933|0.113524,0.0147429
N12803|2064|0.265817,N12747|10085|0.02083,0.0116141
N9375|5964|3.852937,N9376|3820|4.286804,0.0139418
N12803|2064|0.265817,N12765|5223|0.290977,0.0131761
N12803|2064|0.265817,N12763|9214|0.250753,0.0131675
N12803|2064|0.265817,N12791|3432|1.382532,0.0124031
N12803|2064|0.265817,N12794|1915|0.264954,0.00926071
N12803|2064|0.265817,N12748|6117|1.604552,0.0131593
N12803|2064|0.265817,N12735|13411|1.300204,0.0131713
N11372|12201|0.528123,N11362|7194|3.032929,0.0116481
N12803|2064|0.265817,N12782|13348|2.56449,0.0139409
N11372|12201|0.528123,N11374|15212|0.725506,0.00384183
N11372|12201|0.528123,N11376|5789|2.167538,0.0069564
N11372|12201|0.528123,N11377|6057|0.712908,0.00385015
N11372|12201|0.528123,N11379|10625|5.50537,0.0124017
N11372|12201|0.528123,N11380|13281|0.01983,0.00616734
N11372|12201|0.528123,N11413|8686|1.389957,0.0132038
N11372|12201|0.528123,N11412|1935|0.128139,0.0132038
N11372|12201|0.528123,N11389|5327|0.431325,0.00694619
N11372|12201|0.528123,N11359|1668|1.581908,0.012398
N11372|12201|0.528123,N11368|5646|1.05269,0.00461968
N7708|1985|3.580754,N7706|8855|0.313487,0.00927434
N11372|12201|0.528123,N11369|6481|3.764338,0.0108588
N11372|12201|0.528123,N11378|12634|1.329419,0.00462045
N11372|12201|0.528123,N11410|2057|0.924361,0.0140319
N11372|12201|0.528123,N11388|9433|0.079396,0.0092839
N11372|12201|0.528123,N11367|6891|0.732076,0.00462626
N11372|12201|0.528123,N11386|14685|4.001875,0.014835
N11372|12201|0.528123,N11411|13952|0.296443,0.0139857
N11372|12201|0.528123,N11333|15173|0.298044,0.0147589
N11372|12201|0.528123,N11334|12468|1.530882,0.014751
N11372|12201|0.528123,N11365|7096|0.63038,0.00693615
N11372|12201|0.528123,N11363|15066|0.637353,0.00616178
N11372|12201|0.528123,N11371|5903|1.512719,0.0015369
N11372|12201|0.528123,N11385|11164|3.283753,0.0139936
N11372|12201|0.528123,N11373|7146|0.687377,0.00153463
N11372|12201|0.528123,N11366|6591|5.541124,0.00616115
N11372|12201|0.528123,N11358|3722|2.637675,0.010064
N11372|12201|0.528123,N11375|8477|0.703535,0.00539657
N11372|12201|0.528123,N11384|2281|1.186815,0.00539015
N11372|12201|0.528123,N11361|9367|0.658486,0.00694105
N8592|5055|2.510444,N8586|2351|0.429267,0.00928664
N8592|5055|2.510444,N8593|14066|6.884081,0.00461766
N8592|5055|2.510444,N8594|10280|0.478187,0.00384653
N8592|5055|2.510444,N8597|3589|2.374505,0.0108353
N8592|5055|2.510444,N8603|14859|1.315696,0.0100528
N8592|5055|2.510444,N8606|11109|4.121354,0.0139729
N8592|5055|2.510444,N8585|6747|4.03225,0.0147399
N8976|4952|1.641116,N8977|12250|0.173042,0.0147588
N8592|5055|2.510444,N8581|6371|0.050036,0.0116254
N8592|5055|2.510444,N8574|1551|0.966694,0.013183
N8592|5055|2.510444,N8600|9314|0.056536,0.0100528
N8976|4952|1.641116,N8975|7979|3.131853,0.0147637
N8976|4952|1.641116,N8973|10145|2.089194,0.0131955
N8976|4952|1.641116,N8971|9569|0.51094,0.0131841
N9604|2901|1.297017,N9611|15371|0.993276,0.00771838
N9604|2901|1.297017,N9609|10128|0.284588,0.00539012
N9604|2901|1.297017,N9606|2531|2.031099,0.00616438
N11343|8963|0.912473,N11341|1534|0.522167,0.00771858
N9604|2901|1.297017,N9608|11572|0.374229,0.0061673
N11343|8963|0.912473,N11338|6284|0.838038,0.00772007
N11343|8963|0.912473,N11342|12058|0.836972,0.0124079
N11343|8963|0.912473,N11335|6922|0.684495,0.00927473
N11343|8963|0.912473,N11340|11729|1.463688,0.0108582
N11343|8963|0.912473,N11347|2446|1.827773,0.0140128
N12940|4613|2.371288,N12936|9408|1.751777,0.0139935
N11343|8963|0.912473,N11345|10231|0.07044,0.00385874
N11343|8963|0.912473,N11357|7423|1.888211,0.0132177
N11343|8963|0.912473,N11344|5304|0.017475,0.00385874
N11343|8963|0.912473,N11353|6988|0.241705,0.0131875
N11343|8963|0.912473,N11354|2427|0.080642,0.0147914
N12940|4613|2.371288,N12942|5153|0.602411,0.00462037
N11343|8963|0.912473,N11337|14009|3.192114,0.00772753
N12940|4613|2.371288,N12941|9337|0.554667,0.00230468
N11343|8963|0.912473,N11356|6647|1.107781,0.0124107
N12940|4613|2.371288,N12935|8245|0.75658,0.00851213
N12940|4613|2.371288,N12938|6210|0.131432,0.00771971
N12940|4613|2.371288,N12944|4268|0.462966,0.0116252
N12940|4613|2.371288,N12937|9390|3.710691,0.0139772
N11343|8963|0.912473,N11336|1750|1.140954,0.0084928
N11343|8963|0.912473,N11333|15173|0.298044,0.0116113
N11343|8963|0.912473,N11334|12468|1.530882,0.00848669
N8642|3584|2.35773,N8641|4497|0.145991,0.0100718
N11343|8963|0.912473,N11346|13045|2.514867,0.0139851
N8642|3584|2.35773,N8640|10919|1.326289,0.0132189
N10471|1868|1.160258,N10475|8975|0.101163,0.0131763
N10471|1868|1.160258,N10470|11611|5.625047,0.00850001
N10471|1868|1.160258,N10474|2967|0.351916,0.00539631
N11204|14459|1.246016,N11203|11166|2.317383,0.00616728
N10471|1868|1.160258,N10472|15362|0.90256,0.0023029
N11204|14459|1.246016,N11213|6878|0.573284,0.0147314
N11204|14459|1.246016,N11209|11513|2.376764,0.0131624
N10471|1868|1.160258,N10476|3950|0.968594,0.0147497
N11204|14459|1.246016,N11197|8504|2.111817,0.0123771
N11204|14459|1.246016,N11208|2122|2.080393,0.0108202
N11204|14459|1.246016,N11216|9423|0.027099,0.0147334
N11204|14459|1.246016,N11199|2139|0.525467,0.00849269
N10471|1868|1.160258,N10477|13531|0.072022,0.0108353
N10471|1868|1.160258,N10469|5588|0.391991,0.00617517
N10471|1868|1.160258,N10473|6076|3.435552,0.00539061
N10471|1868|1.160258,N10478|10044|0.490332,0.0123941
N11203|11166|2.317383,N11208|2122|2.080393,0.0139467
N11203|11166|2.317383,N11199|2139|0.525467,0.0116198
N10170|8056|4.745293,N10164|13306|0.449205,0.0139966
N10170|8056|4.745293,N10169|2065|3.860674,0.0139942
N12409|11290|1.945856,N12408|13591|4.199905,0.00849035
N12409|11290|1.945856,N12550|8083|0.027918,0.0139643
N12409|11290|1.945856,N12362|2705|2.227795,0.0139494
N12409|11290|1.945856,N12406|13475|1.0959,0.00694629
N12409|11290|1.945856,N12554|10454|0.637343,0.0139527
N12409|11290|1.945856,N12369|13497|0.468312,0.0147504
N12409|11290|1.945856,N12422|12209|1.051939,0.00927383
N12409|11290|1.945856,N12425|2070|1.092144,0.0123966
N12409|11290|1.945856,N12346|12410|0.372866,0.0147457
N12409|11290|1.945856,N12426|14918|1.027767,0.00926564
N12409|11290|1.945856,N12344|12378|1.266372,0.0147564
N12409|11290|1.945856,N12424|10163|0.680695,0.00693902
N12305|3700|0.084977,N12311|3713|2.175775,0.0061748
N12305|3700|0.084977,N12304|2562|0.235725,0.00384651
N12305|3700|0.084977,N12299|10097|11.787224,0.0147573
N12305|3700|0.084977,N12319|7679|1.193238,0.0123977
N12305|3700|0.084977,N12308|5775|1.252486,0.00695536
N12305|3700|0.084977,N12315|15139|2.647388,0.0124188
N10827|13389|0.935324,N10825|13646|14.01038,0.0131614
N10827|13389|0.935324,N10822|5059|2.618164,0.00927554
N10827|13389|0.935324,N10820|1891|1.058399,0.0131677
N12305|3700|0.084977,N12309|10166|0.928832,0.00539649
N9282|10971|1.28364,N9257|6339|0.058928,0.0139776
N9282|10971|1.28364,N9255|14771|0.350205,0.0139777
N10516|8786|3.901846,N10539|3755|0.466474,0.0131718
N10516|8786|3.901846,N10536|5868|0.748762,0.0131812
N10516|8786|3.901846,N10515|9957|1.828626,0.00461771
N10516|8786|3.901846,N10535|12368|0.523269,0.0108368
N8559|9534|0.094488,N8558|3210|4.457867,0.0100866
N12571|8941|1.241029,N12553|5590|1.684612,0.0147396
N12571|8941|1.241029,N12550|8083|0.027918,0.0116137
N12571|8941|1.241029,N12588|14367|1.187912,0.0131781
N12571|8941|1.241029,N12554|10454|0.637343,0.0116079
N12571|8941|1.241029,N12569|10700|0.180908,0.0139606
N12571|8941|1.241029,N12574|12439|0.14536,0.0123899
N12462|6718|0.293305,N12473|13030|2.051846,0.0108264
N12462|6718|0.293305,N12472|2949|0.315673,0.0116069
N12462|6718|0.293305,N12460|14159|2.404334,0.0061748
N12462|6718|0.293305,N12553|5590|1.684612,0.0147503
N12462|6718|0.293305,N12482|15143|0.193936,0.0139456
N12462|6718|0.293305,N12527|9237|0.448218,0.0147291
N12462|6718|0.293305,N12518|9895|2.414444,0.0139607
N12462|6718|0.293305,N12504|8693|0.601243,0.0147331
N12462|6718|0.293305,N12519|10480|2.16617,0.0123913
N12462|6718|0.293305,N12550|8083|0.027918,0.0116069
N12462|6718|0.293305,N12588|14367|1.187912,0.0147398
N12462|6718|0.293305,N12554|10454|0.637343,0.0116137
N12462|6718|0.293305,N12534|12395|1.442349,0.0123835
N12462|6718|0.293305,N12497|5875|0.074333,0.012373
N12462|6718|0.293305,N12483|3059|1.085798,0.0147247
N12462|6718|0.293305,N12517|2545|1.034848,0.013178
N12462|6718|0.293305,N12529|4469|3.56161,0.0147474
N12462|6718|0.293305,N12476|9967|1.35257,0.0123975
N12462|6718|0.293305,N12461|3483|0.725069,0.00461618
N12522|10383|1.195617,N12518|9895|2.414444,0.0100572
N12522|10383|1.195617,N12519|10480|2.16617,0.00849618
N12522|10383|1.195617,N12550|8083|0.027918,0.0147776
N12522|10383|1.195617,N12554|10454|0.637343,0.0147629
N12522|10383|1.195617,N12517|2545|1.034848,0.00927726
N12617|8249|1.299601,N12610|8129|0.59334,0.0147575
N9276|2326|0.270031,N9260|6145|0.076925,0.012379
N9276|2326|0.270031,N9277|9808|2.488212,0.013176
N12617|8249|1.299601,N12615|10228|1.212348,0.00928307
N9276|2326|0.270031,N9278|8324|0.126293,0.0116067
N9276|2326|0.270031,N9280|1878|0.108319,0.0131673
N12617|8249|1.299601,N12608|14060|1.436867,0.0131896
N12617|8249|1.299601,N12621|1623|1.449089,0.00849282
N12773|4711|4.266417,N12769|13527|0.825958,0.0131745
N9276|2326|0.270031,N9259|8520|0.048263,0.0116022
N9276|2326|0.270031,N9256|2757|2.040753,0.0139464
N9276|2326|0.270031,N9257|6339|0.058928,0.0123872
N9276|2326|0.270031,N9255|14771|0.350205,0.0123872
N9276|2326|0.270031,N9281|5602|0.079699,0.0123834
N12773|4711|4.266417,N12765|5223|0.290977,0.0139612
N13085|14084|0.542663,N13069|8228|1.755394,0.0139949
N13085|14084|0.542663,N13040|3080|0.190006,0.0139607
N10354|6560|1.686909,N10350|11191|0.820068,0.0124099
N13085|14084|0.542663,N13032|11148|0.692156,0.0147579
N10354|6560|1.686909,N10359|3528|0.718846,0.0100572
N13085|14084|0.542663,N13010|2132|0.839645,0.01398
N13085|14084|0.542663,N13073|3533|3.807489,0.0131861
N13085|14084|0.542663,N13042|11415|0.646578,0.0147501
N13085|14084|0.542663,N13030|14162|0.229725,0.0139667
N10354|6560|1.686909,N10362|6018|3.823563,0.0124088
N13085|14084|0.542663,N13077|12864|1.091684,0.0124243
N10354|6560|1.686909,N10361|6407|0.442998,0.0108462
N13085|14084|0.542663,N13082|1920|1.308468,0.00849975
N13085|14084|0.542663,N13064|2313|0.464264,0.0147729
N13085|14084|0.542663,N13078|10715|0.406326,0.0108439
N13085|14084|0.542663,N13081|11163|0.1151,0.00851186
N13085|14084|0.542663,N13015|7025|0.167928,0.0147888
N13085|14084|0.542663,N13083|13545|0.854512,0.0139773
N13085|14084|0.542663,N13067|12459|0.550295,0.0139636
N13085|14084|0.542663,N13076|4891|0.725229,0.0116322
N11695|10676|1.05039,N11702|14744|0.617456,0.0116497
N13085|14084|0.542663,N13072|12819|1.672875,0.0123901
N13085|14084|0.542663,N13013|13077|0.990917,0.014771
N11695|10676|1.05039,N11699|8260|0.716946,0.0131923
N11695|10676|1.05039,N11696|6974|3.630097,0.0124077
N13085|14084|0.542663,N13080|8198|2.835692,0.0123871
N13085|14084|0.542663,N13035|2966|0.267509,0.0147579
N13085|14084|0.542663,N13079|1454|0.626084,0.011623
N13085|14084|0.542663,N13044|14894|0.279795,0.0147474
N13085|14084|0.542663,N13058|11167|1.17044,0.0147729
N13085|14084|0.542663,N13026|9197|0.544685,0.0139636
N13085|14084|0.542663,N13053|4954|0.008268,0.0139772
N13085|14084|0.542663,N13071|4238|1.966479,0.00926629
N13085|14084|0.542663,N13070|7113|5.886608,0.0139355
N13085|14084|0.542663,N13086|15084|0.571855,0.00772811
N13057|8415|0.620575,N13054|12514|5.889927,0.0101028
N13057|8415|0.620575,N13035|2966|0.267509,0.0124231
N13057|8415|0.620575,N13044|14894|0.279795,0.0108441
N13057|8415|0.620575,N13058|11167|1.17044,0.00931266
N13085|14084|0.542663,N13023|9255|2.431417,0.0139666
N13057|8415|0.620575,N13052|14348|1.81875,0.00928399
N13085|14084|0.542663,N13087|2366|3.091692,0.00771895
N10896|11730|1.354175,N10886|10892|0.837839,0.00539627
N13057|8415|0.620575,N13053|4954|0.008268,0.00230855
N10896|11730|1.354175,N10889|12944|1.138312,0.00616728
N13057|8415|0.620575,N13031|1964|2.547926,0.0147581
N10896|11730|1.354175,N10885|4074|2.282468,0.00772826
N10896|11730|1.354175,N10891|9707|4.080801,0.00538677
N10896|11730|1.354175,N10884|10107|0.081986,0.0147444
N13057|8415|0.620575,N13046|7586|0.27506,0.0116325
N10896|11730|1.354175,N10893|14050|5.207701,0.00772009
N10896|11730|1.354175,N10897|1837|0.253174,0.0147503
N10896|11730|1.354175,N10888|6497|3.625147,0.00539059
N10896|11730|1.354175,N10887|12945|3.710148,0.00693891
N10008|2048|0.176038,N10005|1981|0.776109,0.00694631
N10008|2048|0.176038,N9980|6926|0.811684,0.013157
N10008|2048|0.176038,N9977|8185|2.44994,0.0139614
N10896|11730|1.354175,N10892|3803|0.273582,0
N10896|11730|1.354175,N10894|8335|1.689416,0.00153688
N10896|11730|1.354175,N10895|13787|0.935012,0.00230857
N7685|12423|0.388204,N7691|11179|0.235424,0.0139467
N10008|2048|0.176038,N9978|6552|1.174193,0.0139673
N7685|12423|0.388204,N7686|13059|5.759525,0.0147633
N10008|2048|0.176038,N10004|5892|0.777952,0.00695652
N10008|2048|0.176038,N9998|13481|1.227033,0.0139433
N7685|12423|0.388204,N7696|6211|2.346475,0.0123916
N8986|6334|0.501322,N8982|12416|0.081628,0.00849998
N8986|6334|0.501322,N8990|2078|0.796041,0.00772717
N7685|12423|0.388204,N7702|1487|0.895309,0.0139617
N12716|4405|2.157545,N12714|10751|1.147907,0.0123854
N7685|12423|0.388204,N7700|13769|0.192904,0.0131783
N12716|4405|2.157545,N12713|9021|0.783928,0.0116202
N7685|12423|0.388204,N7688|7993|0.312065,0.014772
N9130|2851|1.979508,N9129|6946|3.492939,0.00771333
N9130|2851|1.979508,N9132|5707|1.346113,0.00539066
N9130|2851|1.979508,N9140|13873|0.78678,0.0116256
N9130|2851|1.979508,N9138|9432|0.011423,0.0123963
N9130|2851|1.979508,N9113|7273|1.274578,0.0124089
N12126|500|0.85542,N12125|3357|5.157608,0.0147331
N9130|2851|1.979508,N9126|4611|0.442235,0.0124091
N9130|2851|1.979508,N9117|15300|3.458374,0.0131867
N9130|2851|1.979508,N9116|10730|0.445411,0.0116199
N12126|500|0.85542,N12129|11476|2.879378,0.0131899
N9130|2851|1.979508,N9109|4667|0.075349,0.0139644
N12126|500|0.85542,N12127|2725|0.772494,0.0116258
N9130|2851|1.979508,N9134|1592|0.274906,0.00851227
N12126|500|0.85542,N12128|13021|2.173363,0.0131843
N9130|2851|1.979508,N9115|2253|1.392066,0.0108445
N9130|2851|1.979508,N9124|12640|0.657822,0.0139673
N9130|2851|1.979508,N9114|12028|0.249049,0.0116329
N7410|14816|0.502302,N7409|3487|3.653265,0.0030762
N7410|14816|0.502302,N7408|10835|0.386487,0.00230451
N7410|14816|0.502302,N7417|6681|1.424463,0.0124612
N7410|14816|0.502302,N7383|14512|0.16135,0.0123976
N7410|14816|0.502302,N7423|1585|0.671532,0.0132165
N9130|2851|1.979508,N9131|9161|4.331721,0.0124017
N9130|2851|1.979508,N9133|10512|0.63993,0.00850001
N9068|1859|0.892977,N9083|8922|3.647267,0.0124137
N9068|1859|0.892977,N9089|7407|0.673672,0.0100723
N9068|1859|0.892977,N9092|7977|0.640735,0.0116334
N9068|1859|0.892977,N8994|15030|1.499435,0.0147634
N9068|1859|0.892977,N9078|11705|0.814549,0.0108335
N9068|1859|0.892977,N9071|9717|1.854277,0.00850218
N9068|1859|0.892977,N9080|9415|4.226647,0.0131869
N9068|1859|0.892977,N9061|11039|0.602917,0.0100586
N9068|1859|0.892977,N9062|2969|4.753182,0.0123966
N9068|1859|0.892977,N9085|3354|5.903963,0.0147588
N9068|1859|0.892977,N9091|13968|0.501484,0.0116218
N9068|1859|0.892977,N9064|14935|3.181566,0.0147638
N9068|1859|0.892977,N9077|2409|0.356179,0.010049
N9068|1859|0.892977,N9081|8706|1.386561,0.0116218
N9068|1859|0.892977,N9072|4235|1.055492,0.00694107
N9068|1859|0.892977,N9082|6397|0.367536,0.0100702
N9068|1859|0.892977,N9086|13394|0.878173,0.0108508
N9068|1859|0.892977,N9063|14968|3.46223,0.013986
N9068|1859|0.892977,N9060|5017|1.651897,0.0108357
N9068|1859|0.892977,N9079|12702|0.242011,0.0108449
N9068|1859|0.892977,N9070|12994|1.368415,0.0100575
N9068|1859|0.892977,N9066|8542|2.20717,0.00385019
N9068|1859|0.892977,N9073|8685|2.253138,0.0124363
N9068|1859|0.892977,N9076|5982|3.03622,0.0123875
N9068|1859|0.892977,N9059|3952|0.117079,0.00928461
N9068|1859|0.892977,N9090|5865|0.111667,0.00850434
N9068|1859|0.892977,N9069|8647|2.490183,0.0100632
N9068|1859|0.892977,N9075|13959|2.641422,0.0108422
N9068|1859|0.892977,N9058|3054|0.871612,0.012398
N9068|1859|0.892977,N9074|12197|2.750243,0.0116082
N12399|11979|4.054415,N12398|2543|2.944792,0.0100844
N12399|11979|4.054415,N12397|4028|0.091825,0.0148105
N10751|13615|1.046001,N10750|2680|0.397559,0.00772
N10751|13615|1.046001,N10752|3660|2.730505,0.00230291
N10751|13615|1.046001,N10756|14201|0.794564,0.00849654
N10751|13615|1.046001,N10744|15106|0.931125,0.00539656
N10751|13615|1.046001,N10745|5703|0.574657,0.00539656
N10751|13615|1.046001,N10757|13478|4.282374,0.0124067
N10751|13615|1.046001,N10755|9910|0.092655,0.0100443
N10751|13615|1.046001,N10747|6612|0.988886,0.00694788
N11038|3655|2.842513,N11035|11762|2.842885,0.00461963
N11004|12869|2.963805,N11005|4474|0.118738,0.0100581
N11038|3655|2.842513,N11036|4167|1.631939,0.00230291
N11038|3655|2.842513,N11043|12889|1.207492,0.0147315
N11038|3655|2.842513,N11031|10429|0.063655,0.011596
N11038|3655|2.842513,N11034|10822|0.322623,0.00307299
N12720|1572|0.182671,N12805|7599|5.251764,0.0147397
N12720|1572|0.182671,N12797|2791|0.77827,0.0147574
N12720|1572|0.182671,N12726|1522|2.240839,0.0139606
N9896|9160|5.796764,N9901|10305|0.048863,0.0123813
N12720|1572|0.182671,N12668|15202|0.179902,0.0147248
N12720|1572|0.182671,N12735|13411|1.300204,0.0116257
N9896|9160|5.796764,N9900|14891|0.072124,0.0116023
N13019|3661|1.485851,N13017|10320|2.923302,0.00540207
N13019|3661|1.485851,N13025|6596|5.784101,0.013971
N13019|3661|1.485851,N13021|2121|0.427363,0.0046176
N13019|3661|1.485851,N13024|3542|1.362275,0.0116295
N13019|3661|1.485851,N13027|10423|1.107882,0.00927825
N13019|3661|1.485851,N13026|9197|0.544685,0.00771795
N9896|9160|5.796764,N9897|15321|1.361297,0.007711
N13019|3661|1.485851,N13014|4486|3.492421,0.0123974
N13019|3661|1.485851,N13023|9255|2.431417,0.0077274
N12804|2693|0.587741,N12805|7599|5.251764,0.00153463
N12804|2693|0.587741,N12769|13527|0.825958,0.0131745
N12804|2693|0.587741,N12754|12915|1.230618,0.0147454
N12804|2693|0.587741,N12802|8143|0.716222,0.0147313
N12804|2693|0.587741,N12797|2791|0.77827,0.0123976
N12804|2693|0.587741,N12747|10085|0.02083,0.0139643
N12804|2693|0.587741,N12765|5223|0.290977,0.0139641
N12804|2693|0.587741,N12763|9214|0.250753,0.0139636
N12804|2693|0.587741,N12794|1915|0.264954,0.0147344
N12804|2693|0.587741,N12735|13411|1.300204,0.0139526
N12804|2693|0.587741,N12782|13348|2.56449,0.0139419
N7949|2592|2.436013,N7948|3208|2.491316,0.0116307
N11986|10647|0.384775,N11982|8400|0.852639,0.0139608
N11986|10647|0.384775,N11980|8650|1.136375,0.0116108
N11986|10647|0.384775,N11984|1838|0.195328,0.000767359
N11986|10647|0.384775,N11979|10096|0.769496,0.0108352
N11986|10647|0.384775,N11971|12636|0.690138,0.0147569
N9847|10118|0.249998,N9852|5557|2.352348,0.00307298
N9847|10118|0.249998,N9845|5691|0.246475,0.0100421
N11562|7531|0.134267,N11563|10056|0.209228,0.00385023
N9847|10118|0.249998,N9844|8597|1.735571,0.0123849
N9847|10118|0.249998,N9851|4818|0.968369,0.00461971
N9847|10118|0.249998,N9840|11225|0.243286,0.0116044
N9847|10118|0.249998,N9837|14227|0.324336,0.0147406
N9847|10118|0.249998,N9853|2386|4.649073,0.0123996
N12657|5825|0.376556,N12658|3767|0.260726,0.00616174
N12657|5825|0.376556,N12667|12755|1.374185,0.011614
N12657|5825|0.376556,N12678|5549|0.607867,0.011607
N12657|5825|0.376556,N12656|3489|0.856322,0.00771332
N9847|10118|0.249998,N9842|4063|0.304267,0.0108204
N9847|10118|0.249998,N9839|6268|1.81341,0.0116143
N12657|5825|0.376556,N12679|14019|1.181258,0.0116024
N12657|5825|0.376556,N12673|4752|1.088216,0.00771842
N12657|5825|0.376556,N12663|2204|1.369974,0.0139694
N12657|5825|0.376556,N12675|3288|2.397704,0.0123858
N12657|5825|0.376556,N12668|15202|0.179902,0.00616176
N12657|5825|0.376556,N12670|10894|2.37048,0.00693896
N12657|5825|0.376556,N12735|13411|1.300204,0.0139408
N9850|14962|46.653171,N9849|12135|58.207749,0.012409
N12657|5825|0.376556,N12684|5768|0.171538,0.0139781
N12657|5825|0.376556,N12676|14361|6.138787,0.0147316
N12657|5825|0.376556,N12660|6563|0.037792,0.00694073
N9256|2757|2.040753,N9326|7552|0.69364,0.0147563
N9256|2757|2.040753,N9257|6339|0.058928,0.00307297
N9256|2757|2.040753,N9286|1853|1.74475,0.0139779
N9256|2757|2.040753,N9268|8263|0.021383,0.0108311
N9256|2757|2.040753,N9255|14771|0.350205,0.00307297
N9256|2757|2.040753,N9382|3614|0.131365,0.0147533
N9256|2757|2.040753,N9281|5602|0.079699,0.0108264
N9256|2757|2.040753,N9266|13703|1.254768,0.0131966
N9256|2757|2.040753,N9263|4414|1.894238,0.0139649
N9256|2757|2.040753,N9264|5275|1.087171,0.013989
N9256|2757|2.040753,N9273|13046|0.2787,0.0100514
N9256|2757|2.040753,N9358|15303|1.043357,0.0147397
N9256|2757|2.040753,N9272|7257|0.692674,0.0100486
N10702|14528|3.548708,N10700|3193|0.042069,0.00926068
N9849|12135|58.207749,N9848|5921|67.155635,0.0116482
N8286|9640|2.704707,N8285|13409|1.135024,0.01005
N10493|3189|0.684653,N10495|3827|2.135199,0.013996
N10493|3189|0.684653,N10491|10314|2.891016,0.00461954
N10493|3189|0.684653,N10482|5922|0.535341,0.00927451
N10493|3189|0.684653,N10486|7408|2.057458,0.0147898
N10493|3189|0.684653,N10504|14885|0.410614,0.0139726
N10493|3189|0.684653,N10483|12438|7.061558,0.0148327
N10493|3189|0.684653,N10487|12981|0.426877,0.0132356
N10493|3189|0.684653,N10505|8617|0.171908,0.0147634
N12795|4574|2.553366,N12805|7599|5.251764,0.0139613
N12795|4574|2.553366,N12769|13527|0.825958,0.0147571
N12795|4574|2.553366,N12754|12915|1.230618,0.0147619
N12795|4574|2.553366,N12802|8143|0.716222,0.0116079
N12795|4574|2.553366,N12797|2791|0.77827,0.0108383
N12795|4574|2.553366,N12747|10085|0.02083,0.0124054
N12795|4574|2.553366,N12763|9214|0.250753,0.0139606
N12795|4574|2.553366,N12791|3432|1.382532,0.013183
N12795|4574|2.553366,N12794|1915|0.264954,0.00384143
N12795|4574|2.553366,N12735|13411|1.300204,0.0139647
N12839|3259|2.23288,N12822|1932|2.476291,0.0147675
N12839|3259|2.23288,N12829|15189|0.468004,0.0116218
N12839|3259|2.23288,N12826|10353|2.203998,0.0139717
N7859|14112|1.259656,N7861|4906|1.514816,0.0139467
N12839|3259|2.23288,N12840|8247|1.106403,0.00927423
N12839|3259|2.23288,N12834|6657|0.028154,0.0108422
N12839|3259|2.23288,N12842|5983|3.233808,0.0123996
N12839|3259|2.23288,N12838|7539|1.101225,0.00694605
N7859|14112|1.259656,N7854|14846|0.040252,0.0147313
N8735|2838|0.213305,N8742|13436|2.073331,0.0147226
N8735|2838|0.213305,N8736|3196|1.154293,0.0147332
N8735|2838|0.213305,N8740|8574|0.953211,0.0139468
N7905|2277|0.003783,N7893|4502|1.144069,0.0116081
N7905|2277|0.003783,N7894|14382|1.644205,0.0123911
N12015|10909|2.205494,N12017|2405|0.399447,0.00693321
N7905|2277|0.003783,N7889|13786|0.421545,0.0108385
N7905|2277|0.003783,N7907|15038|2.363248,0.00928334
N7905|2277|0.003783,N7901|1404|0.044159,0.0147624
N8666|13078|0.559671,N8641|4497|0.145991,0.0147732
N8666|13078|0.559671,N8651|13162|0.581821,0.0139612
N12015|10909|2.205494,N12022|15079|0.179931,0.0100514
N8666|13078|0.559671,N8669|4088|1.262664,0.0100447
N8666|13078|0.559671,N8670|11686|1.623364,0.00927545
N8666|13078|0.559671,N8674|9719|0.296966,0.00850087
N8666|13078|0.559671,N8661|10851|1.961822,0.0116108
N8666|13078|0.559671,N8662|14607|7.138743,0.0147713
N8666|13078|0.559671,N8635|7231|0.13617,0.0123913
N8666|13078|0.559671,N8672|2210|0.469018,0.00771729
N8666|13078|0.559671,N8673|13767|0.155844,0.00693889
N8666|13078|0.559671,N8675|12520|4.641865,0.0124012
N8666|13078|0.559671,N8637|14919|0.32506,0.013183
N12015|10909|2.205494,N12014|8926|1.747169,0.0108489
N8666|13078|0.559671,N8627|6340|1.679732,0.0147502
N8666|13078|0.559671,N8678|10511|0.772648,0.0092701
N8666|13078|0.559671,N8654|7751|1.148006,0.0147571
N8666|13078|0.559671,N8639|7321|1.594604,0.0124012
N12355|6646|1.317654,N12352|4860|3.705697,0.0147588
N12355|6646|1.317654,N12353|8771|0.123274,0.0123966
N12355|6646|1.317654,N12362|2705|2.227795,0.0100446
N12015|10909|2.205494,N12016|6389|2.646521,0.0100528
N12015|10909|2.205494,N12021|9357|0.044698,0.00849619
N12355|6646|1.317654,N12369|13497|0.468312,0.0139854
N12355|6646|1.317654,N12356|12642|2.926812,0.0100638
N12015|10909|2.205494,N12013|9857|1.013289,0.0108492
N12355|6646|1.317654,N12346|12410|0.372866,0.0116333
N9430|10904|3.258034,N9431|13367|1.406164,0.00616733
N12355|6646|1.317654,N12354|3530|2.800901,0.013956
N9430|10904|3.258034,N9401|6112|0.850151,0.0116216
N12355|6646|1.317654,N12344|12378|1.266372,0.0139838
N9430|10904|3.258034,N9415|14072|0.141996,0.011611
N9430|10904|3.258034,N9427|4536|1.243345,0.00928405
N12355|6646|1.317654,N12358|2665|0.156469,0.0061662
N9430|10904|3.258034,N9406|9757|1.246202,0.0131867
N13080|8198|2.835692,N13079|1454|0.626084,0.0116419
N9430|10904|3.258034,N9402|14702|1.463795,0.0147716
N9430|10904|3.258034,N9422|9014|1.448228,0.0123978
N9430|10904|3.258034,N9418|11659|0.082455,0.0100515
N13080|8198|2.835692,N13071|4238|1.966479,0.00926696
N13080|8198|2.835692,N13070|7113|5.886608,0.013939
N9430|10904|3.258034,N9423|6527|0.148587,0.0108445
N9430|10904|3.258034,N9398|2413|1.127416,0.0147718
N9430|10904|3.258034,N9416|3982|2.127591,0.0108354
N9430|10904|3.258034,N9429|6293|0.044463,0.00771843
N13080|8198|2.835692,N13087|2366|3.091692,0.0139632
N9430|10904|3.258034,N9419|8042|1.209773,0.0124091
N9430|10904|3.258034,N9432|6316|2.40081,0.0131611
N9430|10904|3.258034,N9420|3100|3.388402,0.0131868
N9430|10904|3.258034,N9413|7854|2.302913,0.0131868
N9430|10904|3.258034,N9411|12961|0.776325,0.0139941
N9430|10904|3.258034,N9414|3729|3.038117,0.0132005
N9430|10904|3.258034,N9417|14062|0.337818,0.0100515
N9430|10904|3.258034,N9425|10731|0.354384,0.0116139
N7279|7315|1.926241,N7280|3585|1.516432,0.00461962
N9430|10904|3.258034,N9404|11969|0.138192,0.0139638
N9431|13367|1.406164,N9401|6112|0.850151,0.00849625
N9431|13367|1.406164,N9415|14072|0.141996,0.00849033
N9431|13367|1.406164,N9427|4536|1.243345,0.00616733
N9431|13367|1.406164,N9407|10014|2.87042,0.0124015
N9431|13367|1.406164,N9406|9757|1.246202,0.0100514
N11951|8255|0.548719,N11953|9752|0.750454,0.00385012
N9431|13367|1.406164,N9402|14702|1.463795,0.0116216
N9431|13367|1.406164,N9422|9014|1.448228,0.00926979
N9431|13367|1.406164,N9397|14957|1.010538,0.014756
N9431|13367|1.406164,N9418|11659|0.082455,0.00694067
N11951|8255|0.548719,N11963|11284|0.294758,0.013202
N9431|13367|1.406164,N9408|9665|0.673645,0.0139778
N9431|13367|1.406164,N9423|6527|0.148587,0.00771986
N9431|13367|1.406164,N9398|2413|1.127416,0.0116216
N9431|13367|1.406164,N9394|7196|2.769976,0.0147719
N9431|13367|1.406164,N9416|3982|2.127591,0.00771735
N9431|13367|1.406164,N9359|13859|0.138749,0.0147736
N9431|13367|1.406164,N9429|6293|0.044463,0.00461619
N12964|4724|0.75088,N12954|6858|0.200818,0.0147715
N12964|4724|0.75088,N12955|13174|0.357512,0.0139958
N12964|4724|0.75088,N12959|8746|0.330462,0.0139653
N12964|4724|0.75088,N12960|14118|2.91166,0.012397
N9431|13367|1.406164,N9419|8042|1.209773,0.00927446
N9431|13367|1.406164,N9432|6316|2.40081,0.0100419
N9431|13367|1.406164,N9420|3100|3.388402,0.0100515
N9431|13367|1.406164,N9413|7854|2.302913,0.0100515
N9431|13367|1.406164,N9370|6191|0.044663,0.0147893
N9431|13367|1.406164,N9411|12961|0.776325,0.0108446
N9431|13367|1.406164,N9414|3729|3.038117,0.0100584
N9431|13367|1.406164,N9405|11433|2.621768,0.013184
N9431|13367|1.406164,N9433|9770|1.952284,0.0139796
N9431|13367|1.406164,N9426|2312|2.112556,0.0123939
N9431|13367|1.406164,N9417|14062|0.337818,0.00694067
N9431|13367|1.406164,N9425|10731|0.354384,0.00850164
N12964|4724|0.75088,N12963|5986|1.131032,0.0108463
N9431|13367|1.406164,N9399|10757|3.06532,0.0132036
N7409|3487|3.653265,N7408|10835|0.386487,0.00384653
N7409|3487|3.653265,N7417|6681|1.424463,0.0140321
N9431|13367|1.406164,N9404|11969|0.138192,0.010824
N9431|13367|1.406164,N9410|13851|2.199643,0.013201
N7409|3487|3.653265,N7383|14512|0.16135,0.0139672
N10927|6928|0.446846,N10931|5851|0.123315,0.0108314
N7409|3487|3.653265,N7423|1585|0.671532,0.0147889
N10927|6928|0.446846,N10930|5248|0.665699,0.0116154
N8050|12356|0.711973,N8055|9040|2.978766,0.0132162
N8050|12356|0.711973,N8071|11875|3.285836,0.0108476
N8050|12356|0.711973,N8070|13705|2.384628,0.011609
N8050|12356|0.711973,N8042|14900|0.883668,0.0147312
N8050|12356|0.711973,N8020|4770|0.329201,0.0147504
N10927|6928|0.446846,N10928|12715|0.393806,0.00384655
N8050|12356|0.711973,N8062|4565|0.295967,0.0131964
N8050|12356|0.711973,N8011|6303|3.222924,0.0147398
N8050|12356|0.711973,N8012|12050|0.024109,0.0147586
N8050|12356|0.711973,N8068|9245|1.768072,0.0123991
N8049|14801|35.038434,N8048|13814|39.281735,0.00307619
N7861|4906|1.514816,N7860|1445|2.579252,0.00694522
N7861|4906|1.514816,N7854|14846|0.040252,0.0116007
N7861|4906|1.514816,N7853|3538|1.558712,0.0123856
N7861|4906|1.514816,N7858|11628|2.643948,0.0139557
N7861|4906|1.514816,N7856|12225|0.464485,0.012377
N8641|4497|0.145991,N8634|14308|1.351042,0.0139524
N8641|4497|0.145991,N8651|13162|0.581821,0.0131761
N8641|4497|0.145991,N8646|6837|1.216101,0.0131867
N8641|4497|0.145991,N8635|7231|0.13617,0.011608
N8641|4497|0.145991,N8640|10919|1.326289,0.00462618
N8641|4497|0.145991,N8648|9583|0.937579,0.0124235
N7259|10027|3.248461,N7230|11382|2.702088,0.0147728
N8641|4497|0.145991,N8637|14919|0.32506,0.0124057
N8641|4497|0.145991,N8627|6340|1.679732,0.0116079
N7259|10027|3.248461,N7252|14309|0.448936,0.0116155
N7259|10027|3.248461,N7260|9737|2.070826,0.00461769
N8641|4497|0.145991,N8639|7321|1.594604,0.0116138
N7259|10027|3.248461,N7261|14293|0.135342,0.003073
N7259|10027|3.248461,N7264|13692|1.377922,0.011601
N7259|10027|3.248461,N7266|8463|3.814487,0.0139677
N7259|10027|3.248461,N7257|6534|4.963021,0.0100518
N7259|10027|3.248461,N7241|9295|0.149992,0.0131768
N7259|10027|3.248461,N7224|9525|1.63289,0.0132008
N7259|10027|3.248461,N7258|10758|0.581307,0.00461769
N12936|9408|1.751777,N12941|9337|0.554667,0.0131856
N7259|10027|3.248461,N7229|4355|2.131715,0.0147722
N7259|10027|3.248461,N7239|8793|0.289335,0.0123906
N12936|9408|1.751777,N12935|8245|0.75658,0.00851051
N7259|10027|3.248461,N7228|2074|1.066336,0.0139944
N12936|9408|1.751777,N12937|9390|3.710691,0.0092642
N7259|10027|3.248461,N7227|3532|0.645177,0.0147723
N7259|10027|3.248461,N7265|2369|4.148335,0.0147459
N7259|10027|3.248461,N7255|4944|0.47656,0.00848665
N7259|10027|3.248461,N7253|12457|4.157358,0.0131689
N7259|10027|3.248461,N7254|6299|0.918044,0.0108336
N7857|2538|2.877843,N7858|11628|2.643948,0.0139611
N7857|2538|2.877843,N7856|12225|0.464485,0.00771139
N7259|10027|3.248461,N7262|2821|1.430439,0.00771818
N12930|8008|1.657687,N12927|4477|1.2477,0.0131744
N8356|9834|2.647062,N8357|8166|0.16907,0.00616961
N8356|9834|2.647062,N8372|4828|0.76331,0.0123992
N8356|9834|2.647062,N8369|9454|0.782724,0.0147799
N8356|9834|2.647062,N8371|2400|0.622719,0.0147456
N8356|9834|2.647062,N8361|13423|0.310029,0.0132033
N8356|9834|2.647062,N8359|6678|0.09393,0.0100575
N8356|9834|2.647062,N8364|14684|0.429345,0.0132089
N11753|8071|1.008932,N11750|6476|2.003128,0.0100496
N8356|9834|2.647062,N8358|2835|0.986928,0.0116379
N11753|8071|1.008932,N11756|13003|2.695778,0.0116023
N7425|6074|4.529632,N7424|1774|3.285762,0.0147494
N8356|9834|2.647062,N8368|3577|1.223714,0.013203
N7425|6074|4.529632,N7426|3108|1.291881,0.0124103
N8356|9834|2.647062,N8363|7636|0.882553,0.0108507
N7613|2721|3.006235,N7612|1953|2.630362,0.00538746
N8356|9834|2.647062,N8362|1898|0.341441,0.0108507
N7613|2721|3.006235,N7602|12012|1.025436,0.0116004
N7613|2721|3.006235,N7625|3016|0.312799,0.0147268
N7613|2721|3.006235,N7604|7734|1.196841,0.00848661
N7613|2721|3.006235,N7603|12566|1.558334,0.00771162
N7613|2721|3.006235,N7623|1912|0.329254,0.0131624
N7613|2721|3.006235,N7608|2641|2.682375,0.0123848
N7613|2721|3.006235,N7618|8594|1.069863,0.00770622
N7613|2721|3.006235,N7616|10188|1.521941,0.00770626
N7613|2721|3.006235,N7620|13891|0.667006,0.0100413
N7590|14467|0.492686,N7586|14500|0.618892,0.0147738
N9915|5806|0.576212,N9911|15104|0.372954,0.0139801
N9915|5806|0.576212,N9912|12936|1.278866,0.0132006
N9915|5806|0.576212,N9906|11546|0.788039,0.0108447
N7662|11576|1.210973,N7663|4454|1.64803,0.00772717
N7662|11576|1.210973,N7668|12471|1.776381,0.013967
N9915|5806|0.576212,N9914|6120|1.693656,0.013235
N9915|5806|0.576212,N9907|6221|0.798311,0.0139852
N9915|5806|0.576212,N9921|4858|2.028594,0.0140192
N12035|7725|2.1697,N12033|4981|0.952,0.008504
N12911|7897|0.111068,N12907|5530|0.256071,0.0092568
N9731|10819|0.095892,N9722|11084|0.167069,0.00854549
N9731|10819|0.095892,N9748|7503|0.077164,0.0108356
N9731|10819|0.095892,N9742|1593|1.843405,0.0116498
N9731|10819|0.095892,N9736|4880|0.301087,0.0100586
N12911|7897|0.111068,N12909|9940|2.619268,0.0108162
N9731|10819|0.095892,N9728|15310|0.085393,0.0123981
N12911|7897|0.111068,N12910|9913|0.973343,0.0100487
N9731|10819|0.095892,N9713|11770|0.47842,0.0147581
N9731|10819|0.095892,N9727|2654|0.637465,0.0108591
N12911|7897|0.111068,N12914|11168|0.355507,0.00771089
N9731|10819|0.095892,N9723|4534|3.162746,0.012426
N9731|10819|0.095892,N9733|11666|0.117101,0.0100586
N12911|7897|0.111068,N12920|5874|3.240712,0.0108257
N9731|10819|0.095892,N9740|10865|0.999278,0.0116219
N9731|10819|0.095892,N9743|5866|1.262035,0.0147914
N12911|7897|0.111068,N12908|6786|1.944159,0.0108167
N12911|7897|0.111068,N12919|9151|0.917177,0.0108258
N12911|7897|0.111068,N12912|6916|0.539543,0.001535
N12911|7897|0.111068,N12918|10244|5.925615,0.0139374
N11354|2427|0.080642,N11337|14009|3.192114,0.0132181
N11354|2427|0.080642,N11356|6647|1.107781,0.00461986
N11767|10302|1.853547,N11769|10072|1.33933,0.0100569
N11354|2427|0.080642,N11349|10202|0.90621,0.0108474
N11354|2427|0.080642,N11350|2365|1.175804,0.00771964
N11354|2427|0.080642,N11336|1750|1.140954,0.0139811
N11354|2427|0.080642,N11333|15173|0.298044,0.0124248
N11354|2427|0.080642,N11334|12468|1.530882,0.0108361
N11354|2427|0.080642,N11352|6705|2.913347,0.0123736
N11767|10302|1.853547,N11766|7352|0.775643,0.00384659
N11354|2427|0.080642,N11355|14316|5.248091,0.00617833
N11354|2427|0.080642,N11348|14473|0.632811,0.0116497
N11767|10302|1.853547,N11770|13356|0.632228,0.0084965
N11767|10302|1.853547,N11763|14722|1.672793,0.00461958
N11767|10302|1.853547,N11764|13257|8.938769,0.0124198
N7319|5594|2.161117,N7320|6208|0.295982,0.0100483
N11767|10302|1.853547,N11771|6757|0.735472,0.0100518
N11576|10247|2.513489,N11575|14087|0.699239,0.0131954
N11576|10247|2.513489,N11577|8822|2.670043,0.00850418
N10096|4634|3.033585,N10126|7006|1.472433,0.0124101
N10096|4634|3.033585,N10078|2341|1.12871,0.0139431
N10096|4634|3.033585,N10071|1580|0.257818,0.0116413
N10096|4634|3.033585,N10052|2635|1.577136,0.0123793
N10096|4634|3.033585,N10113|13294|0.443123,0.0139779
N10096|4634|3.033585,N10082|5613|2.048412,0.0123852
N10096|4634|3.033585,N10090|3024|3.711051,0.0131627
N10096|4634|3.033585,N10127|9599|0.325855,0.0123961
N10096|4634|3.033585,N10060|3824|0.405696,0.0116046
N7950|2570|0.349147,N7891|10432|1.803548,0.0147585
N7950|2570|0.349147,N7953|6532|0.004956,0.0124099
N10096|4634|3.033585,N10083|10662|0.54533,0.0100531
N10096|4634|3.033585,N10058|7641|2.216887,0.0115968
N7950|2570|0.349147,N7952|1385|0.446349,0.0116198
N7950|2570|0.349147,N7943|8916|2.992938,0.0132189
N10096|4634|3.033585,N10062|10532|0.956953,0.0108265
N10096|4634|3.033585,N10088|8467|3.918434,0.0131752
N10096|4634|3.033585,N10119|10803|0.316622,0.0123916
N10096|4634|3.033585,N10105|6840|2.06747,0.0108205
N7950|2570|0.349147,N7917|9363|0.478455,0.0147502
N10096|4634|3.033585,N10061|3384|0.179959,0.00616175
N10096|4634|3.033585,N10087|7836|0.189476,0.0123917
N10096|4634|3.033585,N10110|10994|0.926104,0.0131898
N10096|4634|3.033585,N10076|15281|0.628564,0.0100617
N7950|2570|0.349147,N7942|8829|2.189437,0.0108311
N10096|4634|3.033585,N10067|11032|3.668257,0.0147734
N7950|2570|0.349147,N8057|2864|1.836246,0.0139721
N7950|2570|0.349147,N7924|2809|0.852026,0.0147455
N7950|2570|0.349147,N7947|7971|3.261738,0.00927542
N10096|4634|3.033585,N10081|3877|1.475931,0.0108284
N10096|4634|3.033585,N10057|13681|0.686815,0.0100487
N7950|2570|0.349147,N7903|7046|0.315072,0.0139557
N7950|2570|0.349147,N7944|13072|2.551932,0.0132166
N7950|2570|0.349147,N7941|13715|0.321718,0.0100441
N7950|2570|0.349147,N7908|9183|1.010926,0.0139523
N7950|2570|0.349147,N7946|8602|0.632918,0.0116666
N7950|2570|0.349147,N7949|2592|2.436013,0.0108382
N7950|2570|0.349147,N7905|2277|0.003783,0.0139558
N7950|2570|0.349147,N7954|2296|1.139415,0.0147693
N7950|2570|0.349147,N7909|4014|2.262508,0.0147495
N7950|2570|0.349147,N7948|3208|2.491316,0.0116229
N7950|2570|0.349147,N7929|8368|0.436093,0.0147315
N7950|2570|0.349147,N7951|13066|0.564577,0.0131781
N10750|2680|0.397559,N10752|3660|2.730505,0.010053
N10750|2680|0.397559,N10756|14201|0.794564,0.0116266
N10750|2680|0.397559,N10744|15106|0.931125,0.00849668
N10750|2680|0.397559,N10745|5703|0.574657,0.00849668
N10750|2680|0.397559,N10755|9910|0.092655,0.0131719
N10750|2680|0.397559,N10747|6612|0.988886,0.0100575
N8128|13259|2.200318,N8126|11528|0.612712,0.00927551
N9611|15371|0.993276,N9609|10128|0.284588,0.00694677
N9611|15371|0.993276,N9613|2547|1.333227,0.0131717
N9611|15371|0.993276,N9606|2531|2.031099,0.00771988
N8128|13259|2.200318,N8129|11328|0.494628,0.00461621
N9611|15371|0.993276,N9608|11572|0.374229,0.00772727
N10276|11663|0.545869,N10273|9155|0.73328,0.00616105
N10276|11663|0.545869,N10267|10586|0.40598,0.0116149
N10276|11663|0.545869,N10268|3994|0.35638,0.0131778
N10276|11663|0.545869,N10270|10304|2.06993,0.0100652
N10276|11663|0.545869,N10275|5419|0.563275,0.00618495
N7408|10835|0.386487,N7417|6681|1.424463,0.013235
N7408|10835|0.386487,N7383|14512|0.16135,0.0131782
N7408|10835|0.386487,N7423|1585|0.671532,0.0139936
N10276|11663|0.545869,N10274|5492|0.296863,0.0100697
N10276|11663|0.545869,N10272|2815|0.999696,0.00694519
N7871|11142|0.905978,N7867|6195|1.334354,0.0139518
N7871|11142|0.905978,N7870|14214|6.590519,0.00695621
N10276|11663|0.545869,N10271|12976|0.245497,0.00694519
N10276|11663|0.545869,N10269|11143|0.494647,0.0116137
N11954|4957|0.282237,N11955|12818|1.911261,0.0053901
N11954|4957|0.282237,N11966|13569|0.808196,0.0140357
N9181|12474|1.057967,N9180|5001|3.375613,0.0116218
N11954|4957|0.282237,N11957|13971|6.486149,0.0131632
N9181|12474|1.057967,N9186|9758|3.259599,0.013967
N11954|4957|0.282237,N11961|13104|1.409509,0.0147928
N11954|4957|0.282237,N11956|6480|9.168637,0.0084865
N9181|12474|1.057967,N9182|12799|2.199459,0.00462623
N9181|12474|1.057967,N9189|7492|1.163304,0.0101002
N11954|4957|0.282237,N11952|11870|5.797853,0.0100698
N11954|4957|0.282237,N11951|8255|0.548719,0.0023086
N12882|8554|0.299096,N12881|12202|1.538248,0.0108452
N12882|8554|0.299096,N12879|5607|0.1192,0.0124256
N11954|4957|0.282237,N11953|9752|0.750454,0.00153498
N12882|8554|0.299096,N12884|13010|4.320356,0.00772378
N11954|4957|0.282237,N11963|11284|0.294758,0.0139962
N12882|8554|0.299096,N12891|12862|2.908224,0.0147403
N11852|4782|0.717828,N11856|10156|0.731721,0.00539526
N11852|4782|0.717828,N11854|11165|10.228493,0.0147478
N11852|4782|0.717828,N11853|9765|0.63808,0.00384782
N11066|10755|0.62982,N11065|4475|0.303463,0.0116494
N11852|4782|0.717828,N11855|1402|1.32821,0.00619745
N11066|10755|0.62982,N11079|7055|0.791885,0.0139778
N11066|10755|0.62982,N11077|9491|0.19632,0.0139783
N11852|4782|0.717828,N11851|14739|0.573553,0.0092835
N11066|10755|0.62982,N11071|4197|0.05893,0.0108959
N7535|15379|0.344831,N7526|14207|0.370422,0.00928414
N10040|14508|1.387221,N10036|13480|0.940195,0.0147703
N7535|15379|0.344831,N7533|13695|0.987302,0.00775317
N7535|15379|0.344831,N7531|12465|1.898525,0.0147707
N10040|14508|1.387221,N10044|7950|0.695635,0.0139654
N7535|15379|0.344831,N7530|5931|0.470247,0.0124017
N10040|14508|1.387221,N10041|3276|0.238204,0.00616108
N10040|14508|1.387221,N10026|6382|0.390611,0.0147631
N7535|15379|0.344831,N7556|6176|0.951097,0.0147588
N7535|15379|0.344831,N7555|11252|0.72638,0.013187
N7535|15379|0.344831,N7514|9617|2.501809,0.0147588
N10040|14508|1.387221,N10045|12472|0.860905,0.0108354
N10040|14508|1.387221,N10032|5670|1.922361,0.0147585
N10040|14508|1.387221,N10043|4898|1.58554,0.0116481
N10040|14508|1.387221,N10031|9388|0.138167,0.0147633
N10040|14508|1.387221,N10024|11221|2.732505,0.0139937
N9609|10128|0.284588,N9606|2531|2.031099,0.00384396
N9609|10128|0.284588,N9608|11572|0.374229,0.00230291
N13007|8348|0.281633,N12991|5822|0.477255,0.0108263
N13007|8348|0.281633,N13003|5409|0.615798,0.00461616
N13007|8348|0.281633,N12989|14824|0.718334,0.00849127
N13007|8348|0.281633,N12980|11454|2.467428,0.010844
N13007|8348|0.281633,N12979|10967|5.097833,0.0116334
N13007|8348|0.281633,N13004|6360|0.690787,0.00617496
N13007|8348|0.281633,N13001|13178|0.76269,0.00616638
N13007|8348|0.281633,N13006|7909|1.475456,0.00462035
N12455|8365|0.335368,N12435|2899|0.967227,0.0123974
N13007|8348|0.281633,N13005|4444|1.174449,0.00384516
N12455|8365|0.335368,N12452|14869|3.860011,0.00927717
N13007|8348|0.281633,N12982|14252|0.33309,0.0131685
N13007|8348|0.281633,N12983|7343|0.747241,0.014745
N13007|8348|0.281633,N12969|7672|1.042786,0.0123996
N13007|8348|0.281633,N13000|10768|0.660106,0.00694561
N12455|8365|0.335368,N12443|9845|0.533965,0.00849264
N12455|8365|0.335368,N12431|9022|3.267187,0.0147329
N13007|8348|0.281633,N12995|3030|0.832701,0.00849977
N12455|8365|0.335368,N12444|4137|0.107218,0.00770869
N12455|8365|0.335368,N12454|9739|0.606509,0.00230279
N13007|8348|0.281633,N12978|8669|5.795832,0.0108579
N12455|8365|0.335368,N12428|3118|1.22185,0.0100501
N13007|8348|0.281633,N12985|2038|1.072247,0.0123871
N12455|8365|0.335368,N12432|11765|4.38801,0.0132001
N13007|8348|0.281633,N12988|5294|0.324096,0.0108263
N12455|8365|0.335368,N12447|13631|1.752321,0.00384391
N12455|8365|0.335368,N12441|15258|0.530176,0.0108333
N13007|8348|0.281633,N12998|8221|0.848825,0.0100485
N13007|8348|0.281633,N12996|11426|0.862639,0.0100513
N12455|8365|0.335368,N12430|11924|0.617032,0.0116068
N13007|8348|0.281633,N12987|13617|0.236659,0.00927341
N9326|7552|0.69364,N9257|6339|0.058928,0.0147586
N13007|8348|0.281633,N12992|10856|1.925319,0.00926633
N9326|7552|0.69364,N9255|14771|0.350205,0.0147586
N13007|8348|0.281633,N12975|8764|3.432604,0.0147706
N13007|8348|0.281633,N12986|8658|4.09695,0.0100512
N13007|8348|0.281633,N12997|12399|1.005863,0.0116212
N13007|8348|0.281633,N12977|12673|1.17305,0.00694649
N9326|7552|0.69364,N9315|14193|0.052861,0.010838
N9326|7552|0.69364,N9318|10710|0.589619,0.0108385
N9326|7552|0.69364,N9325|4983|1.773833,0.00461973
N7522|4237|0.734102,N7521|14868|1.070535,0.00461965
N7522|4237|0.734102,N7551|6559|0.176527,0.0131842
N9326|7552|0.69364,N9324|10213|1.234839,0.00848236
N7522|4237|0.734102,N7548|5956|1.281553,0.0147715
N11722|14901|2.597424,N11721|7100|1.057761,0.0131877
N7522|4237|0.734102,N7519|6406|1.156999,0.00931045
N11722|14901|2.597424,N11719|14393|0.569167,0.0139716
N11722|14901|2.597424,N11729|11774|0.076808,0.0131802
N7522|4237|0.734102,N7523|6854|0.116439,0.0124088
N7522|4237|0.734102,N7534|5987|0.306367,0.0108586
N7522|4237|0.734102,N7532|11177|0.150479,0.0132378
N7522|4237|0.734102,N7541|6674|0.832864,0.0131871
N7522|4237|0.734102,N7546|4592|0.931722,0.0139642
N7522|4237|0.734102,N7517|11346|0.636323,0.0100699
N7522|4237|0.734102,N7528|1998|1.594102,0.0116708
N11722|14901|2.597424,N11727|3472|0.293825,0.00927549
N7522|4237|0.734102,N7535|15379|0.344831,0.0132169
N7522|4237|0.734102,N7526|14207|0.370422,0.010087
N7522|4237|0.734102,N7516|3203|2.842382,0.0139807
N7522|4237|0.734102,N7533|13695|0.987302,0.0148356
N7522|4237|0.734102,N7543|1554|2.449295,0.0147455
N7522|4237|0.734102,N7530|5931|0.470247,0.0147891
N7522|4237|0.734102,N7556|6176|0.951097,0.0123977
N7522|4237|0.734102,N7555|11252|0.72638,0.0108332
N7522|4237|0.734102,N7514|9617|2.501809,0.0108463
N7522|4237|0.734102,N7515|11916|1.841037,0.0116341
N10283|15113|0.181433,N10287|12296|3.816019,0.00927828
N7522|4237|0.734102,N7545|8538|0.438066,0.0139776
N10418|7026|0.951921,N10440|6346|0.732477,0.011608
N10418|7026|0.951921,N10420|12519|2.497745,0.00926077
N10418|7026|0.951921,N10421|1621|0.185784,0.00848233
N10418|7026|0.951921,N10432|5320|1.445576,0.0115959
N10746|14541|3.637365,N10749|1785|0.563142,0.00927035
N10746|14541|3.637365,N10753|3568|1.688756,0.00927736
N10418|7026|0.951921,N10422|3726|1.772569,0.0147399
N10746|14541|3.637365,N10754|3438|0.225781,0.00771988
N10746|14541|3.637365,N10751|13615|1.046001,0.00694099
N10746|14541|3.637365,N10750|2680|0.397559,0.010053
N9782|7673|0.145769,N9770|2752|0.871925,0.0131869
N9782|7673|0.145769,N9783|3885|1.362226,0.0147506
N10746|14541|3.637365,N10752|3660|2.730505,0.00926987
N10746|14541|3.637365,N10756|14201|0.794564,0.0108323
N10746|14541|3.637365,N10744|15106|0.931125,0.00307298
N10746|14541|3.637365,N10745|5703|0.574657,0.00307298
N9782|7673|0.145769,N9772|13322|0.457933,0.0108333
N9782|7673|0.145769,N9784|14679|1.191138,0.0123731
N10746|14541|3.637365,N10757|13478|4.282374,0.014758
N10746|14541|3.637365,N10755|9910|0.092655,0.0123837
N10746|14541|3.637365,N10747|6612|0.988886,0.0061673
N10948|2336|1.56205,N10932|10182|2.090259,0.0132016
N10948|2336|1.56205,N10950|13305|2.123607,0.0123873
N10948|2336|1.56205,N10934|13815|0.189545,0.0116108
N10948|2336|1.56205,N10952|8842|2.528475,0.0139671
N10948|2336|1.56205,N10936|3645|4.274939,0.0147715
N10948|2336|1.56205,N10939|4559|0.840806,0.0124087
N7560|13554|1.49305,N7561|9872|3.267491,0.0147499
N9832|1525|1.122397,N9829|13984|2.773599,0.0108959
N9832|1525|1.122397,N9831|5311|1.423124,0.0124593
N9832|1525|1.122397,N9827|9083|2.365915,0.0124409
N7560|13554|1.49305,N7557|4950|4.0615,0.0147589
N9832|1525|1.122397,N9822|10407|0.064502,0.0132353
N7560|13554|1.49305,N7556|6176|0.951097,0.0116154
N7560|13554|1.49305,N7555|11252|0.72638,0.0100516
N11838|8325|3.614666,N11808|11992|1.485664,0.0147405
N11838|8325|3.614666,N11842|13507|2.938431,0.00926685
N11838|8325|3.614666,N11797|9811|2.536506,0.0147644
N11838|8325|3.614666,N11795|11647|0.638361,0.013982
N11838|8325|3.614666,N11821|8630|1.302247,0.0147561
N11838|8325|3.614666,N11832|5076|0.375143,0.0131872
N11838|8325|3.614666,N11818|14577|0.522973,0.0147563
N9392|14986|1.902598,N9401|6112|0.850151,0.0131967
N11838|8325|3.614666,N11845|7795|0.316845,0.00849116
N9392|14986|1.902598,N9389|13321|2.01369,0.0131802
N9392|14986|1.902598,N9260|6145|0.076925,0.0147399
N9392|14986|1.902598,N9384|9009|1.313177,0.0123941
N11838|8325|3.614666,N11826|10781|1.093903,0.0147679
N11838|8325|3.614666,N11835|1559|2.226693,0.00926436
N11838|8325|3.614666,N11805|9530|2.079066,0.0147584
N9392|14986|1.902598,N9380|13987|0.013952,0.00849145
N9392|14986|1.902598,N9386|13312|1.083904,0.0139525
N11838|8325|3.614666,N11799|11006|0.930139,0.013982
N11838|8325|3.614666,N11840|5885|0.521166,0.0147394
N11838|8325|3.614666,N11812|8304|1.873095,0.0139609
N11838|8325|3.614666,N11801|13264|1.168057,0.0147404
N11838|8325|3.614666,N11844|10359|0.208095,0.00927445
N9392|14986|1.902598,N9393|2307|0.682241,0.0139712
N9392|14986|1.902598,N9359|13859|0.138749,0.011608
N9392|14986|1.902598,N9368|5528|1.847757,0.0139543
N9392|14986|1.902598,N9385|1958|3.873197,0.0123902
N9392|14986|1.902598,N9259|8520|0.048263,0.0139607
N9392|14986|1.902598,N9390|2933|0.66356,0.00461395
N9392|14986|1.902598,N9257|6339|0.058928,0.0147435
N9392|14986|1.902598,N9255|14771|0.350205,0.0147435
N9392|14986|1.902598,N9382|3614|0.131365,0.0092747
N9392|14986|1.902598,N9381|3359|1.575732,0.0108196
N7471|5844|5.275961,N7470|7144|0.418873,0.00538377
N7471|5844|5.275961,N7465|14436|1.092007,0.0139528
N7471|5844|5.275961,N7466|3451|0.070638,0.0046126
N9392|14986|1.902598,N9370|6191|0.044663,0.0131763
N7227|3532|0.645177,N7235|9395|5.523015,0.0108268
N7227|3532|0.645177,N7232|14323|1.293716,0.0061612
N9392|14986|1.902598,N9358|15303|1.043357,0.012394
N7227|3532|0.645177,N7233|6506|1.924172,0.00929657
N9392|14986|1.902598,N9363|2727|3.279489,0.014733
N7227|3532|0.645177,N7234|5555|2.762448,0.00694562
N7227|3532|0.645177,N7262|2821|1.430439,0.0147482
N12599|8353|1.454529,N12553|5590|1.684612,0.0147394
N12599|8353|1.454529,N12550|8083|0.027918,0.0116176
N12599|8353|1.454529,N12602|14045|0.864212,0.00771801
N12599|8353|1.454529,N12588|14367|1.187912,0.0139653
N12599|8353|1.454529,N12594|12877|0.083073,0.0116233
N12599|8353|1.454529,N12600|4349|1.436957,0.00771808
N12599|8353|1.454529,N12554|10454|0.637343,0.0116141
N12599|8353|1.454529,N12595|11041|1.186994,0.011614
N12599|8353|1.454529,N12569|10700|0.180908,0.0147694
N12286|2249|1.484521,N12281|5227|0.377566,0.0116092
N7417|6681|1.424463,N7383|14512|0.16135,0.0132008
N8624|10418|0.10335,N8618|8039|2.882696,0.0147584
N8624|10418|0.10335,N8612|4816|1.555392,0.012409
N8624|10418|0.10335,N8609|14094|1.142652,0.013219
N7417|6681|1.424463,N7423|1585|0.671532,0.013287
N8624|10418|0.10335,N8582|11892|0.085459,0.0132021
N8624|10418|0.10335,N8621|5138|0.857882,0.0131898
N8624|10418|0.10335,N8619|8016|1.529343,0.0124236
N8624|10418|0.10335,N8622|5565|0.483006,0.0116493
N8624|10418|0.10335,N8613|14565|1.836866,0.0131859
N8624|10418|0.10335,N8603|14859|1.315696,0.0147563
N8624|10418|0.10335,N8617|12262|1.10584,0.0116341
N8624|10418|0.10335,N8623|12267|0.077572,0.0108744
N8624|10418|0.10335,N8600|9314|0.056536,0.0147563
N12709|14585|1.050716,N12701|2282|0.18295,0.010812
N11880|4025|0.996726,N11881|6942|0.073808,0.00307482
N12709|14585|1.050716,N12714|10751|1.147907,0.0147188
N12709|14585|1.050716,N12704|5082|0.077263,0.00693372
N12709|14585|1.050716,N12713|9021|0.783928,0.013943
N12709|14585|1.050716,N12706|2094|2.755776,0.0108162
N12709|14585|1.050716,N12698|2168|0.184657,0.00771195
N11880|4025|0.996726,N11879|3783|1.669866,0.00693612
N11880|4025|0.996726,N11871|11403|1.151245,0.0148146
N12709|14585|1.050716,N12703|7544|2.064741,0.0116118
N12709|14585|1.050716,N12696|6059|0.392814,0.00770664
N11880|4025|0.996726,N11883|3741|1.188736,0.00850028
N11880|4025|0.996726,N11898|12236|0.570303,0.013965
N12709|14585|1.050716,N12707|9393|5.140154,0.0139614
N11880|4025|0.996726,N11896|7098|0.209161,0.0131873
N11880|4025|0.996726,N11897|9610|0.038403,0.0123981
N11880|4025|0.996726,N11882|7865|2.939695,0.0100586
N11880|4025|0.996726,N11884|4095|1.34364,0.0061675
N11880|4025|0.996726,N11885|8742|4.861418,0.00771166
N11880|4025|0.996726,N11891|11355|0.511365,0.0147312
N11880|4025|0.996726,N11878|13279|2.578469,0.0100608
N12473|13030|2.051846,N12472|2949|0.315673,0.00461395
N12473|13030|2.051846,N12460|14159|2.404334,0.0139612
N12473|13030|2.051846,N12482|15143|0.193936,0.0147623
N12473|13030|2.051846,N12527|9237|0.448218,0.014757
N12473|13030|2.051846,N12518|9895|2.414444,0.0124243
N12473|13030|2.051846,N12504|8693|0.601243,0.0147624
N12473|13030|2.051846,N12519|10480|2.16617,0.0108478
N12473|13030|2.051846,N12550|8083|0.027918,0.0124155
N8291|3256|0.960136,N8268|8648|0.845495,0.0147583
N8291|3256|0.960136,N8290|2568|1.4958,0.00076736
N8291|3256|0.960136,N8270|12417|0.104344,0.0139557
N12473|13030|2.051846,N12588|14367|1.187912,0.0139795
N8291|3256|0.960136,N8293|1656|0.456544,0.00617516
N8291|3256|0.960136,N8284|9545|0.942407,0.0132004
N8291|3256|0.960136,N8282|11307|0.484542,0.00849143
N8291|3256|0.960136,N8279|2342|1.632515,0.0139524
N12473|13030|2.051846,N12554|10454|0.637343,0.0124063
N12473|13030|2.051846,N12534|12395|1.442349,0.0124063
N12473|13030|2.051846,N12497|5875|0.074333,0.0123901
N12473|13030|2.051846,N12517|2545|1.034848,0.0116305
N12473|13030|2.051846,N12529|4469|3.56161,0.0147793
N8291|3256|0.960136,N8283|9462|2.4115,0.0108352
N12473|13030|2.051846,N12476|9967|1.35257,0.00928681
N12473|13030|2.051846,N12461|3483|0.725069,0.0123847
N8291|3256|0.960136,N8276|7340|0.140385,0.0100442
N8291|3256|0.960136,N8271|14464|0.211769,0.0124011
N8291|3256|0.960136,N8288|9960|1.501892,0.01007
N8291|3256|0.960136,N8278|12996|0.77561,0.0116022
N8291|3256|0.960136,N8294|7565|3.15105,0.00617516
N8291|3256|0.960136,N8287|3791|6.88409,0.0139779
N8291|3256|0.960136,N8295|11083|0.439892,0.00616725
N8291|3256|0.960136,N8274|11759|1.247002,0.0124242
N8291|3256|0.960136,N8286|9640|2.704707,0.0147628
N8291|3256|0.960136,N8292|6296|4.341422,0.0100565
N8291|3256|0.960136,N8272|10761|0.822104,0.0100495
N8291|3256|0.960136,N8281|15228|0.040968,0.0123976
N8291|3256|0.960136,N8280|5972|1.604295,0.0116007
N8291|3256|0.960136,N8289|1508|1.847277,0.00384652
N8291|3256|0.960136,N8266|9494|2.242049,0.0116217
N10601|10420|0.959582,N10600|7005|3.999064,0.00771744
N8291|3256|0.960136,N8285|13409|1.135024,0.0132189
N10601|10420|0.959582,N10594|11499|0.093242,0.012385
N9347|12956|0.789723,N9328|11461|0.306619,0.0116218
N9347|12956|0.789723,N9345|13969|7.396194,0.012386
N9347|12956|0.789723,N9346|11654|6.65723,0.0108197
N9347|12956|0.789723,N9343|11073|2.399815,0.0131941
N9347|12956|0.789723,N9337|15095|0.733485,0.0131901
N9257|6339|0.058928,N9286|1853|1.74475,0.0124255
N9257|6339|0.058928,N9267|10389|2.109554,0.0139605
N9257|6339|0.058928,N9268|8263|0.021383,0.0092772
N9257|6339|0.058928,N9255|14771|0.350205,0.0015369
N9257|6339|0.058928,N9382|3614|0.131365,0.0131827
N9257|6339|0.058928,N9381|3359|1.575732,0.0147397
N9257|6339|0.058928,N9281|5602|0.079699,0.00927431
N9257|6339|0.058928,N9370|6191|0.044663,0.0139671
N9347|12956|0.789723,N9350|15286|0.742999,0.0131875
N9257|6339|0.058928,N9294|15120|0.75094,0.014739
N9257|6339|0.058928,N9266|13703|1.254768,0.0116292
N9257|6339|0.058928,N9263|4414|1.894238,0.012399
N9257|6339|0.058928,N9264|5275|1.087171,0.012417
N9257|6339|0.058928,N9273|13046|0.2787,0.00850088
N9257|6339|0.058928,N9358|15303|1.043357,0.013178
N9257|6339|0.058928,N9272|7257|0.692674,0.00849997
N9347|12956|0.789723,N9340|13662|3.058796,0.0116153
N9347|12956|0.789723,N9349|10069|1.964609,0.0139651
N9347|12956|0.789723,N9331|12217|1.148734,0.0139617
N9460|14612|1.321419,N9459|2033|2.847912,0.00849282
N9347|12956|0.789723,N9333|13054|1.645774,0.0123916
N9347|12956|0.789723,N9344|3471|0.361147,0.01084
N9347|12956|0.789723,N9332|12098|1.613069,0.0147587
N9347|12956|0.789723,N9342|14450|0.850897,0.0100609
N9347|12956|0.789723,N9334|8076|0.202191,0.0100609
N10886|10892|0.837839,N10889|12944|1.138312,0.010092
N10886|10892|0.837839,N10885|4074|2.282468,0.00385137
N11530|12697|1.748775,N11535|7769|2.633978,0.0100585
N10886|10892|0.837839,N10874|4980|0.715485,0.0147504
N10886|10892|0.837839,N10891|9707|4.080801,0.0108332
N10886|10892|0.837839,N10884|10107|0.081986,0.0139611
N10886|10892|0.837839,N10875|5666|2.738127,0.0147454
N11530|12697|1.748775,N11524|6585|0.421476,0.0139615
N11530|12697|1.748775,N11532|1790|5.236862,0.0108266
N11530|12697|1.748775,N11534|10703|0.757553,0.00771156
N10886|10892|0.837839,N10869|5771|0.192808,0.0147585
N10886|10892|0.837839,N10893|14050|5.207701,0.013184
N11530|12697|1.748775,N11539|11393|0.198572,0.00461768
N11530|12697|1.748775,N11531|8005|0.409323,0.00774026
N11530|12697|1.748775,N11537|9896|5.27525,0.0139646
N11530|12697|1.748775,N11509|7537|0.30586,0.0139617
N11530|12697|1.748775,N11536|8711|0.193032,0.00616739
N11530|12697|1.748775,N11526|15011|1.043239,0.0139718
N10886|10892|0.837839,N10897|1837|0.253174,0.0139804
N10886|10892|0.837839,N10888|6497|3.625147,0.00929816
N10716|5404|0.583346,N10710|3869|5.917943,0.010039
N10886|10892|0.837839,N10887|12945|3.710148,0.00307298
N10716|5404|0.583346,N10724|3500|0.101707,0.00848457
N10716|5404|0.583346,N10732|12967|0.670641,0.00849125
N10716|5404|0.583346,N10725|9276|3.451623,0.0108278
N10716|5404|0.583346,N10726|6909|1.102324,0.0084846
N10716|5404|0.583346,N10727|11162|3.195729,0.0108279
N10716|5404|0.583346,N10740|14410|2.284142,0.00848231
N10716|5404|0.583346,N10735|8144|0.65834,0.0100417
N10886|10892|0.837839,N10865|4434|0.263375,0.0147504
N10886|10892|0.837839,N10892|3803|0.273582,0.00539627
N10886|10892|0.837839,N10894|8335|1.689416,0.0069562
N10886|10892|0.837839,N10895|13787|0.935012,0.00773952
N10716|5404|0.583346,N10712|12789|1.346723,0.0108238
N10716|5404|0.583346,N10713|9768|1.55032,0.012373
N9712|6511|3.783717,N9714|11644|0.558291,0.010848
N9712|6511|3.783717,N9739|12503|2.447884,0.0147724
N9712|6511|3.783717,N9711|11353|1.275095,0.00694765
N9712|6511|3.783717,N9718|3089|1.589766,0.011608
N9712|6511|3.783717,N9724|12926|0.820052,0.0132124
N9712|6511|3.783717,N9729|8174|0.467334,0.0147478
N9712|6511|3.783717,N9747|1844|0.32389,0.0147773
N9712|6511|3.783717,N9716|11708|2.376221,0.0131624
N9712|6511|3.783717,N9726|8488|0.687493,0.0124194
N9712|6511|3.783717,N9722|11084|0.167069,0.0131941
N9712|6511|3.783717,N9748|7503|0.077164,0.0139904
N9712|6511|3.783717,N9742|1593|1.843405,0.0147576
N9712|6511|3.783717,N9736|4880|0.301087,0.0147623
N10370|14796|0.063703,N10367|15352|1.641873,0.00693891
N10370|14796|0.063703,N10377|9618|0.259502,0.0030762
N9712|6511|3.783717,N9728|15310|0.085393,0.0123904
N9712|6511|3.783717,N9713|11770|0.47842,0.0038502
N10370|14796|0.063703,N10372|3539|0.245136,0.00384651
N9712|6511|3.783717,N9727|2654|0.637465,0.012398
N10370|14796|0.063703,N10375|10531|5.747938,0.0123991
N9712|6511|3.783717,N9733|11666|0.117101,0.0147623
N10370|14796|0.063703,N10369|1996|1.854409,0.00771729
N8953|8503|3.426344,N8963|5098|2.636494,0.010832
N8953|8503|3.426344,N8962|11889|1.067723,0.010832
N12056|2497|0.194814,N12059|13599|1.363123,0.00463684
N12056|2497|0.194814,N12071|7884|1.049288,0.00850413
N12056|2497|0.194814,N12070|14726|2.623534,0.0100565
N8953|8503|3.426344,N8960|4831|0.445665,0.0116138
N12056|2497|0.194814,N12057|13821|0.342187,0
N12056|2497|0.194814,N12118|8639|1.477518,0.0148096
N12056|2497|0.194814,N12079|8311|0.820379,0.0108462
N8953|8503|3.426344,N8956|15297|1.548554,0.0108247
N12056|2497|0.194814,N12068|5333|1.970972,0.0132165
N12056|2497|0.194814,N12076|12350|0.074,0.010873
N12056|2497|0.194814,N12061|12893|2.846137,0.011634
N12056|2497|0.194814,N12053|7243|0.075714,0.00307693
N12056|2497|0.194814,N12060|10946|0.282027,0.0061643
N12056|2497|0.194814,N12093|6486|0.715147,0.0124404
N8953|8503|3.426344,N8942|9028|0.173101,0.0131761
N8953|8503|3.426344,N8957|5722|3.760041,0.0116135
N12056|2497|0.194814,N12078|9343|0.596771,0.0124272
N12056|2497|0.194814,N12064|12188|2.046563,0.0116231
N12056|2497|0.194814,N12052|1462|0.742898,0.00697118
N12056|2497|0.194814,N12063|8845|0.246638,0.00771326
N12056|2497|0.194814,N12051|4854|0.440591,0.00384521
N12056|2497|0.194814,N12069|14335|0.683639,0.0116254
N12056|2497|0.194814,N12054|11742|8.2643,0.00076736
N12056|2497|0.194814,N12058|6335|6.011002,0.0116327
N12056|2497|0.194814,N12074|9368|0.993391,0.0100719
N12056|2497|0.194814,N12088|1729|0.444098,0.0148592
N12056|2497|0.194814,N12050|1425|0.06447,0.00384521
N12056|2497|0.194814,N12094|8684|0.190719,0.0124404
N12056|2497|0.194814,N12067|15033|0.850597,0.0124233
N12056|2497|0.194814,N12047|4052|0.982478,0.0148095
N12056|2497|0.194814,N12062|10982|1.689488,0.0077198
N8963|5098|2.636494,N8946|6380|0.862479,0.0123902
N8963|5098|2.636494,N8962|11889|1.067723,0.00773864
N12056|2497|0.194814,N12091|4328|0.976929,0.0132346
N8963|5098|2.636494,N8960|4831|0.445665,0.00852379
N12056|2497|0.194814,N12049|6519|2.771871,0.00771979
N8963|5098|2.636494,N8956|15297|1.548554,0.00774011
N9129|6946|3.492939,N9132|5707|1.346113,0.00694543
N8963|5098|2.636494,N8948|7351|0.152822,0.0124064
N9129|6946|3.492939,N9140|13873|0.78678,0.0131943
N9129|6946|3.492939,N9138|9432|0.011423,0.0139528
N8963|5098|2.636494,N8942|9028|0.173101,0.0100566
N9129|6946|3.492939,N9113|7273|1.274578,0.0139617
N9129|6946|3.492939,N9126|4611|0.442235,0.0139617
N8963|5098|2.636494,N8957|5722|3.760041,0.00850122
N9129|6946|3.492939,N9117|15300|3.458374,0.0147478
N9129|6946|3.492939,N9116|10730|0.445411,0.0131749
N12041|14055|1.671787,N12045|1390|0.023712,0.0147318
N9129|6946|3.492939,N9134|1592|0.274906,0.0100515
N12041|14055|1.671787,N12044|12645|2.397157,0.00694529
N12041|14055|1.671787,N12043|2441|0.607167,0.00694796
N9129|6946|3.492939,N9115|2253|1.392066,0.012398
N9129|6946|3.492939,N9114|12028|0.249049,0.0131842
N12041|14055|1.671787,N12040|10844|2.851819,0.00929933
N11613|13304|1.663156,N11611|3842|2.309476,0.00615826
N9129|6946|3.492939,N9131|9161|4.331721,0.0139717
N11613|13304|1.663156,N11600|4625|0.576178,0.0116095
N9129|6946|3.492939,N9133|10512|0.63993,0.0100497
N11613|13304|1.663156,N11593|9226|1.599335,0.0123796
N11613|13304|1.663156,N11607|13674|2.220092,0.00771346
N11613|13304|1.663156,N11614|15324|0.132472,0.00307173
N13054|12514|5.889927,N13058|11167|1.17044,0.0148346
N13054|12514|5.889927,N13052|14348|1.81875,0.0147884
N13054|12514|5.889927,N13053|4954|0.008268,0.00773935
N8814|6773|4.388186,N8808|7597|2.501861,0.0139471
N8814|6773|4.388186,N8813|2637|0.544467,0.00307171
N8814|6773|4.388186,N8809|7652|0.05461,0.0123895
N12586|9119|0.317787,N12553|5590|1.684612,0.0147453
N12586|9119|0.317787,N12589|4455|2.489465,0.0123914
N12586|9119|0.317787,N12550|8083|0.027918,0.0116151
N12586|9119|0.317787,N12588|14367|1.187912,0.00849626
N12586|9119|0.317787,N12554|10454|0.637343,0.0116069
N12607|6440|2.552327,N12610|8129|0.59334,0.011629
N12607|6440|2.552327,N12605|8811|3.099897,0.0116151
N12607|6440|2.552327,N12606|9140|4.083458,0.0131744
N10036|13480|0.940195,N10041|3276|0.238204,0.0116219
N12607|6440|2.552327,N12608|14060|1.436867,0.0116215
N10036|13480|0.940195,N10026|6382|0.390611,0.0139801
N10036|13480|0.940195,N10037|9292|2.547198,0.0116081
N10036|13480|0.940195,N10045|12472|0.860905,0.0116256
N7785|2154|0.041507,N7792|9946|0.224628,0.00694679
N7785|2154|0.041507,N7777|12890|0.95141,0.00384392
N10036|13480|0.940195,N10032|5670|1.922361,0.0139726
N7785|2154|0.041507,N7794|1492|0.202883,0.00693896
N7785|2154|0.041507,N7789|7892|0.064587,0.00384621
N7785|2154|0.041507,N7814|5279|0.380088,0.0147894
N7785|2154|0.041507,N7780|11268|5.5285,0.0124192
N7785|2154|0.041507,N7779|11337|5.795378,0.0116174
N7785|2154|0.041507,N7795|5061|2.843486,0.00770873
N10036|13480|0.940195,N10031|9388|0.138167,0.0139802
N7785|2154|0.041507,N7761|15153|1.102326,0.0147584
N7785|2154|0.041507,N7781|2797|2.301592,0.00384751
N10036|13480|0.940195,N10038|1866|3.436396,0.0139807
N7785|2154|0.041507,N7778|3705|0.300916,0.00461617
N10036|13480|0.940195,N10024|11221|2.732505,0.0132036
N10126|7006|1.472433,N10127|9599|0.325855,0.0108445
N10126|7006|1.472433,N10121|9339|3.613094,0.0116481
N10126|7006|1.472433,N10119|10803|0.316622,0.0139964
N10126|7006|1.472433,N10105|6840|2.06747,0.0124017
N12034|7827|0.228646,N12035|7725|2.1697,0.00694775
N10126|7006|1.472433,N10061|3384|0.179959,0.012441
N10126|7006|1.472433,N10110|10994|0.926104,0.0148103
N10126|7006|1.472433,N10057|13681|0.686815,0.0147912
N8231|2022|0.183436,N8226|13829|0.208442,0.0100574
N8231|2022|0.183436,N8228|7326|1.080997,0.0124107
N12034|7827|0.228646,N12033|4981|0.952,0.00153498
N8231|2022|0.183436,N8189|11388|1.488916,0.0147719
N10074|15315|1.628929,N10080|5024|2.17992,0.00694553
N8231|2022|0.183436,N8230|11367|1.090861,0.00618522
N8231|2022|0.183436,N8223|15199|0.150591,0.0100608
N10074|15315|1.628929,N10089|1801|0.434429,0.00850439
N8231|2022|0.183436,N8206|5109|0.82291,0.0148354
N10074|15315|1.628929,N10079|14260|1.084337,0.0100583
N8231|2022|0.183436,N8229|12704|0.376581,0.0108386
N10074|15315|1.628929,N10075|10071|1.185983,0.00307489
N8231|2022|0.183436,N8203|11050|0.018259,0.014012
N12472|2949|0.315673,N12460|14159|2.404334,0.0147474
N12472|2949|0.315673,N12518|9895|2.414444,0.0131968
N10074|15315|1.628929,N10068|11807|1.557756,0.0147706
N10074|15315|1.628929,N10063|11014|3.925773,0.0147802
N12472|2949|0.315673,N12519|10480|2.16617,0.0116176
N12472|2949|0.315673,N12550|8083|0.027918,0.0131831
N12472|2949|0.315673,N12588|14367|1.187912,0.0147496
N10074|15315|1.628929,N10084|5706|2.767464,0.0147635
N10074|15315|1.628929,N10065|8060|1.039306,0.0132084
N12472|2949|0.315673,N12554|10454|0.637343,0.0124063
N10074|15315|1.628929,N10094|7322|3.27339,0.0108388
N12472|2949|0.315673,N12534|12395|1.442349,0.0123941
N12472|2949|0.315673,N12497|5875|0.074333,0.0139457
N10074|15315|1.628929,N10096|4634|3.033585,0.0108389
N12472|2949|0.315673,N12517|2545|1.034848,0.0123992
N12472|2949|0.315673,N12476|9967|1.35257,0.0108353
N12472|2949|0.315673,N12461|3483|0.725069,0.0131715
N10074|15315|1.628929,N10078|2341|1.12871,0.0123963
N10074|15315|1.628929,N10071|1580|0.257818,0.00385431
N10074|15315|1.628929,N10082|5613|2.048412,0.0108316
N10074|15315|1.628929,N10083|10662|0.54533,0.00850239
N10074|15315|1.628929,N10088|8467|3.918434,0.0116259
N10074|15315|1.628929,N10061|3384|0.179959,0.0108485
N10074|15315|1.628929,N10087|7836|0.189476,0.0108465
N10074|15315|1.628929,N10076|15281|0.628564,0.00230536
N10074|15315|1.628929,N10081|3877|1.475931,0.00927573
N10074|15315|1.628929,N10057|13681|0.686815,0.0139806
N10072|8858|34.778077,N10073|8592|34.297242,0.00153689
N8776|15361|0.62543,N8777|4142|1.991633,0.00384522
N11781|9068|0.252002,N11785|7370|0.623601,0.0108382
N11781|9068|0.252002,N11782|2523|0.488763,0.00928647
N11781|9068|0.252002,N11787|2861|0.090931,0.0108323
N11781|9068|0.252002,N11784|11902|1.191376,0.00928639
N11781|9068|0.252002,N11777|9609|0.992037,0.0100444
N8688|4850|0.262757,N8682|2017|0.76434,0.0108247
N8688|4850|0.262757,N8685|8382|2.471957,0.0131863
N8688|4850|0.262757,N8679|11931|0.669346,0.00849273
N8688|4850|0.262757,N8686|3829|3.228244,0.00384525
N8688|4850|0.262757,N8687|12321|2.324755,0.00230472
N8688|4850|0.262757,N8680|4515|3.231541,0.013157
N8688|4850|0.262757,N8691|3049|1.408434,0.00694974
N7875|5023|1.98417,N7876|5721|1.21441,0.0131898
N7875|5023|1.98417,N7878|13273|0.48581,0.0116489
N10387|6216|2.095854,N10386|3606|3.641698,0.0139777
N7875|5023|1.98417,N7886|11490|0.911306,0.0147504
N7875|5023|1.98417,N7881|5503|0.713161,0.0140116
N10387|6216|2.095854,N10385|13721|0.084633,0.00927437
N7875|5023|1.98417,N7877|6834|2.985305,0.0108593
N10387|6216|2.095854,N10388|9945|4.627814,0.0139526
N8500|2118|0.566395,N8502|10376|2.276196,0.0069553
N10387|6216|2.095854,N10394|7361|0.277432,0.0116001
N10387|6216|2.095854,N10389|10520|0.887805,0.0123776
N12031|14336|0.369241,N12010|8885|0.16324,0.0147893
N12031|14336|0.369241,N12030|1666|0.67563,0.0147503
N12031|14336|0.369241,N12032|4705|6.068939,0.0139669
N8241|10660|1.372308,N8235|6917|1.159887,0.0123772
N12031|14336|0.369241,N12029|10438|1.346632,0.0147584
N8241|10660|1.372308,N8244|6887|2.946368,0.0100443
N8241|10660|1.372308,N8249|8431|0.561774,0.0147455
N8241|10660|1.372308,N8236|7663|0.449271,0.0100583
N11569|6248|0.24562,N11571|14920|0.603058,0.0038452
N8241|10660|1.372308,N8238|14320|0.980953,0.0108451
N8241|10660|1.372308,N8237|2182|0.011431,0.00771843
N8241|10660|1.372308,N8240|6200|0.610919,0.00538743
N7771|12711|0.814686,N7772|12346|8.043125,0.0131841
N7771|12711|0.814686,N7776|6843|0.069426,0.00616434
N7771|12711|0.814686,N7775|13589|2.24303,0.00771996
N10697|7960|0.903994,N10693|2709|1.502121,0.0116043
N10697|7960|0.903994,N10690|10840|0.150533,0.011611
N10697|7960|0.903994,N10691|14865|3.674489,0.0131747
N10697|7960|0.903994,N10689|2421|0.07598,0.011607
N7771|12711|0.814686,N7762|5234|0.684786,0.0108398
N7771|12711|0.814686,N7761|15153|1.102326,0.00850413
N7771|12711|0.814686,N7774|9310|0.070145,0.00461957
N10697|7960|0.903994,N10694|6472|1.555003,0.0116071
N7772|12346|8.043125,N7776|6843|0.069426,0.0147585
N10697|7960|0.903994,N10695|7785|3.695465,0.00927538
N10697|7960|0.903994,N10682|12482|0.369964,0.0147313
N10697|7960|0.903994,N10692|3701|1.468518,0.0139527
N7772|12346|8.043125,N7774|9310|0.070145,0.0131899
N10697|7960|0.903994,N10698|12792|3.053573,0.00850155
N10408|13590|2.079391,N10439|3642|0.147069,0.0123979
N10408|13590|2.079391,N10411|3980|1.222384,0.00771335
N10408|13590|2.079391,N10417|4640|0.116543,0.0108261
N10408|13590|2.079391,N10438|15299|0.731709,0.0131748
N8405|14152|5.532511,N8404|3348|6.106695,0.0147733
N10408|13590|2.079391,N10446|4176|0.534117,0.0123942
N10408|13590|2.079391,N10460|1800|0.07162,0.0139609
N10408|13590|2.079391,N10445|1942|5.275127,0.013961
N10408|13590|2.079391,N10428|11845|0.863415,0.0147504
N10408|13590|2.079391,N10419|7788|0.960112,0.0139653
N10408|13590|2.079391,N10447|13406|0.157979,0.0116081
N10408|13590|2.079391,N10412|4092|3.444073,0.0139467
N10408|13590|2.079391,N10437|15110|0.575782,0.0147575
N10408|13590|2.079391,N10436|2703|0.383166,0.0123903
N10408|13590|2.079391,N10463|6162|0.183799,0.0131748
N10408|13590|2.079391,N10416|11369|0.698039,0.0139412
N10408|13590|2.079391,N10440|6346|0.732477,0.0116139
N10408|13590|2.079391,N10421|1621|0.185784,0.0131763
N10408|13590|2.079391,N10432|5320|1.445576,0.0147399
N10408|13590|2.079391,N10409|8425|0.927486,0.00616922
N10408|13590|2.079391,N10414|11960|1.623667,0.01474
N11742|13166|1.442792,N11746|4226|2.010055,0.0124066
N11848|14241|5.693892,N11847|4294|4.229367,0.00852627
N11742|13166|1.442792,N11740|12167|0.065432,0.00539393
N7954|2296|1.139415,N7961|4472|1.770793,0.00927001
N7954|2296|1.139415,N7957|5133|2.437222,0.010057
N7954|2296|1.139415,N7956|5213|0.684995,0.00461756
N13069|8228|1.755394,N13073|3533|3.807489,0.011633
N13069|8228|1.755394,N13077|12864|1.091684,0.0139787
N13069|8228|1.755394,N13082|1920|1.308468,0.0132011
N11327|15238|4.156123,N11318|8566|0.618355,0.0116263
N13069|8228|1.755394,N13078|10715|0.406326,0.0123956
N13069|8228|1.755394,N13081|11163|0.1151,0.0100598
N11327|15238|4.156123,N11322|6274|4.574686,0.0139535
N13069|8228|1.755394,N13076|4891|0.725229,0.013185
N13069|8228|1.755394,N13072|12819|1.672875,0.00927702
N13069|8228|1.755394,N13080|8198|2.835692,0.0139427
N13069|8228|1.755394,N13079|1454|0.626084,0.0131762
N11327|15238|4.156123,N11326|7505|0.083515,0.00849667
N13069|8228|1.755394,N13071|4238|1.966479,0.00617487
N13069|8228|1.755394,N13070|7113|5.886608,0.0108235
N9629|8138|0.59163,N9623|3746|1.193829,0.0131878
N9629|8138|0.59163,N9626|10459|0.299921,0.0116131
N9629|8138|0.59163,N9625|2885|4.130932,0.0147442
N9629|8138|0.59163,N9620|6713|0.765805,0.0147578
N9629|8138|0.59163,N9627|11871|0.067785,0.0139616
N9629|8138|0.59163,N9618|9331|0.067306,0.0131877
N9629|8138|0.59163,N9622|6187|0.653961,0.0147579
N9629|8138|0.59163,N9619|13035|1.280624,0.0139657
N10223|9018|1.138056,N10227|6504|1.313302,0.0147504
N9629|8138|0.59163,N9614|3685|0.075811,0.0123904
N12003|3941|0.098778,N11998|12089|0.292479,0.00461261
N12003|3941|0.098778,N12010|8885|0.16324,0.0131673
N12003|3941|0.098778,N11979|10096|0.769496,0.0147735
N12003|3941|0.098778,N11971|12636|0.690138,0.0139613
N9629|8138|0.59163,N9632|13351|0.423463,0.000767633
N12003|3941|0.098778,N11996|2488|0.139353,0.00307172
N9629|8138|0.59163,N9630|14564|1.455377,0.0023033
N9629|8138|0.59163,N9631|8649|9.699966,0.0108918
N9629|8138|0.59163,N9633|7951|1.82309,0.00540342
N12003|3941|0.098778,N12008|3071|0.647892,0.0147433
N8479|14258|4.666982,N8480|13341|0.082904,0.00618519
N8479|14258|4.666982,N8482|6029|0.305383,0.0116352
N12612|5902|0.582895,N12611|11439|0.745556,0.0023029
N12612|5902|0.582895,N12609|11183|0.604497,0.0108475
N8479|14258|4.666982,N8483|13013|1.452695,0.0131879
N7235|9395|5.523015,N7232|14323|1.293716,0.0123781
N12612|5902|0.582895,N12616|4462|1.325698,0.0147471
N12612|5902|0.582895,N12617|8249|1.299601,0.0147571
N12612|5902|0.582895,N12607|6440|2.552327,0.0116403
N12612|5902|0.582895,N12610|8129|0.59334,0.00463236
N12612|5902|0.582895,N12608|14060|1.436867,0.00928865
N7235|9395|5.523015,N7234|5555|2.762448,0.013172
N12612|5902|0.582895,N12621|1623|1.449089,0.0147434
N10527|6890|0.101809,N10539|3755|0.466474,0.0147398
N10527|6890|0.101809,N10526|7145|1.150403,0.00929586
N10527|6890|0.101809,N10536|5868|0.748762,0.0147395
N10527|6890|0.101809,N10525|5486|3.135281,0.0100513
N10527|6890|0.101809,N10535|12368|0.523269,0.0123903
N11290|10183|0.679912,N11281|13364|0.185494,0.00616929
N11290|10183|0.679912,N11288|13108|0.384806,0.00307485
N11290|10183|0.679912,N11278|7842|1.936678,0.0147402
N11290|10183|0.679912,N11272|7605|0.463027,0.0147405
N11290|10183|0.679912,N11284|8731|0.171845,0.00616437
N12906|6736|1.852248,N12896|5378|1.520829,0.0131745
N12906|6736|1.852248,N12900|12978|0.377253,0.0147744
N11290|10183|0.679912,N11282|15176|0.441175,0.0053935
N11290|10183|0.679912,N11298|1906|1.368261,0.0100566
N11290|10183|0.679912,N11285|11733|3.987936,0.0100443
N11290|10183|0.679912,N11297|9919|1.01418,0.0108387
N11290|10183|0.679912,N11295|8972|0.955216,0.0108387
N11290|10183|0.679912,N11294|5556|0.119875,0.0100498
N8116|12088|0.208523,N8168|6876|0.395138,0.0147258
N11290|10183|0.679912,N11289|6772|3.546387,0.00538679
N11290|10183|0.679912,N11287|1604|0.798294,0.00307485
N8116|12088|0.208523,N8170|12462|1.287377,0.0131593
N8116|12088|0.208523,N8163|5056|0.324114,0.0147346
N10402|4302|1.254379,N10400|14302|0.087592,0.0100698
N10402|4302|1.254379,N10407|7948|0.064604,0.0132005
N12261|7833|0.56011,N12264|8364|0.363695,0.0108263
N10857|9616|1.678103,N10858|9126|1.627575,0.00230279
N10857|9616|1.678103,N10856|6525|3.040131,0.00384146
N10857|9616|1.678103,N10855|2896|3.976089,0.00384147
N10857|9616|1.678103,N10860|12156|2.540871,0.00771817
N12261|7833|0.56011,N12262|1782|4.30074,0.0139557
N12261|7833|0.56011,N12263|14753|1.330916,0.0139465
N12261|7833|0.56011,N12279|8457|0.616552,0.0139591
N12261|7833|0.56011,N12276|15364|0.213973,0.0124023
N12261|7833|0.56011,N12275|11037|0.312229,0.0131805
N12261|7833|0.56011,N12281|5227|0.377566,0.0131681
N12261|7833|0.56011,N12265|13006|0.725666,0.0139544
N12610|8129|0.59334,N12608|14060|1.436867,0.00928303
N12610|8129|0.59334,N12621|1623|1.449089,0.014739
N12638|2247|0.884491,N12648|4276|0.762228,0.0132166
N12638|2247|0.884491,N12643|10823|4.91228,0.0108312
N12638|2247|0.884491,N12636|8812|0.274926,0.00618512
N12638|2247|0.884491,N12647|13618|1.367856,0.0132166
N12638|2247|0.884491,N12644|11855|0.121076,0.00773825
N10858|9126|1.627575,N10856|6525|3.040131,0.00461259
N10858|9126|1.627575,N10855|2896|3.976089,0.00461258
N10858|9126|1.627575,N10860|12156|2.540871,0.00849966
N12638|2247|0.884491,N12649|2098|1.034296,0.0147778
N12638|2247|0.884491,N12639|5176|2.615927,0.00854033
N8844|2836|1.591912,N8839|10216|2.34653,0.0123861
N12638|2247|0.884491,N12640|4172|1.084093,0.0085112
N8844|2836|1.591912,N8835|5310|1.371126,0.0100414
N8844|2836|1.591912,N8843|1873|0.526106,0.00461262
N8844|2836|1.591912,N8841|12883|1.997299,0.00538489
N8844|2836|1.591912,N8846|12367|2.895876,0.00848467
N8844|2836|1.591912,N8842|8920|6.710586,0.0131742
N8844|2836|1.591912,N8834|4471|2.616645,0.011621
N9657|10606|0.515557,N9654|10789|0.361412,0.0108322
N9657|10606|0.515557,N9653|6696|0.376834,0.00927848
N9657|10606|0.515557,N9645|7861|2.229129,0.0147729
N9657|10606|0.515557,N9663|7866|2.070923,0.0131922
N10856|6525|3.040131,N10855|2896|3.976089,0.00615677
N10856|6525|3.040131,N10860|12156|2.540871,0.0100485
N11081|12283|1.753851,N11084|12385|3.436733,0.0131689
N11081|12283|1.753851,N11079|7055|0.791885,0.0084926
N11081|12283|1.753851,N11083|13343|1.817434,0.0108266
N11081|12283|1.753851,N11077|9491|0.19632,0.0100583
N11033|12338|3.333349,N11031|10429|0.063655,0.00850181
N11546|4490|1.028815,N11551|2027|0.878688,0.0139618
N11546|4490|1.028815,N11524|6585|0.421476,0.0131677
N11546|4490|1.028815,N11558|4971|0.648042,0.0116155
N11546|4490|1.028815,N11509|7537|0.30586,0.0131678
N11546|4490|1.028815,N11526|15011|1.043239,0.0131843
N11546|4490|1.028815,N11529|10443|1.930225,0.0147635
N11546|4490|1.028815,N11543|4427|0.832731,0.0116008
N11546|4490|1.028815,N11552|14034|0.499465,0.0100516
N11546|4490|1.028815,N11555|3021|1.953023,0.0123877
N11546|4490|1.028815,N11548|11137|5.21459,0.00771097
N11535|7769|2.633978,N11532|1790|5.236862,0.0147591
N11535|7769|2.633978,N11534|10703|0.757553,0.0116202
N11535|7769|2.633978,N11539|11393|0.198572,0.00849647
N11535|7769|2.633978,N11531|8005|0.409323,0.0116302
N11535|7769|2.633978,N11537|9896|5.27525,0.0116093
N11535|7769|2.633978,N11536|8711|0.193032,0.00384527
N11535|7769|2.633978,N11526|15011|1.043239,0.014763
N12081|8570|4.140593,N12087|11048|3.10508,0.0131686
N8839|10216|2.34653,N8835|5310|1.371126,0.00848666
N8839|10216|2.34653,N8843|1873|0.526106,0.0108338
N8839|10216|2.34653,N8841|12883|1.997299,0.0116093
N8839|10216|2.34653,N8846|12367|2.895876,0.0147349
N12081|8570|4.140593,N12085|6593|1.056889,0.0100442
N12081|8570|4.140593,N12082|11453|0.055963,0.00848237
N12081|8570|4.140593,N12084|12824|0.913132,0.0116082
N8839|10216|2.34653,N8840|7206|2.272763,0.012402
N8839|10216|2.34653,N8834|4471|2.616645,0.0100489
N12081|8570|4.140593,N12086|13291|1.417129,0.0100415
N11140|13489|0.899006,N11150|2180|2.985339,0.0139613
N12081|8570|4.140593,N12088|1729|0.444098,0.0139558
N11140|13489|0.899006,N11148|2051|2.162953,0.00771338
N11140|13489|0.899006,N11144|8436|2.672286,0.0124
N11444|2905|0.625784,N11466|6960|0.69333,0.0147457
N11444|2905|0.625784,N11439|4031|5.949013,0.0139618
N11698|3974|1.608527,N11710|2454|2.974964,0.00926991
N11698|3974|1.608527,N11700|6247|1.747934,0.00927761
N11444|2905|0.625784,N11447|15071|0.379129,0.0123877
N11698|3974|1.608527,N11713|12925|0.623445,0.0116221
N11698|3974|1.608527,N11709|8765|2.407597,0.0108337
N11444|2905|0.625784,N11452|2698|0.399768,0.0147401
N11698|3974|1.608527,N11691|12009|2.664582,0.0139527
N11698|3974|1.608527,N11693|10108|1.755544,0.0100782
N11698|3974|1.608527,N11690|6644|0.131364,0.0116026
N11698|3974|1.608527,N11692|14817|1.040448,0.00850559
N11698|3974|1.608527,N11708|12521|1.374714,0.0108455
N11698|3974|1.608527,N11694|5840|1.604683,0.0123969
N11698|3974|1.608527,N11697|12251|0.022806,0.00926576
N11698|3974|1.608527,N11661|1883|0.916116,0.0132177
N11698|3974|1.608527,N11695|10676|1.05039,0.010061
N11698|3974|1.608527,N11702|14744|0.617456,0.00618839
N11698|3974|1.608527,N11707|13696|2.522154,0.0124096
N11698|3974|1.608527,N11699|8260|0.716946,0.0077134
N11698|3974|1.608527,N11696|6974|3.630097,0.00693909
N11698|3974|1.608527,N11705|2251|3.628118,0.012425
N11698|3974|1.608527,N11704|4938|0.136408,0.0139563
N11698|3974|1.608527,N11714|12412|4.098774,0.0116221
N11611|3842|2.309476,N11600|4625|0.576178,0.010049
N11698|3974|1.608527,N11711|5342|0.529197,0.0100444
N11611|3842|2.309476,N11593|9226|1.599335,0.0108198
N11611|3842|2.309476,N11618|14976|1.619459,0.0148208
N11611|3842|2.309476,N11607|13674|2.220092,0.00616441
N11611|3842|2.309476,N11614|15324|0.132472,0.00616439
N11611|3842|2.309476,N11620|14204|1.80573,0.0147762
N12665|14229|3.383841,N12677|7719|1.38275,0.0139716
N10451|8351|0.152582,N10457|8278|1.686393,0.0108355
N10451|8351|0.152582,N10452|9184|0.524044,0.00230471
N10451|8351|0.152582,N10458|6483|1.010701,0.0100449
N12665|14229|3.383841,N12687|3549|0.172949,0.012406
N10451|8351|0.152582,N10459|13491|0.273509,0.00849668
N10306|5814|2.442278,N10308|7071|0.582151,0.00616721
N12665|14229|3.383841,N12667|12755|1.374185,0.00849662
N10306|5814|2.442278,N10307|14002|0.117948,0.00539622
N10306|5814|2.442278,N10313|9230|1.208993,0.00926536
N10306|5814|2.442278,N10326|9873|2.510876,0.013977
N10306|5814|2.442278,N10325|4335|2.758753,0.0139769
N10306|5814|2.442278,N10316|9769|0.632086,0.0124231
N10306|5814|2.442278,N10324|6913|0.741067,0.0139932
N10306|5814|2.442278,N10331|14268|0.255619,0.0139934
N12665|14229|3.383841,N12673|4752|1.088216,0.0124067
N10306|5814|2.442278,N10314|1679|0.052918,0.00772707
N12665|14229|3.383841,N12663|2204|1.369974,0.0124108
N10306|5814|2.442278,N10317|11010|1.250049,0.0132031
N10306|5814|2.442278,N10320|2151|2.016699,0.0139776
N12665|14229|3.383841,N12668|15202|0.179902,0.0108421
N12665|14229|3.383841,N12670|10894|2.37048,0.0116233
N10306|5814|2.442278,N10329|13495|2.243571,0.0131684
N10306|5814|2.442278,N10299|10444|2.378877,0.0108168
N10306|5814|2.442278,N10315|6133|1.421078,0.0100696
N9452|12357|2.390081,N9454|5136|0.190484,0.0147743
N9452|12357|2.390081,N9446|6330|1.012356,0.0139974
N9452|12357|2.390081,N9451|10692|1.609798,0.0139971
N9142|8205|1.127885,N9115|2253|1.392066,0.0147739
N7690|12831|0.110668,N7686|13059|5.759525,0.0132038
N9142|8205|1.127885,N9143|9789|0.150846,0.00231102
N9142|8205|1.127885,N9150|13941|2.000419,0.0108354
N9142|8205|1.127885,N9145|12677|0.169826,0.00230532
N9142|8205|1.127885,N9133|10512|0.63993,0.0139528
N9142|8205|1.127885,N9147|11226|3.773725,0.00771823
N9142|8205|1.127885,N9144|4756|1.186141,0.00307391
N11243|12543|8.913066,N11242|14132|0.054995,0.0100449
N11243|12543|8.913066,N11241|3858|0.478726,0.0131782
N7690|12831|0.110668,N7689|7624|0.70966,0.003073
N11244|8721|19.228155,N11245|2800|17.119522,0.0108425
N7690|12831|0.110668,N7687|12394|0.665525,0.00617534
N7690|12831|0.110668,N7688|7993|0.312065,0.0038502
N11721|7100|1.057761,N11719|14393|0.569167,0.0116322
N11721|7100|1.057761,N11729|11774|0.076808,0.0123981
N11721|7100|1.057761,N11715|9563|3.299773,0.0116294
N11721|7100|1.057761,N11727|3472|0.293825,0.00850448
N7876|5721|1.21441,N7878|13273|0.48581,0.00927432
N7876|5721|1.21441,N7886|11490|0.911306,0.0139465
N7876|5721|1.21441,N7881|5503|0.713161,0.0116198
N7876|5721|1.21441,N7877|6834|2.985305,0.00849267
N10379|8555|1.286615,N10383|2736|1.774963,0.00848639
N9521|5050|0.145849,N9514|3768|3.571991,0.0124234
N9521|5050|0.145849,N9513|10514|1.389128,0.00693918
N9521|5050|0.145849,N9517|14682|3.914798,0.0100866
N10277|1629|5.955374,N10279|13227|1.228725,0.0123838
N10277|1629|5.955374,N10278|13801|0.829834,0.0100516
N10277|1629|5.955374,N10280|3070|1.573909,0.0108314
N12805|7599|5.251764,N12769|13527|0.825958,0.0116108
N12805|7599|5.251764,N12754|12915|1.230618,0.0131781
N12805|7599|5.251764,N12802|8143|0.716222,0.0131675
N12805|7599|5.251764,N12797|2791|0.77827,0.0108353
N10277|1629|5.955374,N10282|11059|0.381994,0.0116072
N12805|7599|5.251764,N12747|10085|0.02083,0.0123976
N12805|7599|5.251764,N12765|5223|0.290977,0.0123975
N12805|7599|5.251764,N12763|9214|0.250753,0.0123962
N12805|7599|5.251764,N12791|3432|1.382532,0.0147475
N12805|7599|5.251764,N12794|1915|0.264954,0.0131685
N12805|7599|5.251764,N12668|15202|0.179902,0.0139655
N12805|7599|5.251764,N12670|10894|2.37048,0.0147584
N12805|7599|5.251764,N12748|6117|1.604552,0.0139518
N12805|7599|5.251764,N12735|13411|1.300204,0.0123874
N12805|7599|5.251764,N12782|13348|2.56449,0.0123772
N9303|11597|1.764638,N9308|12766|1.761637,0.0139345
N12219|3146|0.538656,N12221|3152|0.62217,0.0046176
N9760|15141|0.617731,N9751|14481|0.648224,0.00384394
N12219|3146|0.538656,N12220|4713|0.170377,0.00307486
N7660|4556|0.378688,N7658|8557|4.68559,0.0131955
N7660|4556|0.378688,N7655|8004|5.698003,0.0108264
N9760|15141|0.617731,N9759|1568|1.925195,0.00153688
N9760|15141|0.617731,N9750|15005|0.111728,0.00153688
N9760|15141|0.617731,N9754|11347|0.337691,0.00384615
N9760|15141|0.617731,N9762|11905|0.538031,0.00307296
N7660|4556|0.378688,N7659|1712|0.576773,0.00230291
N9760|15141|0.617731,N9764|15391|0.503316,0.00231098
N9760|15141|0.617731,N9763|10952|4.892968,0.00928925
N7660|4556|0.378688,N7656|10953|1.479323,0.00230279
N9760|15141|0.617731,N9755|10766|2.735048,0.00539412
N10162|2511|1.108867,N10153|2144|0.895476,0.0131912
N10162|2511|1.108867,N10149|11080|0.160309,0.0147979
N10162|2511|1.108867,N10154|13738|0.207181,0.0132061
N9760|15141|0.617731,N9753|11007|1.439481,0.00384299
N10162|2511|1.108867,N10136|6253|0.845949,0.0147444
N9760|15141|0.617731,N9749|4008|1.232941,0.00850074
N9760|15141|0.617731,N9756|14594|0.546742,0.00307835
N10162|2511|1.108867,N10139|5635|0.470954,0.0131872
N7612|1953|2.630362,N7591|13923|0.380598,0.0147622
N7612|1953|2.630362,N7602|12012|1.025436,0.0108336
N7612|1953|2.630362,N7625|3016|0.312799,0.0139497
N7612|1953|2.630362,N7604|7734|1.196841,0.00772001
N7612|1953|2.630362,N7597|8505|0.083789,0.0147584
N7612|1953|2.630362,N7603|12566|1.558334,0.00694631
N7612|1953|2.630362,N7623|1912|0.329254,0.0123903
N7612|1953|2.630362,N7608|2641|2.682375,0.0116141
N7612|1953|2.630362,N7618|8594|1.069863,0.00693612
N7612|1953|2.630362,N7616|10188|1.521941,0.00693613
N7612|1953|2.630362,N7620|13891|0.667006,0.00927457
N12328|14516|2.112601,N12322|6249|0.030627,0.0131869
N12328|14516|2.112601,N12336|6471|2.511308,0.00694057
N12328|14516|2.112601,N12334|12617|5.728524,0.0116216
N11109|4048|0.697151,N11125|15318|0.689442,0.0139783
N10439|3642|0.147069,N10417|4640|0.116543,0.0069361
N11109|4048|0.697151,N11133|6995|1.108306,0.0147634
N10439|3642|0.147069,N10438|15299|0.731709,0.0023047
N11109|4048|0.697151,N11158|5318|1.312168,0.0147636
N11109|4048|0.697151,N11113|10029|0.854518,0.009276
N11109|4048|0.697151,N11106|12769|0.259315,0.0131957
N10439|3642|0.147069,N10446|4176|0.534117,0.011608
N11109|4048|0.697151,N11118|3441|0.266943,0.0100499
N10439|3642|0.147069,N10425|3119|1.353442,0.011649
N10439|3642|0.147069,N10460|1800|0.07162,0.0131748
N11109|4048|0.697151,N11119|6343|0.137069,0.0116143
N11109|4048|0.697151,N11101|7070|0.946171,0.0131752
N10439|3642|0.147069,N10433|6135|1.206972,0.00694097
N10439|3642|0.147069,N10445|1942|5.275127,0.0131748
N10439|3642|0.147069,N10430|12674|1.281819,0.0132561
N11109|4048|0.697151,N11137|13604|0.261169,0.0139673
N10439|3642|0.147069,N10428|11845|0.863415,0.0100606
N10439|3642|0.147069,N10419|7788|0.960112,0.00927736
N10439|3642|0.147069,N10431|13777|0.107201,0.0108579
N11109|4048|0.697151,N11148|2051|2.162953,0.0147509
N10439|3642|0.147069,N10447|13406|0.157979,0.0108248
N10439|3642|0.147069,N10424|14505|2.191986,0.01481
N10439|3642|0.147069,N10412|4092|3.444073,0.0116339
N11109|4048|0.697151,N11134|12224|0.192977,0.0139673
N10439|3642|0.147069,N10437|15110|0.575782,0.00539651
N11109|4048|0.697151,N11127|10312|2.573578,0.0147404
N10439|3642|0.147069,N10436|2703|0.383166,0.0023047
N11109|4048|0.697151,N11108|5884|0.77288,0
N11109|4048|0.697151,N11097|12564|1.398948,0.00927048
N9958|1480|0.111606,N9938|9738|2.775301,0.0123978
N10439|3642|0.147069,N10435|14161|2.34167,0.00773982
N10439|3642|0.147069,N10463|6162|0.183799,0.0123915
N10439|3642|0.147069,N10429|13739|0.934834,0.0108398
N9958|1480|0.111606,N9965|8087|0.85324,0.0139856
N10439|3642|0.147069,N10416|11369|0.698039,0.0100411
N9958|1480|0.111606,N9960|10554|0.156321,0.0131781
N10439|3642|0.147069,N10427|3970|0.156468,0.0116254
N10439|3642|0.147069,N10418|7026|0.951921,0.0123902
N9958|1480|0.111606,N9959|6570|4.74706,0.0147314
N9958|1480|0.111606,N9947|2373|1.334517,0.0108463
N10439|3642|0.147069,N10440|6346|0.732477,0.000767363
N9958|1480|0.111606,N9946|7852|3.859452,0.0147625
N10439|3642|0.147069,N10420|12519|2.497745,0.0108385
N10439|3642|0.147069,N10441|12065|2.54058,0.0131832
N10439|3642|0.147069,N10421|1621|0.185784,0.00850096
N10439|3642|0.147069,N10432|5320|1.445576,0.0100701
N9958|1480|0.111606,N9957|8145|4.00704,0.00308676
N9686|7587|6.338327,N9689|1644|1.081532,0.00539625
N10439|3642|0.147069,N10422|3726|1.772569,0.0147781
N10439|3642|0.147069,N10459|13491|0.273509,0.0131842
N10439|3642|0.147069,N10434|6544|1.236147,0.00773826
N10439|3642|0.147069,N10414|11960|1.623667,0.0108444
N7395|14559|2.0721,N7389|14151|0.048332,0.00772393
N7395|14559|2.0721,N7392|13382|0.271012,0.00462368
N9686|7587|6.338327,N9688|5711|1.910705,0.00617509
N7395|14559|2.0721,N7388|7319|0.192424,0.00851127
N9686|7587|6.338327,N9684|6273|0.64384,0.00772368
N9686|7587|6.338327,N9685|7705|1.114641,0.0053963
N10640|12038|0.356222,N10638|8514|2.79233,0.00849999
N10640|12038|0.356222,N10641|13734|0.125994,0.00461511
N10640|12038|0.356222,N10649|4143|0.33077,0.00929844
N10640|12038|0.356222,N10645|12781|2.186726,0.00771328
N10640|12038|0.356222,N10651|6107|1.702862,0.012409
N10640|12038|0.356222,N10639|11664|3.280885,0.0116094
N7395|14559|2.0721,N7390|11676|1.495667,0.00617394
N10640|12038|0.356222,N10644|14088|2.503778,0.0116234
N9637|2173|2.015081,N9636|10447|3.210074,0.00771743
N7395|14559|2.0721,N7387|6738|2.555496,0.00928704
N7395|14559|2.0721,N7391|13342|0.340533,0.00617395
N7395|14559|2.0721,N7397|13737|4.966742,0.0124112
N9637|2173|2.015081,N9644|7442|2.394774,0.0108465
N9637|2173|2.015081,N9635|5757|0.539996,0.0131899
N10801|4309|1.346652,N10787|13443|0.332417,0.0123855
N10801|4309|1.346652,N10792|4678|0.278792,0.00851052
N10801|4309|1.346652,N10791|5095|0.101859,0.00848647
N10801|4309|1.346652,N10799|8691|1.813873,0.00695535
N10801|4309|1.346652,N10800|12324|1.582389,0.00538736
N10801|4309|1.346652,N10783|8417|1.969961,0.0108282
N10801|4309|1.346652,N10806|8085|0.809489,0.00772354
N10801|4309|1.346652,N10794|4196|1.198788,0.00461963
N10801|4309|1.346652,N10795|7247|1.411132,0.0053934
N10801|4309|1.346652,N10802|5614|0.119248,0.00230597
N10801|4309|1.346652,N10782|9588|4.038503,0.0123848
N10801|4309|1.346652,N10803|14417|0.009516,0.0038501
N10801|4309|1.346652,N10786|7868|1.275439,0.00926425
N10801|4309|1.346652,N10796|4868|0.355894,0.00540452
N9387|6126|5.358804,N9382|3614|0.131365,0.0131953
N9930|8349|1.049999,N9936|7386|0.127947,0.00384397
N9930|8349|1.049999,N9926|14208|4.078226,0.0147351
N9930|8349|1.049999,N9934|14693|0.790861,0.00384528
N9930|8349|1.049999,N9937|9435|0.389164,0.00384397
N11882|7865|2.939695,N11884|4095|1.34364,0.00852589
N11882|7865|2.939695,N11885|8742|4.861418,0.0100707
N11882|7865|2.939695,N11878|13279|2.578469,0.0124475
N8016|8652|1.386762,N8017|12132|0.682804,0.00153691
N8016|8652|1.386762,N8018|12300|7.531444,0.00928453
N8016|8652|1.386762,N8025|2541|0.186356,0.0147563
N8016|8652|1.386762,N8010|5246|1.571658,0.0139673
N8016|8652|1.386762,N8029|12483|2.007116,0.0147398
N8016|8652|1.386762,N8032|13906|0.570499,0.0108354
N8016|8652|1.386762,N8015|5442|3.948232,0.00772743
N12864|9822|0.086213,N12870|12610|0.992737,0.0147502
N8016|8652|1.386762,N8021|4539|2.068237,0.0100443
N8016|8652|1.386762,N8028|7486|0.293428,0.0123977
N12864|9822|0.086213,N12869|8519|0.682923,0.00538986
N12864|9822|0.086213,N12868|1429|4.200499,0.00772706
N8016|8652|1.386762,N8013|7554|2.307135,0.00540469
N8016|8652|1.386762,N8031|3625|0.869058,0.0139781
N12864|9822|0.086213,N12874|15200|0.833692,0.0147501
N8016|8652|1.386762,N8009|14525|0.152579,0.0108448
N12864|9822|0.086213,N12865|11591|1.806981,0.0100836
N12864|9822|0.086213,N12872|13249|0.725588,0.0139556
N8016|8652|1.386762,N8034|11942|0.98519,0.0124012
N8016|8652|1.386762,N8007|9686|0.849915,0.0131899
N8016|8652|1.386762,N8039|4402|0.429196,0.0131781
N8016|8652|1.386762,N8014|11541|1.407573,0.00618531
N8016|8652|1.386762,N8008|8037|2.076879,0.0131953
N8016|8652|1.386762,N8020|4770|0.329201,0.00153691
N8016|8652|1.386762,N8011|6303|3.222924,0.0046162
N8016|8652|1.386762,N8012|12050|0.024109,0.00462633
N8299|4645|3.392345,N8298|10060|3.073451,0.0116207
N8299|4645|3.392345,N8303|7687|1.23125,0.00616426
N8299|4645|3.392345,N8305|4538|0.002717,0.0123874
N8095|5237|1.987944,N8091|6232|0.813067,0.0131714
N8299|4645|3.392345,N8301|14038|0.096048,0.00539064
N8095|5237|1.987944,N8087|13268|0.069492,0.0132007
N8095|5237|1.987944,N8089|12579|1.42331,0.0139712
N8095|5237|1.987944,N8077|7225|1.930592,0.0139713
N8299|4645|3.392345,N8304|3978|1.603384,0.00539065
N8095|5237|1.987944,N8092|9654|0.063226,0.0131873
N11329|11178|9.978102,N11331|4671|0.390295,0.0131901
N8837|2558|4.263699,N8838|6234|0.940982,0.00308255
N8837|2558|4.263699,N8847|10859|1.595237,0.0132174
N8837|2558|4.263699,N8836|14952|0.208059,0.0015369
N7996|2963|7.663557,N7985|11817|0.231441,0.0147314
N8837|2558|4.263699,N8844|2836|1.591912,0.0131865
N8837|2558|4.263699,N8839|10216|2.34653,0.00385146
N8837|2558|4.263699,N8835|5310|1.371126,0.00927002
N8837|2558|4.263699,N8843|1873|0.526106,0.0116346
N8837|2558|4.263699,N8841|12883|1.997299,0.0124094
N9492|8720|1.571976,N9502|12775|0.091182,0.00694527
N9492|8720|1.571976,N9495|7893|0.163381,0.00771805
N9492|8720|1.571976,N9552|6778|1.175407,0.0139794
N8837|2558|4.263699,N8840|7206|2.272763,0.0132043
N9492|8720|1.571976,N9513|10514|1.389128,0.0147399
N8837|2558|4.263699,N8834|4471|2.616645,0.0108447
N9492|8720|1.571976,N9500|2227|1.218307,0.010061
N9492|8720|1.571976,N9501|12957|4.881441,0.0147627
N9492|8720|1.571976,N9503|4006|0.215152,0.00926427
N9492|8720|1.571976,N9555|11655|0.457878,0.0139711
N9492|8720|1.571976,N9542|13337|0.791992,0.011626
N9492|8720|1.571976,N9491|12440|0.015674,0.00230529
N9492|8720|1.571976,N9511|4037|0.11695,0.00771319
N12157|11681|0.486967,N12162|12015|2.149287,0.00616421
N9492|8720|1.571976,N9484|8231|2.243047,0.0124171
N9492|8720|1.571976,N9508|3512|0.122202,0.0084847
N9492|8720|1.571976,N9486|1956|0.766508,0.0132528
N9492|8720|1.571976,N9507|10649|0.049628,0.00770876
N12157|11681|0.486967,N12161|9531|1.47895,0.00694059
N12881|12202|1.538248,N12879|5607|0.1192,0.0015369
N12881|12202|1.538248,N12884|13010|4.320356,0.0123979
N12157|11681|0.486967,N12158|13659|0.209424,0.00771721
N12881|12202|1.538248,N12893|11684|0.283743,0.0108401
N12157|11681|0.486967,N12160|4162|3.082236,0.0100625
N12157|11681|0.486967,N12163|7913|0.357563,0.0108237
N12881|12202|1.538248,N12894|3928|0.629595,0.0139858
N12881|12202|1.538248,N12891|12862|2.908224,0.0100609
N12157|11681|0.486967,N12159|11901|2.7287,0.0108462
N12157|11681|0.486967,N12152|9135|0.239371,0.0147341
N12743|8350|0.416219,N12744|8148|4.007419,0.006941
N7194|14234|0.767278,N7202|9897|0.682279,0.0108476
N7194|14234|0.767278,N7197|10063|0.501954,0.003073
N12743|8350|0.416219,N12745|14200|2.599781,0.0100704
N12743|8350|0.416219,N12741|2975|1.923184,0.0123895
N7194|14234|0.767278,N7196|3112|8.702187,0.013175
N7194|14234|0.767278,N7201|9260|0.113269,0.0108477
N7194|14234|0.767278,N7200|14423|0.008304,0.00616736
N12743|8350|0.416219,N12742|4863|0.321729,0.0123907
N12743|8350|0.416219,N12746|9831|0.377094,0.00695573
N9330|2293|1.827431,N9340|13662|3.058796,0.0131782
N9330|2293|1.827431,N9331|12217|1.148734,0.0108196
N9027|7389|0.072861,N9053|4283|4.77E-4,0.0131902
N9027|7389|0.072861,N9024|12922|0.37453,0.00616537
N9027|7389|0.072861,N9052|14584|0.768909,0.0139727
N9027|7389|0.072861,N9055|8837|0.029904,0.0147507
N9027|7389|0.072861,N8994|15030|1.499435,0.0147476
N9027|7389|0.072861,N9042|4508|0.255122,0.0147348
N9027|7389|0.072861,N9015|1762|1.460395,0.0147568
N9330|2293|1.827431,N9333|13054|1.645774,0.013956
N9330|2293|1.827431,N9344|3471|0.361147,0.0124014
N9330|2293|1.827431,N9342|14450|0.850897,0.0116216
N9027|7389|0.072861,N9036|15289|0.836622,0.0131784
N9330|2293|1.827431,N9334|8076|0.202191,0.0116216
N9027|7389|0.072861,N9021|7955|0.469038,0.0116335
N7858|11628|2.643948,N7856|12225|0.464485,0.0108195
N9027|7389|0.072861,N9025|2859|3.118515,0.0100444
N9027|7389|0.072861,N9041|13663|0.42431,0.0139617
N9027|7389|0.072861,N9017|9094|2.029675,0.0139676
N9027|7389|0.072861,N9037|3151|0.565871,0.0147589
N9027|7389|0.072861,N9051|3727|0.752761,0.0139695
N9027|7389|0.072861,N9019|1759|3.21172,0.0108242
N9027|7389|0.072861,N9012|7036|0.144812,0.0147401
N9027|7389|0.072861,N9031|14288|3.428243,0.00849288
N9027|7389|0.072861,N9005|9621|0.184888,0.0123877
N9027|7389|0.072861,N9018|7028|1.271107,0.0100489
N9027|7389|0.072861,N9020|4424|0.845904,0.010845
N11410|2057|0.924361,N11409|8585|0.411487,0.00384234
N9027|7389|0.072861,N9026|1384|1.778624,0.00771994
N11410|2057|0.924361,N11407|1428|0.80075,0.0147259
N9027|7389|0.072861,N9023|13272|1.556355,0.0131872
N11410|2057|0.924361,N11411|13952|0.296443,0.00772737
N11410|2057|0.924361,N11333|15173|0.298044,0.0132007
N11410|2057|0.924361,N11334|12468|1.530882,0.0131872
N11410|2057|0.924361,N11384|2281|1.186815,0.0140124
N10495|3827|2.135199,N10491|10314|2.891016,0.0124243
N11849|1907|8.233874,N11851|14739|0.573553,0.00927011
N12760|3800|0.656399,N12754|12915|1.230618,0.0147475
N12760|3800|0.656399,N12747|10085|0.02083,0.0139615
N12760|3800|0.656399,N12763|9214|0.250753,0.0139559
N12760|3800|0.656399,N12762|13412|1.090735,0.0092592
N11324|12092|3.323628,N11320|6907|0.012215,0.00927593
N11324|12092|3.323628,N11325|2662|2.30922,0.0116326
N11324|12092|3.323628,N11319|4106|0.644911,0.0108511
N11192|5606|1.235494,N11174|7612|0.80396,0.0131766
N11192|5606|1.235494,N11190|13683|1.914442,0.0124104
N11192|5606|1.235494,N11173|12964|0.86605,0.0147574
N7208|6016|1.626661,N7203|6151|0.533891,0.00616185
N7208|6016|1.626661,N7216|13402|0.665164,0.0147434
N11324|12092|3.323628,N11318|8566|0.618355,0.0116327
N7208|6016|1.626661,N7209|3424|0.568831,0.00927404
N7208|6016|1.626661,N7213|9538|0.153531,0.0124108
N11324|12092|3.323628,N11322|6274|4.574686,0.0147487
N9286|1853|1.74475,N9255|14771|0.350205,0.0124255
N9286|1853|1.74475,N9281|5602|0.079699,0.013994
N11324|12092|3.323628,N11326|7505|0.083515,0.00850261
N10353|8103|0.425259,N10360|6923|0.176567,0.0100573
N10353|8103|0.425259,N10357|9976|4.925285,0.0147475
N11808|11992|1.485664,N11842|13507|2.938431,0.0132014
N11808|11992|1.485664,N11807|3902|2.551213,0.00693752
N10353|8103|0.425259,N10358|5973|0.042606,0.0116176
N11808|11992|1.485664,N11800|14940|1.058674,0.0116351
N11808|11992|1.485664,N11797|9811|2.536506,0.0108597
N11808|11992|1.485664,N11795|11647|0.638361,0.0100881
N11808|11992|1.485664,N11796|14497|1.160662,0.0132204
N11808|11992|1.485664,N11821|8630|1.302247,0.0139609
N11808|11992|1.485664,N11809|3248|2.180797,0.0131836
N11808|11992|1.485664,N11832|5076|0.375143,0.0123982
N11808|11992|1.485664,N11818|14577|0.522973,0.0139609
N10353|8103|0.425259,N10351|7840|0.356005,0.0147631
N11808|11992|1.485664,N11845|7795|0.316845,0.0108338
N11808|11992|1.485664,N11833|10670|4.114445,0.0147572
N10353|8103|0.425259,N10356|6441|3.090701,0.0131969
N11808|11992|1.485664,N11810|3510|0.371168,0.00851124
N11808|11992|1.485664,N11826|10781|1.093903,0.013965
N11808|11992|1.485664,N11835|1559|2.226693,0.014773
N10353|8103|0.425259,N10354|6560|1.686909,0.00617519
N11808|11992|1.485664,N11805|9530|2.079066,0.0092748
N11808|11992|1.485664,N11824|12275|0.381059,0.0147395
N11808|11992|1.485664,N11799|11006|0.930139,0.0100881
N11808|11992|1.485664,N11812|8304|1.873095,0.0131788
N11808|11992|1.485664,N11801|13264|1.168057,0.0108339
N11808|11992|1.485664,N11844|10359|0.208095,0.0116115
N7665|8744|0.930059,N7664|6454|0.318782,0.0100411
N10353|8103|0.425259,N10350|11191|0.820068,0.013967
N10353|8103|0.425259,N10359|3528|0.718846,0.0116175
N7665|8744|0.930059,N7666|7799|1.798255,0.011649
N10353|8103|0.425259,N10362|6018|3.823563,0.0139641
N10353|8103|0.425259,N10361|6407|0.442998,0.0124013
N7665|8744|0.930059,N7668|12471|1.776381,0.0100839
N9722|11084|0.167069,N9748|7503|0.077164,0.00694068
N9722|11084|0.167069,N9742|1593|1.843405,0.00772746
N9722|11084|0.167069,N9736|4880|0.301087,0.00772
N9852|5557|2.352348,N9845|5691|0.246475,0.0100444
N9722|11084|0.167069,N9728|15310|0.085393,0.00849042
N9722|11084|0.167069,N9713|11770|0.47842,0.010842
N9852|5557|2.352348,N9844|8597|1.735571,0.0123916
N9852|5557|2.352348,N9851|4818|0.968369,0.0061567
N9722|11084|0.167069,N9717|6100|7.537105,0.0131612
N9722|11084|0.167069,N9727|2654|0.637465,0.00694634
N9722|11084|0.167069,N9723|4534|3.162746,0.00538678
N9722|11084|0.167069,N9733|11666|0.117101,0.00772
N9722|11084|0.167069,N9740|10865|0.999278,0.00927754
N9722|11084|0.167069,N9743|5866|1.262035,0.00928268
N9852|5557|2.352348,N9840|11225|0.243286,0.0116072
N9852|5557|2.352348,N9837|14227|0.324336,0.0147397
N9852|5557|2.352348,N9853|2386|4.649073,0.0124078
N9852|5557|2.352348,N9842|4063|0.304267,0.0108266
N9852|5557|2.352348,N9839|6268|1.81341,0.011614
N12370|4459|1.397163,N12371|13404|1.919869,0.0100734
N12370|4459|1.397163,N12372|8808|10.900969,0.0147564
N7338|9346|2.575676,N7336|2311|0.824328,0.0108445
N12370|4459|1.397163,N12353|8771|0.123274,0.0139671
N12370|4459|1.397163,N12362|2705|2.227795,0.0131828
N7338|9346|2.575676,N7335|11053|0.25511,0.0100582
N7338|9346|2.575676,N7339|11789|0.963465,0.00538998
N12370|4459|1.397163,N12375|12258|0.198753,0.0139839
N12370|4459|1.397163,N12369|13497|0.468312,0.00307478
N12370|4459|1.397163,N12368|13329|12.263698,0.010838
N12370|4459|1.397163,N12373|12163|1.077838,0.00771965
N12370|4459|1.397163,N12346|12410|0.372866,0.0139961
N7338|9346|2.575676,N7333|14081|0.114831,0.0108446
N7338|9346|2.575676,N7344|13885|2.911292,0.00773969
N12370|4459|1.397163,N12344|12378|1.266372,0.0124237
N7338|9346|2.575676,N7343|6288|0.018884,0.00771119
N7645|6102|4.01042,N7640|6166|5.066258,0.0139604
N7645|6102|4.01042,N7638|8873|0.944734,0.0147473
N7338|9346|2.575676,N7334|2761|0.788392,0.0116341
N7645|6102|4.01042,N7644|8904|0.512647,0.01239
N7338|9346|2.575676,N7341|6592|1.010284,0.00772777
N7338|9346|2.575676,N7340|10804|0.142584,0.00539069
N11982|8400|0.852639,N11980|8650|1.136375,0.00849267
N7338|9346|2.575676,N7337|10852|0.521503,0.0100581
N7338|9346|2.575676,N7342|14618|1.066006,0.00461624
N7511|10905|1.122999,N7508|7495|2.341424,0.014771
N11982|8400|0.852639,N11984|1838|0.195328,0.0131764
N11982|8400|0.852639,N11979|10096|0.769496,0.00771977
N11982|8400|0.852639,N11971|12636|0.690138,0.0116263
N11982|8400|0.852639,N12008|3071|0.647892,0.0139613
N7776|6843|0.069426,N7775|13589|2.24303,0.00153795
N7511|10905|1.122999,N7507|11063|0.809837,0.00927748
N7511|10905|1.122999,N7512|7683|1.2369,0.00772845
N7776|6843|0.069426,N7770|9091|0.91185,0.0139855
N7776|6843|0.069426,N7762|5234|0.684786,0.00928381
N7776|6843|0.069426,N7761|15153|1.102326,0.00695617
N12542|7280|0.025255,N12538|9175|0.110277,0.0139795
N12542|7280|0.025255,N12526|2379|0.173271,0.010842
N7776|6843|0.069426,N7774|9310|0.070145,0.00153463
N12542|7280|0.025255,N12467|9793|0.066911,0.0124199
N12542|7280|0.025255,N12502|12993|0.028039,0.0116138
N12542|7280|0.025255,N12552|5170|0.349724,0.0124174
N12542|7280|0.025255,N12499|6146|0.539863,0.0139713
N12542|7280|0.025255,N12549|2456|1.816008,0.0147698
N12542|7280|0.025255,N12485|3996|0.147552,0.013201
N12542|7280|0.025255,N12490|9625|0.023124,0.0124059
N12542|7280|0.025255,N12556|12239|0.061929,0.0116315
N12542|7280|0.025255,N12547|6940|0.836952,0.0124063
N12542|7280|0.025255,N12540|12220|1.135966,0.0100761
N12542|7280|0.025255,N12466|6767|1.259225,0.013201
N12542|7280|0.025255,N12533|7974|0.244196,0.0124243
N12542|7280|0.025255,N12597|12730|0.443169,0.0139714
N12542|7280|0.025255,N12551|7510|0.251933,0.0116305
N7775|13589|2.24303,N7762|5234|0.684786,0.0108352
N12542|7280|0.025255,N12566|9121|0.08259,0.0147948
N7775|13589|2.24303,N7761|15153|1.102326,0.00850083
N12542|7280|0.025255,N12498|9476|0.063085,0.011608
N12542|7280|0.025255,N12488|12101|1.121635,0.0131938
N12542|7280|0.025255,N12459|10633|0.178368,0.0139747
N12542|7280|0.025255,N12564|8090|2.029125,0.0147577
N7775|13589|2.24303,N7774|9310|0.070145,0.00307388
N12542|7280|0.025255,N12563|8865|1.422802,0.0147573
N12542|7280|0.025255,N12535|11736|0.394495,0.0139797
N12542|7280|0.025255,N12541|4819|2.172499,0.00307388
N12542|7280|0.025255,N12508|14807|0.41106,0.013183
N12542|7280|0.025255,N12555|4208|2.598968,0.0139523
N12542|7280|0.025255,N12524|7348|0.12227,0.013183
N12542|7280|0.025255,N12603|6671|3.050434,0.0147623
N12542|7280|0.025255,N12531|6368|0.808906,0.0147792
N12542|7280|0.025255,N12465|9663|3.510964,0.0140121
N12542|7280|0.025255,N12462|6718|0.293305,0.0147496
N12542|7280|0.025255,N12473|13030|2.051846,0.0147845
N10710|3869|5.917943,N10724|3500|0.101707,0.0108195
N10710|3869|5.917943,N10732|12967|0.670641,0.0108246
N10710|3869|5.917943,N10725|9276|3.451623,0.0116079
N12542|7280|0.025255,N12553|5590|1.684612,0.0147575
N10710|3869|5.917943,N10726|6909|1.102324,0.0108196
N12542|7280|0.025255,N12482|15143|0.193936,0.0139785
N12542|7280|0.025255,N12527|9237|0.448218,0.0139749
N10710|3869|5.917943,N10727|11162|3.195729,0.0131746
N12542|7280|0.025255,N12518|9895|2.414444,0.014795
N10710|3869|5.917943,N10740|14410|2.284142,0.0123962
N12542|7280|0.025255,N12504|8693|0.601243,0.0139786
N12542|7280|0.025255,N12519|10480|2.16617,0.0132071
N12542|7280|0.025255,N12550|8083|0.027918,0.0116305
N12542|7280|0.025255,N12602|14045|0.864212,0.0147624
N10710|3869|5.917943,N10735|8144|0.65834,0.0139557
N12542|7280|0.025255,N12588|14367|1.187912,0.0147673
N12542|7280|0.025255,N12492|6139|1.973109,0.0147473
N12542|7280|0.025255,N12600|4349|1.436957,0.0147626
N12542|7280|0.025255,N12554|10454|0.637343,0.0116229
N12542|7280|0.025255,N12500|10430|1.273377,0.0147497
N12542|7280|0.025255,N12534|12395|1.442349,0.013201
N12542|7280|0.025255,N12497|5875|0.074333,0.011608
N10710|3869|5.917943,N10712|12789|1.346723,0.00694611
N10710|3869|5.917943,N10713|9768|1.55032,0.010039
N12542|7280|0.025255,N12517|2545|1.034848,0.0139921
N12542|7280|0.025255,N12529|4469|3.56161,0.0139921
N12542|7280|0.025255,N12528|11921|2.139033,0.014795
N12542|7280|0.025255,N12487|6538|4.703612,0.0147574
N8450|12205|6.883039,N8454|8705|0.686169,0.00930305
N8450|12205|6.883039,N8449|7814|2.026929,0.0124468
N8450|12205|6.883039,N8457|5416|1.439677,0.0124295
N8450|12205|6.883039,N8456|9814|0.522372,0.00852959
N8450|12205|6.883039,N8455|15058|2.709482,0.0124101
N9748|7503|0.077164,N9742|1593|1.843405,0.00849033
N9748|7503|0.077164,N9736|4880|0.301087,0.00849283
N9748|7503|0.077164,N9728|15310|0.085393,0.00927449
N9748|7503|0.077164,N9713|11770|0.47842,0.0116397
N8450|12205|6.883039,N8462|1940|0.260636,0.0124467
N9748|7503|0.077164,N9717|6100|7.537105,0.0139473
N9748|7503|0.077164,N9727|2654|0.637465,0.00771311
N8450|12205|6.883039,N8451|1803|4.723301,0.0108777
N9748|7503|0.077164,N9723|4534|3.162746,0.0108279
N9748|7503|0.077164,N9733|11666|0.117101,0.00849283
N9748|7503|0.077164,N9740|10865|0.999278,0.0100527
N9748|7503|0.077164,N9743|5866|1.262035,0.0100565
N8450|12205|6.883039,N8460|14148|1.728008,0.011659
N8450|12205|6.883039,N8452|11623|1.6017,0.00851233
N12460|14159|2.404334,N12550|8083|0.027918,0.0147473
N8450|12205|6.883039,N8453|3056|0.990996,0.0116207
N8450|12205|6.883039,N8461|4708|0.70719,0.0100922
N12460|14159|2.404334,N12554|10454|0.637343,0.0147572
N12460|14159|2.404334,N12461|3483|0.725069,0.00616724
N10386|3606|3.641698,N10385|13721|0.084633,0.00931821
N10386|3606|3.641698,N10388|9945|4.627814,0.0139638
N8368|3577|1.223714,N8363|7636|0.882553,0.00384787
N8368|3577|1.223714,N8370|11809|3.007444,0.00617393
N8368|3577|1.223714,N8360|11856|2.550031,0.0131925
N10386|3606|3.641698,N10394|7361|0.277432,0.0116095
N8368|3577|1.223714,N8362|1898|0.341441,0.00540216
N10386|3606|3.641698,N10389|10520|0.887805,0.0123896
N8153|3537|8.959516,N8154|11693|1.349062,0.01319
N8530|4737|1.737599,N8538|4046|2.26E-4,0.00538987
N8530|4737|1.737599,N8531|3848|0.252103,0.00462397
N8530|4737|1.737599,N8548|11085|0.235396,0.013934
N8530|4737|1.737599,N8536|1578|1.200852,0.00538987
N9936|7386|0.127947,N9926|14208|4.078226,0.0139564
N9936|7386|0.127947,N9934|14693|0.790861,0.00153499
N8530|4737|1.737599,N8543|5534|1.731312,0.00926971
N9936|7386|0.127947,N9937|9435|0.389164,0.00153794
N8530|4737|1.737599,N8541|13638|8.498028,0.0139542
N8530|4737|1.737599,N8545|8408|2.651616,0.00849268
N10145|8073|2.673846,N10153|2144|0.895476,0.0100581
N10145|8073|2.673846,N10146|10997|1.204118,0.00617389
N10145|8073|2.673846,N10147|10051|1.378086,0.00539537
N10145|8073|2.673846,N10149|11080|0.160309,0.00384654
N10145|8073|2.673846,N10154|13738|0.207181,0.01007
N8530|4737|1.737599,N8532|3610|2.520584,0.00461765
N10145|8073|2.673846,N10152|9351|0.056029,0.0124243
N8530|4737|1.737599,N8544|7232|0.87161,0.00926429
N8530|4737|1.737599,N8542|14167|3.9748,0.0116069
N10145|8073|2.673846,N10158|14329|0.227607,0.01241
N10145|8073|2.673846,N10160|4433|0.171967,0.0124135
N8530|4737|1.737599,N8547|9642|2.033348,0.0131551
N8530|4737|1.737599,N8535|9122|0.13603,0.00461762
N10145|8073|2.673846,N10136|6253|0.845949,0.0100582
N8530|4737|1.737599,N8537|12736|0.793561,0.00694093
N8530|4737|1.737599,N8539|10972|3.907177,0.0108264
N10145|8073|2.673846,N10139|5635|0.470954,0.00851113
N10145|8073|2.673846,N10135|3888|1.954201,0.010833
N8530|4737|1.737599,N8549|12863|1.403818,0.0147152
N9311|13807|1.367127,N9309|11026|1.576817,0.00616529
N9311|13807|1.367127,N9310|7234|1.816548,0.00616152
N9311|13807|1.367127,N9305|2127|0.874387,0.00848053
N9311|13807|1.367127,N9306|12076|0.602506,0.00384332
N9311|13807|1.367127,N9307|7082|7.689669,0.011607
N9311|13807|1.367127,N9304|3689|1.485817,0.0131649
N9311|13807|1.367127,N9303|11597|1.764638,0.0139302
N9003|8356|1.579972,N9004|9716|6.417632,0.0139561
N9003|8356|1.579972,N9005|9621|0.184888,0.0100489
N9311|13807|1.367127,N9308|12766|1.761637,0.00615984
N12769|13527|0.825958,N12754|12915|1.230618,0.0139691
N12769|13527|0.825958,N12802|8143|0.716222,0.013965
N12769|13527|0.825958,N12797|2791|0.77827,0.0116216
N12769|13527|0.825958,N12747|10085|0.02083,0.0131838
N12769|13527|0.825958,N12765|5223|0.290977,0.008504
N12769|13527|0.825958,N12763|9214|0.250753,0.013178
N9225|6880|0.697854,N9226|9961|1.598678,0.00538878
N9225|6880|0.697854,N9224|2914|2.795347,0.00230291
N12769|13527|0.825958,N12794|1915|0.264954,0.0139605
N12769|13527|0.825958,N12748|6117|1.604552,0.0147345
N12769|13527|0.825958,N12735|13411|1.300204,0.0131745
N12769|13527|0.825958,N12782|13348|2.56449,0.0131647
N12769|13527|0.825958,N12762|13412|1.090735,0.0147246
N12822|1932|2.476291,N12829|15189|0.468004,0.00928683
N12822|1932|2.476291,N12826|10353|2.203998,0.0108398
N12822|1932|2.476291,N12819|6009|0.132923,0.0139773
N9225|6880|0.697854,N9223|5192|1.016832,0.00307173
N9225|6880|0.697854,N9222|5285|2.462127,0.0123815
N9225|6880|0.697854,N9221|3287|1.931716,0.0116071
N12822|1932|2.476291,N12840|8247|1.106403,0.0100564
N9225|6880|0.697854,N9227|3109|1.922733,0.0100482
N12822|1932|2.476291,N12834|6657|0.028154,0.00850204
N12822|1932|2.476291,N12842|5983|3.233808,0.0116233
N9225|6880|0.697854,N9220|7153|0.060846,0.00926086
N12822|1932|2.476291,N12838|7539|1.101225,0.0139901
N12822|1932|2.476291,N12812|2089|1.926513,0.0124098
N10178|11907|1.672128,N10181|5172|7.391709,0.0147564
N9225|6880|0.697854,N9230|5653|0.302782,0.00616112
N10178|11907|1.672128,N10182|1858|1.078629,0.00693379
N9225|6880|0.697854,N9219|11851|0.409166,0.0116044
N10178|11907|1.672128,N10185|6649|6.921108,0.0147456
N10178|11907|1.672128,N10183|1929|0.073881,0.00538595
N9225|6880|0.697854,N9217|11202|0.826529,0.00926429
N9225|6880|0.697854,N9218|5627|1.577137,0.0108281
N10179|14028|22.443312,N10180|11076|30.561652,0.0147432
N9477|7035|2.550121,N9479|11407|0.636009,0.00539061
N9477|7035|2.550121,N9525|10317|1.701035,0.0147471
N9477|7035|2.550121,N9478|1850|0.516272,0.00539011
N9477|7035|2.550121,N9542|13337|0.791992,0.0147254
N9477|7035|2.550121,N9480|5579|1.075498,0.00461616
N9477|7035|2.550121,N9486|1956|0.766508,0.0147566
N9267|10389|2.109554,N9255|14771|0.350205,0.0123938
N8298|10060|3.073451,N8303|7687|1.23125,0.0115964
N8298|10060|3.073451,N8305|4538|0.002717,0.0147246
N8298|10060|3.073451,N8301|14038|0.096048,0.0108147
N9267|10389|2.109554,N9266|13703|1.254768,0.00851235
N9267|10389|2.109554,N9263|4414|1.894238,0.00930322
N9267|10389|2.109554,N9264|5275|1.087171,0.00927369
N8298|10060|3.073451,N8304|3978|1.603384,0.0108147
N10032|5670|1.922361,N10021|3367|1.749419,0.0131867
N10032|5670|1.922361,N10031|9388|0.138167,0.00772005
N10032|5670|1.922361,N10035|15261|3.085156,0.0116139
N10032|5670|1.922361,N10034|10907|3.50552,0.00850002
N10032|5670|1.922361,N10033|10634|4.451449,0.0123874
N10032|5670|1.922361,N10024|11221|2.732505,0.00850093
N10308|7071|0.582151,N10307|14002|0.117948,0.00230467
N10308|7071|0.582151,N10313|9230|1.208993,0.00461207
N10308|7071|0.582151,N10339|3305|1.988433,0.0116107
N10308|7071|0.582151,N10326|9873|2.510876,0.00926525
N10308|7071|0.582151,N10325|4335|2.758753,0.00926523
N10308|7071|0.582151,N10316|9769|0.632086,0.00771818
N10308|7071|0.582151,N10335|7022|4.080779,0.013977
N10411|3980|1.222384,N10417|4640|0.116543,0.0139734
N10308|7071|0.582151,N10324|6913|0.741067,0.0100485
N10308|7071|0.582151,N10331|14268|0.255619,0.00927347
N10308|7071|0.582151,N10304|10827|0.144852,0.0116021
N10308|7071|0.582151,N10314|1679|0.052918,0.00307296
N10308|7071|0.582151,N10202|10267|0.04449,0.0147441
N10308|7071|0.582151,N10317|11010|1.250049,0.00849614
N10308|7071|0.582151,N10320|2151|2.016699,0.00926637
N10308|7071|0.582151,N10253|13358|0.566741,0.0147393
N10308|7071|0.582151,N10329|13495|2.243571,0.00848483
N10308|7071|0.582151,N10327|6676|3.397759,0.0116201
N10308|7071|0.582151,N10328|7748|7.056543,0.0139545
N10308|7071|0.582151,N10299|10444|2.378877,0.00615722
N10308|7071|0.582151,N10315|6133|1.421078,0.00539057
N10411|3980|1.222384,N10447|13406|0.157979,0.0147572
N10539|3755|0.466474,N10526|7145|1.150403,0.0131748
N10539|3755|0.466474,N10532|12282|4.59853,0.00695622
N10539|3755|0.466474,N10536|5868|0.748762,0.00461511
N10539|3755|0.466474,N10525|5486|3.135281,0.0131809
N10411|3980|1.222384,N10440|6346|0.732477,0.0147626
N10539|3755|0.466474,N10542|1999|4.01676,0.0100487
N10539|3755|0.466474,N10541|2290|2.197935,0.00693372
N10539|3755|0.466474,N10515|9957|1.828626,0.0131648
N10539|3755|0.466474,N10535|12368|0.523269,0.00230469
N10539|3755|0.466474,N10531|13747|1.12443,0.00926064
N10539|3755|0.466474,N10558|12714|0.308784,0.013235
N10411|3980|1.222384,N10409|8425|0.927486,0.00927027
N11615|7031|0.152468,N11588|10648|1.731461,0.0100491
N11615|7031|0.152468,N11584|2146|2.577156,0.0123968
N11615|7031|0.152468,N11624|6571|0.228305,0.0108244
N11615|7031|0.152468,N11605|4602|3.361874,0.0092644
N11615|7031|0.152468,N11587|4473|0.848148,0.0147402
N11615|7031|0.152468,N11603|11797|1.655793,0.0123918
N11615|7031|0.152468,N11599|10603|1.183727,0.0131753
N11615|7031|0.152468,N11616|10945|0.229646,0.012378
N11615|7031|0.152468,N11610|4641|2.194546,0.00772005
N11615|7031|0.152468,N11612|7607|5.393571,0.00772764
N11615|7031|0.152468,N11602|1469|0.068194,0.0108267
N11615|7031|0.152468,N11589|3883|4.024833,0.0147437
N11615|7031|0.152468,N11623|8724|0.045337,0.0147944
N11615|7031|0.152468,N11604|14042|0.61391,0.0053868
N11615|7031|0.152468,N11595|5624|0.527232,0.010049
N11615|7031|0.152468,N11596|10816|0.692399,0.010049
N11615|7031|0.152468,N11592|6662|0.082858,0.0139789
N11615|7031|0.152468,N11606|7388|0.162691,0.00461625
N11615|7031|0.152468,N11613|13304|1.663156,0.00693387
N11615|7031|0.152468,N11611|3842|2.309476,0.0053868
N8828|2039|1.535477,N8818|15382|2.100998,0.0100612
N8828|2039|1.535477,N8808|7597|2.501861,0.0147581
N8828|2039|1.535477,N8823|4658|8.87833,0.0116082
N11615|7031|0.152468,N11600|4625|0.576178,0.0108336
N11615|7031|0.152468,N11593|9226|1.599335,0.0116027
N8828|2039|1.535477,N8822|2710|4.614096,0.0100499
N8828|2039|1.535477,N8809|7652|0.05461,0.0131923
N8828|2039|1.535477,N8830|13127|0.348201,0.00539074
N11615|7031|0.152468,N11607|13674|2.220092,0.00694115
N11615|7031|0.152468,N11614|15324|0.132472,0.00694113
N8828|2039|1.535477,N8821|12006|0.782773,0.00694542
N11551|2027|0.878688,N11524|6585|0.421476,0.014751
N11551|2027|0.878688,N11558|4971|0.648042,0.0116486
N11551|2027|0.878688,N11509|7537|0.30586,0.014751
N11551|2027|0.878688,N11526|15011|1.043239,0.0147786
N11551|2027|0.878688,N11529|10443|1.930225,0.0147784
N11551|2027|0.878688,N11543|4427|0.832731,0.0147478
N11551|2027|0.878688,N11552|14034|0.499465,0.0100845
N11551|2027|0.878688,N11555|3021|1.953023,0.0124257
N8711|2976|0.067598,N8715|1711|0.13758,0.00617309
N8711|2976|0.067598,N8712|8641|0.234128,0.00771091
N8711|2976|0.067598,N8713|12991|2.122045,0.011604
N8711|2976|0.067598,N8719|4916|3.015596,0.0131678
N8711|2976|0.067598,N8728|8836|1.084428,0.010842
N8711|2976|0.067598,N8721|12798|0.181439,0.0123778
N8711|2976|0.067598,N8706|10211|1.95804,0.00384233
N8711|2976|0.067598,N8731|10125|1.25572,0.014809
N12108|13852|7.951617,N12109|6386|1.485353,0.014808
N8711|2976|0.067598,N8724|1934|0.376952,0.011659
N8968|1807|1.211901,N8973|10145|2.089194,0.01474
N8968|1807|1.211901,N8971|9569|0.51094,0.0147314
N8968|1807|1.211901,N8966|5713|0.015611,0.00850063
N7878|13273|0.48581,N7879|9688|9.223416,0.0140118
N7878|13273|0.48581,N7886|11490|0.911306,0.0123976
N7878|13273|0.48581,N7881|5503|0.713161,0.010084
N7878|13273|0.48581,N7877|6834|2.985305,0.00541749
N12121|10891|1.462474,N12120|9198|0.687501,0.00153462
N12481|5745|0.140218,N12518|9895|2.414444,0.0147629
N12481|5745|0.140218,N12519|10480|2.16617,0.0132003
N12481|5745|0.140218,N12550|8083|0.027918,0.0132003
N12481|5745|0.140218,N12554|10454|0.637343,0.0131864
N12481|5745|0.140218,N12534|12395|1.442349,0.0147502
N12481|5745|0.140218,N12497|5875|0.074333,0.0131733
N12481|5745|0.140218,N12480|6588|1.156968,0.00461618
N12481|5745|0.140218,N12517|2545|1.034848,0.0139932
N12166|4418|1.779432,N12165|15129|7.243669,0.0131944
N9942|5940|0.339287,N9948|5469|0.798498,0.0100699
N9942|5940|0.339287,N9964|8985|0.69371,0.0132035
N9942|5940|0.339287,N9943|10062|0.053075,0.00851062
N9942|5940|0.339287,N9952|15026|0.034028,0.0077133
N9942|5940|0.339287,N9941|6281|4.105851,0.0139433
N9942|5940|0.339287,N9940|14165|0.033801,0.00851058
N9942|5940|0.339287,N9949|5322|0.968888,0.0139635
N9942|5940|0.339287,N9953|4252|2.085547,0.0116216
N9942|5940|0.339287,N9954|14219|0.429237,0.0100583
N12074|9368|0.993391,N12050|1425|0.06447,0.0108398
N9942|5940|0.339287,N9951|10255|1.515199,0.00849037
N9942|5940|0.339287,N9939|3554|0.826545,0.0108577
N12074|9368|0.993391,N12080|11680|3.058156,0.0123836
N12074|9368|0.993391,N12094|8684|0.190719,0.0147944
N9942|5940|0.339287,N9958|1480|0.111606,0.00771833
N12074|9368|0.993391,N12067|15033|0.850597,0.0100581
N12074|9368|0.993391,N12062|10982|1.689488,0.0116254
N9942|5940|0.339287,N9947|2373|1.334517,0.0124615
N12074|9368|0.993391,N12049|6519|2.771871,0.0132034
N7571|12548|0.443857,N7572|15384|2.459501,0.0147742
N9942|5940|0.339287,N9957|8145|4.00704,0.0108323
N7571|12548|0.443857,N7568|1526|0.096161,0.00385145
N7571|12548|0.443857,N7578|13870|0.956822,0.0139784
N7747|7173|0.124377,N7790|14930|0.010534,0.0147718
N7571|12548|0.443857,N7556|6176|0.951097,0.0147784
N7571|12548|0.443857,N7577|3297|0.36233,0.013187
N7747|7173|0.124377,N7753|12672|0.056726,0.00384786
N7747|7173|0.124377,N7755|1843|0.400244,0.0139525
N7571|12548|0.443857,N7555|11252|0.72638,0.0132039
N7747|7173|0.124377,N7783|3468|0.059187,0.0147584
N7747|7173|0.124377,N7745|13238|0.637536,0.0108385
N7747|7173|0.124377,N7754|13241|0.630826,0.00461764
N7747|7173|0.124377,N7751|3880|3.444614,0.00849307
N7747|7173|0.124377,N7750|11450|2.280366,0.000767625
N11011|4266|7.754202,N11026|6723|1.273592,0.0131689
N11011|4266|7.754202,N11021|5953|0.679736,0.0139675
N11011|4266|7.754202,N11018|11103|0.202635,0.0131784
N11011|4266|7.754202,N11027|6079|0.714309,0.0147435
N7747|7173|0.124377,N7785|2154|0.041507,0.0124235
N11011|4266|7.754202,N11010|4955|0.212537,0.00849637
N7747|7173|0.124377,N7777|12890|0.95141,0.0147583
N13035|2966|0.267509,N13037|5916|0.842589,0.0147577
N7747|7173|0.124377,N7749|7183|5.648376,0.00694072
N7747|7173|0.124377,N7794|1492|0.202883,0.0147454
N13035|2966|0.267509,N13044|14894|0.279795,0.0108322
N13035|2966|0.267509,N13058|11167|1.17044,0.0108461
N7747|7173|0.124377,N7789|7892|0.064587,0.0147718
N13035|2966|0.267509,N13026|9197|0.544685,0.0147471
N13035|2966|0.267509,N13053|4954|0.008268,0.010058
N7747|7173|0.124377,N7781|2797|2.301592,0.0147503
N13035|2966|0.267509,N13031|1964|2.547926,0.00850172
N13035|2966|0.267509,N13071|4238|1.966479,0.0147396
N13035|2966|0.267509,N13036|14781|2.59123,0.0061691
N13035|2966|0.267509,N13046|7586|0.27506,0.0116138
N13035|2966|0.267509,N13023|9255|2.431417,0.0147573
N13017|10320|2.923302,N13025|6596|5.784101,0.0147573
N13017|10320|2.923302,N13021|2121|0.427363,0.00539056
N13017|10320|2.923302,N13024|3542|1.362275,0.010842
N13017|10320|2.923302,N13027|10423|1.107882,0.0100562
N13017|10320|2.923302,N13009|7240|0.01128,0.0147728
N13017|10320|2.923302,N13026|9197|0.544685,0.00849024
N13017|10320|2.923302,N13014|4486|3.492421,0.0131892
N13017|10320|2.923302,N13023|9255|2.431417,0.00849649
N9419|8042|1.209773,N9432|6316|2.40081,0.0131674
N9419|8042|1.209773,N9420|3100|3.388402,0.00384234
N9419|8042|1.209773,N9413|7854|2.302913,0.0100584
N12059|13599|1.363123,N12071|7884|1.049288,0.0100719
N12059|13599|1.363123,N12070|14726|2.623534,0.0116255
N9419|8042|1.209773,N9370|6191|0.044663,0.01481
N12059|13599|1.363123,N12057|13821|0.342187,0.00463684
N9419|8042|1.209773,N9411|12961|0.776325,0.0108588
N9419|8042|1.209773,N9414|3729|3.038117,0.0100703
N9419|8042|1.209773,N9405|11433|2.621768,0.0131899
N9419|8042|1.209773,N9433|9770|1.952284,0.01398
N12059|13599|1.363123,N12079|8311|0.820379,0.0124241
N9419|8042|1.209773,N9426|2312|2.112556,0.0108279
N12059|13599|1.363123,N12068|5333|1.970972,0.0148083
N9419|8042|1.209773,N9417|14062|0.337818,0.00694097
N12059|13599|1.363123,N12076|12350|0.074,0.012459
N12059|13599|1.363123,N12061|12893|2.846137,0.0132165
N9419|8042|1.209773,N9425|10731|0.354384,0.00849644
N12059|13599|1.363123,N12053|7243|0.075714,0.00775681
N12059|13599|1.363123,N12060|10946|0.282027,0.0061643
N9419|8042|1.209773,N9399|10757|3.06532,0.0116343
N12059|13599|1.363123,N12093|6486|0.715147,0.014031
N9419|8042|1.209773,N9404|11969|0.138192,0.0108334
N9419|8042|1.209773,N9410|13851|2.199643,0.0132171
N12059|13599|1.363123,N12078|9343|0.596771,0.0140132
N12059|13599|1.363123,N12064|12188|2.046563,0.013192
N12059|13599|1.363123,N12052|1462|0.742898,0.00854456
N12059|13599|1.363123,N12063|8845|0.246638,0.00927429
N12059|13599|1.363123,N12051|4854|0.440591,0.00539628
N12059|13599|1.363123,N12069|14335|0.683639,0.0132033
N12059|13599|1.363123,N12054|11742|8.2643,0.00541735
N12059|13599|1.363123,N12058|6335|6.011002,0.0148093
N11770|13356|0.632228,N11768|14000|6.376356,0.0147585
N11770|13356|0.632228,N11763|14722|1.672793,0.0053899
N11770|13356|0.632228,N11764|13257|8.938769,0.013196
N12059|13599|1.363123,N12074|9368|0.993391,0.0116487
N12059|13599|1.363123,N12050|1425|0.06447,0.00539628
N11770|13356|0.632228,N11771|6757|0.735472,0.00307387
N12059|13599|1.363123,N12094|8684|0.190719,0.014031
N12059|13599|1.363123,N12067|15033|0.850597,0.0140115
N12059|13599|1.363123,N12062|10982|1.689488,0.0092842
N12059|13599|1.363123,N12091|4328|0.976929,0.0148309
N12059|13599|1.363123,N12049|6519|2.771871,0.0092842
N12417|4257|2.751207,N12422|12209|1.051939,0.0139807
N12417|4257|2.751207,N12424|10163|0.680695,0.0116256
N9115|2253|1.392066,N9124|12640|0.657822,0.0092775
N9115|2253|1.392066,N9114|12028|0.249049,0.00230861
N9115|2253|1.392066,N9156|13966|0.714533,0.0147736
N9115|2253|1.392066,N9125|9038|4.287508,0.0148357
N9115|2253|1.392066,N9123|7269|4.075191,0.0108445
N9115|2253|1.392066,N9143|9789|0.150846,0.013994
N9115|2253|1.392066,N9150|13941|2.000419,0.0148096
N9115|2253|1.392066,N9139|11794|1.064317,0.0139398
N9115|2253|1.392066,N9145|12677|0.169826,0.0124238
N9115|2253|1.392066,N9133|10512|0.63993,0.00693615
N9115|2253|1.392066,N9159|5400|0.497134,0.0124409
N9115|2253|1.392066,N9154|8775|1.938037,0.0147706
N9115|2253|1.392066,N9112|10385|2.194996,0.00851138
N9115|2253|1.392066,N9144|4756|1.186141,0.0147897
N7404|3965|1.447523,N7403|12845|1.653957,0.0108355
N12538|9175|0.110277,N12526|2379|0.173271,0.0108311
N12538|9175|0.110277,N12467|9793|0.066911,0.0123993
N7404|3965|1.447523,N7406|12666|2.589913,0.00539654
N12538|9175|0.110277,N12502|12993|0.028039,0.0116107
N12538|9175|0.110277,N12552|5170|0.349724,0.0124072
N12538|9175|0.110277,N12499|6146|0.539863,0.0139613
N12538|9175|0.110277,N12549|2456|1.816008,0.0131831
N12538|9175|0.110277,N12485|3996|0.147552,0.0131832
N12538|9175|0.110277,N12490|9625|0.023124,0.0123902
N12538|9175|0.110277,N12556|12239|0.061929,0.0116338
N12538|9175|0.110277,N12547|6940|0.836952,0.0124011
N12538|9175|0.110277,N12540|12220|1.135966,0.0131942
N8540|5827|5.462183,N8544|7232|0.87161,0.0139525
N12538|9175|0.110277,N12466|6767|1.259225,0.0131831
N8540|5827|5.462183,N8542|14167|3.9748,0.0131685
N12538|9175|0.110277,N12533|7974|0.244196,0.0108421
N12538|9175|0.110277,N12536|10141|2.307453,0.00462108
N12538|9175|0.110277,N12551|7510|0.251933,0.0100564
N12538|9175|0.110277,N12566|9121|0.08259,0.0147698
N8540|5827|5.462183,N8539|10972|3.907177,0.0139641
N12538|9175|0.110277,N12498|9476|0.063085,0.0116022
N12538|9175|0.110277,N12488|12101|1.121635,0.0131838
N12538|9175|0.110277,N12537|4468|2.635044,0.00385005
N12538|9175|0.110277,N12459|10633|0.178368,0.0131716
N12538|9175|0.110277,N12530|10028|0.70269,0.0147628
N12538|9175|0.110277,N12564|8090|2.029125,0.0147583
N12538|9175|0.110277,N12507|9063|0.371893,0.0131684
N12538|9175|0.110277,N12563|8865|1.422802,0.0147501
N12538|9175|0.110277,N12535|11736|0.394495,0.00616109
N12538|9175|0.110277,N12508|14807|0.41106,0.0131779
N12538|9175|0.110277,N12555|4208|2.598968,0.0131731
N12538|9175|0.110277,N12524|7348|0.12227,0.0116068
N12538|9175|0.110277,N12531|6368|0.808906,0.013195
N12538|9175|0.110277,N12465|9663|3.510964,0.0139843
N12538|9175|0.110277,N12462|6718|0.293305,0.0139525
N12538|9175|0.110277,N12473|13030|2.051846,0.0147673
N12538|9175|0.110277,N12481|5745|0.140218,0.0139931
N12538|9175|0.110277,N12553|5590|1.684612,0.0139669
N12538|9175|0.110277,N12482|15143|0.193936,0.0139608
N12538|9175|0.110277,N12527|9237|0.448218,0.0139544
N12538|9175|0.110277,N12518|9895|2.414444,0.01477
N12538|9175|0.110277,N12504|8693|0.601243,0.0139608
N12538|9175|0.110277,N12519|10480|2.16617,0.013192
N12538|9175|0.110277,N12550|8083|0.027918,0.0100564
N12538|9175|0.110277,N12588|14367|1.187912,0.014763
N12538|9175|0.110277,N12492|6139|1.973109,0.0147451
N7649|3414|1.115455,N7644|8904|0.512647,0.014763
N12538|9175|0.110277,N12554|10454|0.637343,0.0108311
N12538|9175|0.110277,N12500|10430|1.273377,0.0147398
N12538|9175|0.110277,N12534|12395|1.442349,0.0116177
N12538|9175|0.110277,N12497|5875|0.074333,0.0116023
N12538|9175|0.110277,N12517|2545|1.034848,0.0139798
N12538|9175|0.110277,N12529|4469|3.56161,0.0124064
N12538|9175|0.110277,N12528|11921|2.139033,0.0132011
N12538|9175|0.110277,N12461|3483|0.725069,0.0147333
N8357|8166|0.16907,N8372|4828|0.76331,0.00927553
N8357|8166|0.16907,N8380|1412|1.068421,0.0139943
N8357|8166|0.16907,N8369|9454|0.782724,0.0116351
N8357|8166|0.16907,N8371|2400|0.622719,0.0116025
N8357|8166|0.16907,N8361|13423|0.310029,0.0100641
N8357|8166|0.16907,N8359|6678|0.09393,0.00694553
N8357|8166|0.16907,N8364|14684|0.429345,0.0100656
N7312|7002|1.104188,N7313|7438|3.192167,0.00770309
N8357|8166|0.16907,N8366|6761|3.821011,0.012411
N8357|8166|0.16907,N8367|7627|1.553625,0.0131843
N8357|8166|0.16907,N8358|2835|0.986928,0.00850423
N11859|10707|1.084598,N11903|5159|0.285236,0.0100488
N8357|8166|0.16907,N8379|3450|0.362307,0.0147507
N11859|10707|1.084598,N11891|11355|0.511365,0.0139344
N8357|8166|0.16907,N8355|9885|2.048022,0.0147738
N11859|10707|1.084598,N11863|6226|0.321138,0.0139397
N11859|10707|1.084598,N11867|7533|0.320478,0.0147575
N11859|10707|1.084598,N11864|12078|0.107577,0.0123837
N8357|8166|0.16907,N8368|3577|1.223714,0.0100676
N8357|8166|0.16907,N8382|11492|1.764649,0.0132192
N8357|8166|0.16907,N8377|4310|0.039595,0.013187
N11859|10707|1.084598,N11866|9059|0.195271,0.0131675
N8357|8166|0.16907,N8363|7636|0.882553,0.00772371
N8357|8166|0.16907,N8381|9511|0.167241,0.0139942
N7702|1487|0.895309,N7697|5849|2.33713,0.00928439
N8357|8166|0.16907,N8360|11856|2.550031,0.01398
N8357|8166|0.16907,N8353|13525|4.961347,0.0131842
N8357|8166|0.16907,N8373|6621|4.001402,0.0139645
N8357|8166|0.16907,N8374|10238|9.3E-5,0.0131749
N8357|8166|0.16907,N8362|1898|0.341441,0.00772372
N7702|1487|0.895309,N7694|4064|2.201154,0.0100837
N7702|1487|0.895309,N7700|13769|0.192904,0.00307624
N7702|1487|0.895309,N7703|6455|2.844013,0.0147334
N7702|1487|0.895309,N7709|11706|0.15315,0.0132033
N7702|1487|0.895309,N7714|3550|0.106017,0.0124067
N11073|4479|2.947979,N11072|2790|0.68052,0.0046126
N7702|1487|0.895309,N7713|13298|0.510114,0.0139857
N9450|5603|2.048183,N9451|10692|1.609798,0.0147573
N11073|4479|2.947979,N11069|6309|2.138312,0.012397
N12998|8221|0.848825,N12996|11426|0.862639,0.00926639
N12998|8221|0.848825,N12987|13617|0.236659,0.0084924
N12998|8221|0.848825,N12992|10856|1.925319,0.00848488
N12998|8221|0.848825,N12986|8658|4.09695,0.00926637
N12998|8221|0.848825,N12984|4889|4.234202,0.014771
N11073|4479|2.947979,N11071|4197|0.05893,0.0100405
N12998|8221|0.848825,N12997|12399|1.005863,0.010833
N10832|15043|1.059086,N10830|14495|8.00749,0.0116252
N10832|15043|1.059086,N10842|6982|0.378977,0.0108577
N12998|8221|0.848825,N12977|12673|1.17305,0.00771142
N10832|15043|1.059086,N10845|4453|0.918482,0.0123873
N10832|15043|1.059086,N10833|11188|0.880592,0.00617367
N10832|15043|1.059086,N10839|7722|0.251771,0.0108591
N10832|15043|1.059086,N10837|4246|0.026761,0.00850494
N9124|12640|0.657822,N9114|12028|0.249049,0.0100609
N10832|15043|1.059086,N10840|8790|1.649109,0.0131866
N9124|12640|0.657822,N9125|9038|4.287508,0.0100583
N9124|12640|0.657822,N9123|7269|4.075191,0.010825
N9124|12640|0.657822,N9143|9789|0.150846,0.0139782
N10832|15043|1.059086,N10844|10976|2.862646,0.0139935
N9124|12640|0.657822,N9145|12677|0.169826,0.0139674
N9124|12640|0.657822,N9133|10512|0.63993,0.0084916
N10832|15043|1.059086,N10838|8147|1.139579,0.0139958
N10832|15043|1.059086,N10835|1635|1.232712,0.00616914
N8473|12230|1.783264,N8474|13424|0.489979,0.00462043
N10832|15043|1.059086,N10834|12219|2.173906,0.00539523
N8473|12230|1.783264,N8480|13341|0.082904,0.0139544
N8473|12230|1.783264,N8482|6029|0.305383,0.0147476
N8473|12230|1.783264,N8487|11714|0.291764,0.0131748
N8473|12230|1.783264,N8464|6997|0.845618,0.0123978
N10830|14495|8.00749,N10833|11188|0.880592,0.00849611
N10830|14495|8.00749,N10837|4246|0.026761,0.0124063
N12920|5874|3.240712,N12908|6786|1.944159,0.0108246
N12920|5874|3.240712,N12919|9151|0.917177,0.00539472
N12920|5874|3.240712,N12912|6916|0.539543,0.010836
N12920|5874|3.240712,N12918|10244|5.925615,0.0108119
N12920|5874|3.240712,N12915|11312|1.031759,0.0131687
N9268|8263|0.021383,N9255|14771|0.350205,0.00927722
N9268|8263|0.021383,N9281|5602|0.079699,0.0124131
N10830|14495|8.00749,N10835|1635|1.232712,0.0100564
N10830|14495|8.00749,N10834|12219|2.173906,0.00927527
N9268|8263|0.021383,N9266|13703|1.254768,0.014779
N9268|8263|0.021383,N9273|13046|0.2787,0.00539337
N9268|8263|0.021383,N9272|7257|0.692674,0.00539059
N9614|3685|0.075811,N9624|10834|1.251999,0.00929826
N9614|3685|0.075811,N9632|13351|0.423463,0.011607
N9614|3685|0.075811,N9630|14564|1.455377,0.0131612
N9614|3685|0.075811,N9633|7951|1.82309,0.0147542
N9614|3685|0.075811,N9621|8513|1.596386,0.0108448
N11719|14393|0.569167,N11729|11774|0.076808,0.0131844
N11719|14393|0.569167,N11715|9563|3.299773,0.0139797
N11719|14393|0.569167,N11727|3472|0.293825,0.01086
N10318|15331|1.369803,N10319|6774|4.030208,0.0124085
N7526|14207|0.370422,N7525|15348|7.400387,0.00771845
N10318|15331|1.369803,N10291|8925|0.035284,0.0139525
N10318|15331|1.369803,N10303|3707|2.270653,0.0131864
N7526|14207|0.370422,N7529|4623|11.233437,0.00848659
N7526|14207|0.370422,N7516|3203|2.842382,0.0131749
N7526|14207|0.370422,N7550|5584|0.066803,0.0147904
N10318|15331|1.369803,N10290|12498|1.530341,0.0139669
N7526|14207|0.370422,N7533|13695|0.987302,0.010878
N7526|14207|0.370422,N7531|12465|1.898525,0.0108424
N10318|15331|1.369803,N10305|5632|1.383602,0.0139668
N10318|15331|1.369803,N10310|2189|2.163687,0.0132014
N7526|14207|0.370422,N7543|1554|2.449295,0.0123875
N7526|14207|0.370422,N7557|4950|4.0615,0.0147723
N7526|14207|0.370422,N7530|5931|0.470247,0.00849282
N7526|14207|0.370422,N7568|1526|0.096161,0.0147588
N10318|15331|1.369803,N10322|14137|1.531451,0.00928367
N10318|15331|1.369803,N10292|13316|0.436738,0.0147441
N10318|15331|1.369803,N10323|6376|0.815691,0.0147422
N7526|14207|0.370422,N7556|6176|0.951097,0.0100488
N7526|14207|0.370422,N7555|11252|0.72638,0.00849156
N7526|14207|0.370422,N7514|9617|2.501809,0.0100488
N7526|14207|0.370422,N7515|11916|1.841037,0.0108332
N10318|15331|1.369803,N10301|14140|0.237663,0.0116196
N10318|15331|1.369803,N10309|9762|0.882892,0.0131745
N7526|14207|0.370422,N7545|8538|0.438066,0.0116206
N10318|15331|1.369803,N10306|5814|2.442278,0.014789
N10318|15331|1.369803,N10308|7071|0.582151,0.0100578
N10318|15331|1.369803,N10307|14002|0.117948,0.010858
N10318|15331|1.369803,N10313|9230|1.208993,0.0131731
N10318|15331|1.369803,N10316|9769|0.632086,0.0116107
N10318|15331|1.369803,N10314|1679|0.052918,0.0116324
N10318|15331|1.369803,N10317|11010|1.250049,0.0139721
N10318|15331|1.369803,N10320|2151|2.016699,0.010058
N10318|15331|1.369803,N10299|10444|2.378877,0.0131747
N7664|6454|0.318782,N7666|7799|1.798255,0.0139557
N10318|15331|1.369803,N10315|6133|1.421078,0.0108351
N10842|6982|0.378977,N10845|4453|0.918482,0.00770573
N7664|6454|0.318782,N7668|12471|1.776381,0.0123914
N10842|6982|0.378977,N10833|11188|0.880592,0.00927723
N12231|14902|1.058481,N12227|6097|1.698065,0.01007
N10842|6982|0.378977,N10839|7722|0.251771,0.00461965
N10842|6982|0.378977,N10837|4246|0.026761,0.00849645
N12231|14902|1.058481,N12233|14714|1.905567,0.010058
N10842|6982|0.378977,N10840|8790|1.649109,0.00384233
N12231|14902|1.058481,N12232|5012|6.374938,0.012424
N10842|6982|0.378977,N10844|10976|2.862646,0.00926643
N13025|6596|5.784101,N13021|2121|0.427363,0.0139667
N10842|6982|0.378977,N10843|5292|6.029104,0.0123811
N10842|6982|0.378977,N10838|8147|1.139579,0.0100701
N13025|6596|5.784101,N13027|10423|1.107882,0.0123973
N13025|6596|5.784101,N13026|9197|0.544685,0.0108237
N10842|6982|0.378977,N10835|1635|1.232712,0.00928422
N10842|6982|0.378977,N10834|12219|2.173906,0.00850086
N8199|13442|1.114741,N8201|12578|0.656306,0.00308247
N8199|13442|1.114741,N8183|14576|0.932992,0.0100496
N8199|13442|1.114741,N8184|12859|6.474293,0.0123914
N8199|13442|1.114741,N8202|6934|5.162685,0.00927425
N8199|13442|1.114741,N8193|13047|5.158584,0.0116108
N8199|13442|1.114741,N8192|14114|6.92033,0.0139778
N13025|6596|5.784101,N13023|9255|2.431417,0.01239
N8199|13442|1.114741,N8198|8976|2.567885,0.00538836
N8199|13442|1.114741,N8213|3840|0.621532,0.0123836
N8199|13442|1.114741,N8221|3361|2.135757,0.0147505
N8199|13442|1.114741,N8187|2376|1.130316,0.0100574
N8199|13442|1.114741,N8222|13876|2.129401,0.0123903
N8199|13442|1.114741,N8173|12513|1.810112,0.011607
N8199|13442|1.114741,N8176|6430|0.414331,0.0124133
N8199|13442|1.114741,N8214|11238|0.781893,0.0147398
N8199|13442|1.114741,N8188|1643|3.838888,0.00771737
N8199|13442|1.114741,N8186|2195|0.728828,0.00927543
N8199|13442|1.114741,N8194|3761|1.134226,0.00927731
N8199|13442|1.114741,N8219|11882|3.212392,0.0131686
N8207|3966|1.218216,N8212|15207|2.79371,0.0116213
N8199|13442|1.114741,N8196|14222|0.462218,0.0123913
N8207|3966|1.218216,N8211|8123|0.377723,0.00848671
N8199|13442|1.114741,N8189|11388|1.488916,0.00693373
N8199|13442|1.114741,N8205|11108|3.60963,0.0132032
N8199|13442|1.114741,N8204|8732|5.697496,0.013178
N8207|3966|1.218216,N8208|6083|2.403218,0.00615822
N8199|13442|1.114741,N8200|14143|0.460304,0.00230468
N8199|13442|1.114741,N8206|5109|0.82291,0.0116477
N8199|13442|1.114741,N8197|3640|2.261794,0.00771326
N8207|3966|1.218216,N8203|11050|0.018259,0.0147398
N8199|13442|1.114741,N8203|11050|0.018259,0.00927731
N11125|15318|0.689442,N11130|3135|1.45532,0.0140127
N11125|15318|0.689442,N11113|10029|0.854518,0.0139783
N11125|15318|0.689442,N11118|3441|0.266943,0.0147902
N8918|2398|4.288038,N8921|6943|2.115737,0.0108478
N11125|15318|0.689442,N11127|10312|2.573578,0.00538493
N11125|15318|0.689442,N11108|5884|0.77288,0.0139783
N11125|15318|0.689442,N11097|12564|1.398948,0.0139944
N12996|11426|0.862639,N12987|13617|0.236659,0.00849132
N12996|11426|0.862639,N12992|10856|1.925319,0.00848647
N8918|2398|4.288038,N8920|9249|3.22695,0.0131736
N12996|11426|0.862639,N12986|8658|4.09695,0.00926971
N12996|11426|0.862639,N12984|4889|4.234202,0.0147706
N8918|2398|4.288038,N8919|14730|2.073608,0.0100605
N12996|11426|0.862639,N12997|12399|1.005863,0.00462376
N12996|11426|0.862639,N12977|12673|1.17305,0.00771325
N12701|2282|0.18295,N12699|11150|7.190649,0.00777452
N12701|2282|0.18295,N12700|1922|12.007921,0.0139653
N12701|2282|0.18295,N12704|5082|0.077263,0.00848648
N8017|12132|0.682804,N8018|12300|7.531444,0.00771989
N12701|2282|0.18295,N12713|9021|0.783928,0.0147392
N12701|2282|0.18295,N12706|2094|2.755776,0.012373
N12701|2282|0.18295,N12698|2168|0.184657,0.00771322
N12701|2282|0.18295,N12703|7544|2.064741,0.0053934
N8017|12132|0.682804,N8026|14333|1.938908,0.0147316
N8017|12132|0.682804,N8025|2541|0.186356,0.0131736
N12701|2282|0.18295,N12696|6059|0.392814,0.00771316
N8017|12132|0.682804,N8010|5246|1.571658,0.0123914
N8017|12132|0.682804,N8029|12483|2.007116,0.0131674
N8017|12132|0.682804,N8032|13906|0.570499,0.00926971
N8017|12132|0.682804,N8015|5442|3.948232,0.00616734
N8017|12132|0.682804,N8024|14889|0.747143,0.0147456
N9008|6572|1.500492,N9041|13663|0.42431,0.0147507
N8017|12132|0.682804,N8021|4539|2.068237,0.00848638
N8017|12132|0.682804,N8028|7486|0.293428,0.0108264
N9008|6572|1.500492,N9009|14787|1.215625,0.00851154
N8017|12132|0.682804,N8051|12609|3.009373,0.0139807
N8017|12132|0.682804,N8013|7554|2.307135,0.00385017
N8017|12132|0.682804,N8031|3625|0.869058,0.0123977
N9008|6572|1.500492,N9051|3727|0.752761,0.0131833
N9008|6572|1.500492,N9019|1759|3.21172,0.0123775
N9008|6572|1.500492,N9012|7036|0.144812,0.00850431
N8017|12132|0.682804,N8009|14525|0.152579,0.00927449
N9008|6572|1.500492,N9005|9621|0.184888,0.00926993
N9008|6572|1.500492,N9018|7028|1.271107,0.0116003
N8017|12132|0.682804,N8050|12356|0.711973,0.0147504
N9008|6572|1.500492,N9020|4424|0.845904,0.0123968
N8017|12132|0.682804,N8038|2599|3.592852,0.0147397
N9008|6572|1.500492,N8997|12760|0.707051,0.0147583
N9008|6572|1.500492,N9023|13272|1.556355,0.0147433
N8017|12132|0.682804,N8034|11942|0.98519,0.0108311
N8017|12132|0.682804,N8007|9686|0.849915,0.0116152
N8212|15207|2.79371,N8211|8123|0.377723,0.0108264
N8017|12132|0.682804,N8039|4402|0.429196,0.0116068
N8017|12132|0.682804,N8014|11541|1.407573,0.00462631
N8017|12132|0.682804,N8022|12003|0.569686,0.0139644
N8017|12132|0.682804,N8008|8037|2.076879,0.0116216
N8017|12132|0.682804,N8030|1826|4.32662,0.0147585
N8017|12132|0.682804,N8020|4770|0.329201,0
N8017|12132|0.682804,N8011|6303|3.222924,0.00307383
N8017|12132|0.682804,N8012|12050|0.024109,0.00307625
N8212|15207|2.79371,N8208|6083|2.403218,0.0147503
N8018|12300|7.531444,N8015|5442|3.948232,0.0139808
N11601|13201|8.474162,N11600|4625|0.576178,0.0123979
N8018|12300|7.531444,N8013|7554|2.307135,0.0116345
N9699|7120|1.582618,N9696|14498|5.512639,0.0131866
N8018|12300|7.531444,N8014|11541|1.407573,0.0124248
N8018|12300|7.531444,N8020|4770|0.329201,0.00771989
N8946|6380|0.862479,N8962|11889|1.067723,0.0139616
N8018|12300|7.531444,N8011|6303|3.222924,0.0108312
N8018|12300|7.531444,N8012|12050|0.024109,0.0108465
N8946|6380|0.862479,N8960|4831|0.445665,0.0147507
N8946|6380|0.862479,N8945|12427|2.726987,0.00849264
N8946|6380|0.862479,N8956|15297|1.548554,0.0139561
N8872|3674|4.530978,N8858|14691|0.918651,0.0140127
N8946|6380|0.862479,N8948|7351|0.152822,0.00927014
N8946|6380|0.862479,N8942|9028|0.173101,0.00693611
N8946|6380|0.862479,N8943|13221|3.526765,0.0139675
N8946|6380|0.862479,N8957|5722|3.760041,0.0147391
N8872|3674|4.530978,N8856|1379|0.777535,0.0140127
N7284|6650|0.877041,N7282|6032|1.251473,0.00694522
N7284|6650|0.877041,N7291|5461|0.256319,0.00230599
N7284|6650|0.877041,N7287|9602|3.103335,0.00230532
N7284|6650|0.877041,N7288|7639|0.369608,0.00539671
N8872|3674|4.530978,N8868|14599|0.735291,0.0147959
N12017|2405|0.399447,N12022|15079|0.179931,0.00771915
N12017|2405|0.399447,N12014|8926|1.747169,0.00849132
N12017|2405|0.399447,N12020|9383|0.896485,0.0131646
N7939|7625|0.365152,N7931|6344|1.385912,0.00616434
N7939|7625|0.365152,N7938|14556|0.459662,0.00307387
N7939|7625|0.365152,N7934|4849|4.14871,0.00849038
N12017|2405|0.399447,N12016|6389|2.646521,0.00770873
N12017|2405|0.399447,N12021|9357|0.044698,0.00616727
N7939|7625|0.365152,N7929|8368|0.436093,0.00615989
N12017|2405|0.399447,N12013|9857|1.013289,0.00849143
N12553|5590|1.684612,N12482|15143|0.193936,0.0147397
N12553|5590|1.684612,N12527|9237|0.448218,0.0147312
N12553|5590|1.684612,N12504|8693|0.601243,0.0147397
N12553|5590|1.684612,N12589|4455|2.489465,0.0147426
N12553|5590|1.684612,N12519|10480|2.16617,0.0139722
N12553|5590|1.684612,N12550|8083|0.027918,0.00538673
N12553|5590|1.684612,N12602|14045|0.864212,0.0139525
N12553|5590|1.684612,N12588|14367|1.187912,0.0108331
N12553|5590|1.684612,N12600|4349|1.436957,0.0139525
N12553|5590|1.684612,N12554|10454|0.637343,0.00461617
N12553|5590|1.684612,N12534|12395|1.442349,0.0139612
N12414|9508|9.671479,N12412|8204|4.475837,0.0131747
N12414|9508|9.671479,N12413|9496|4.354702,0.0124106
N12553|5590|1.684612,N12569|10700|0.180908,0.0116068
N12553|5590|1.684612,N12497|5875|0.074333,0.0123856
N12553|5590|1.684612,N12545|9734|2.533836,0.0124088
N12553|5590|1.684612,N12574|12439|0.14536,0.0123813
N12553|5590|1.684612,N12517|2545|1.034848,0.0147628
N12553|5590|1.684612,N12529|4469|3.56161,0.0147629
N12553|5590|1.684612,N12546|6374|0.291382,0.0108263
N12553|5590|1.684612,N12543|10805|3.530949,0.0139611
N11303|14738|0.233273,N11299|2288|1.660374,0.0139635
N11303|14738|0.233273,N11305|3738|1.465005,0.00926545
N11150|2180|2.985339,N11148|2051|2.162953,0.0123918
N12087|11048|3.10508,N12085|6593|1.056889,0.010833
N12087|11048|3.10508,N12082|11453|0.055963,0.00848494
N12087|11048|3.10508,N12084|12824|0.913132,0.0123914
N12087|11048|3.10508,N12093|6486|0.715147,0.0116476
N12087|11048|3.10508,N12086|13291|1.417129,0.0108149
N11980|8650|1.136375,N12010|8885|0.16324,0.0131781
N11980|8650|1.136375,N11984|1838|0.195328,0.0108264
N11980|8650|1.136375,N11979|10096|0.769496,0.00076673
N11980|8650|1.136375,N11971|12636|0.690138,0.00927007
N12087|11048|3.10508,N12088|1729|0.444098,0.0100999
N11980|8650|1.136375,N12008|3071|0.647892,0.0147472
N12087|11048|3.10508,N12094|8684|0.190719,0.0116476
N12087|11048|3.10508,N12091|4328|0.976929,0.0132162
N9742|1593|1.843405,N9736|4880|0.301087,0.00927454
N12199|11093|0.243801,N12194|11228|2.009935,0.00694511
N12199|11093|0.243801,N12200|7838|0.777042,0.0038501
N9742|1593|1.843405,N9728|15310|0.085393,0.0100443
N12199|11093|0.243801,N12193|14228|0.485161,0.00538976
N12199|11093|0.243801,N12183|15376|0.316416,0.0123974
N9742|1593|1.843405,N9713|11770|0.47842,0.0123992
N9742|1593|1.843405,N9717|6100|7.537105,0.0147257
N9742|1593|1.843405,N9727|2654|0.637465,0.0085002
N9742|1593|1.843405,N9723|4534|3.162746,0.0116111
N9742|1593|1.843405,N9733|11666|0.117101,0.00927454
N12199|11093|0.243801,N12197|7618|0.527773,0.00384775
N9742|1593|1.843405,N9740|10865|0.999278,0.0108355
N9742|1593|1.843405,N9743|5866|1.262035,0.0108399
N12199|11093|0.243801,N12206|12333|0.381509,0.0147617
N12199|11093|0.243801,N12196|5208|2.339095,0.00771317
N7334|2761|0.788392,N7341|6592|1.010284,0.0131845
N7334|2761|0.788392,N7340|10804|0.142584,0.0108588
N12199|11093|0.243801,N12195|11376|0.590085,0.00384774
N7334|2761|0.788392,N7337|10852|0.521503,0.00848252
N12199|11093|0.243801,N12180|2451|2.75645,0.0131865
N7334|2761|0.788392,N7342|14618|1.066006,0.0100703
N12605|8811|3.099897,N12606|9140|4.083458,0.0124089
N7697|5849|2.33713,N7694|4064|2.201154,0.0116668
N7697|5849|2.33713,N7700|13769|0.192904,0.00772734
N7697|5849|2.33713,N7703|6455|2.844013,0.0147251
N7697|5849|2.33713,N7709|11706|0.15315,0.0131955
N7697|5849|2.33713,N7714|3550|0.106017,0.012398
N7697|5849|2.33713,N7713|13298|0.510114,0.0139807
N12954|6858|0.200818,N12955|13174|0.357512,0.00539348
N12954|6858|0.200818,N12959|8746|0.330462,0.00848239
N12954|6858|0.200818,N12960|14118|2.91166,0.00693329
N12954|6858|0.200818,N12957|3908|1.355432,0.00771977
N12954|6858|0.200818,N12956|11123|9.085021,0.00772361
N8146|6310|1.682245,N8167|9413|2.896965,0.0139676
N8146|6310|1.682245,N8147|6853|1.322031,0.00771157
N8146|6310|1.682245,N8137|12331|1.746135,0.014725
N8146|6310|1.682245,N8136|9622|3.642271,0.014725
N8146|6310|1.682245,N8168|6876|0.395138,0.0131871
N8146|6310|1.682245,N8161|5815|2.657205,0.0147623
N8146|6310|1.682245,N8148|6205|0.019809,0.0108203
N8146|6310|1.682245,N8149|3784|0.221216,0.0100391
N8146|6310|1.682245,N8139|6836|1.288953,0.0147566
N8146|6310|1.682245,N8170|12462|1.287377,0.0116071
N8146|6310|1.682245,N8154|11693|1.349062,0.012398
N8146|6310|1.682245,N8159|14322|1.114167,0.0124058
N8146|6310|1.682245,N8156|9303|2.047012,0.0131833
N8146|6310|1.682245,N8163|5056|0.324114,0.0116218
N12878|3737|1.744935,N12871|3891|3.524599,0.0123976
N12878|3737|1.744935,N12870|12610|0.992737,0.0100564
N12878|3737|1.744935,N12869|8519|0.682923,0.0147494
N12878|3737|1.744935,N12874|15200|0.833692,0.0100564
N12878|3737|1.744935,N12876|12962|3.113938,0.0147574
N12878|3737|1.744935,N12872|13249|0.725588,0.00926967
N10582|10741|1.762303,N10585|12785|0.199406,0.00694614
N10582|10741|1.762303,N10590|3597|2.18778,0.0108444
N10582|10741|1.762303,N10577|2852|0.124301,0.00539629
N10582|10741|1.762303,N10586|5873|0.989638,0.00772724
N10582|10741|1.762303,N10591|10257|2.420075,0.00695624
N10582|10741|1.762303,N10594|11499|0.093242,0.00771148
N10582|10741|1.762303,N10595|14754|3.616975,0.0116204
N10582|10741|1.762303,N10596|5106|3.670426,0.0116203
N10582|10741|1.762303,N10583|5548|4.724395,0.00852945
N7447|9983|3.052163,N7444|4231|5.518606,0.0124074
N7447|9983|3.052163,N7438|5804|1.092133,0.0108258
N7447|9983|3.052163,N7426|3108|1.291881,0.0147497
N7447|9983|3.052163,N7454|2711|0.057998,0.00461618
N7447|9983|3.052163,N7450|4514|0.348837,0.00384758
N7447|9983|3.052163,N7440|4221|1.427708,0.0100496
N7447|9983|3.052163,N7451|13616|0.92384,0.00461259
N9301|5251|5.33784,N9299|2894|2.97928,0.0131832
N7447|9983|3.052163,N7439|8645|0.933322,0.00926975
N7447|9983|3.052163,N7466|3451|0.070638,0.0147399
N7447|9983|3.052163,N7453|14226|3.199795,0.00538832
N7447|9983|3.052163,N7441|15268|1.890086,0.0108264
N7447|9983|3.052163,N7445|3439|0.825649,0.00307297
N10213|12553|1.075814,N10203|4872|1.242529,0.0131556
N10213|12553|1.075814,N10208|13155|1.073619,0.0139411
N10213|12553|1.075814,N10198|2995|0.99406,0.0123874
N10213|12553|1.075814,N10212|7093|1.707314,0.00693766
N10213|12553|1.075814,N10211|9955|5.114824,0.0147426
N10213|12553|1.075814,N10201|9651|0.207264,0.0108239
N9082|6397|0.367536,N9086|13394|0.878173,0.0100609
N10213|12553|1.075814,N10210|12616|0.039377,0.0038462
N9082|6397|0.367536,N9063|14968|3.46223,0.0147741
N9082|6397|0.367536,N9060|5017|1.651897,0.0116203
N9082|6397|0.367536,N9079|12702|0.242011,0.0116344
N9082|6397|0.367536,N9070|12994|1.368415,0.0108314
N9082|6397|0.367536,N9066|8542|2.20717,0.0108747
N9082|6397|0.367536,N9073|8685|2.253138,0.0139798
N9082|6397|0.367536,N9076|5982|3.03622,0.0147561
N9082|6397|0.367536,N9059|3952|0.117079,0.0100704
N9082|6397|0.367536,N9090|5865|0.111667,0.00771993
N9082|6397|0.367536,N9069|8647|2.490183,0.0108323
N9082|6397|0.367536,N9075|13959|2.641422,0.0108314
N9082|6397|0.367536,N9058|3054|0.871612,0.0131862
N10213|12553|1.075814,N10202|10267|0.04449,0.0116089
N9082|6397|0.367536,N9074|12197|2.750243,0.0116025
N10213|12553|1.075814,N10206|7264|0.209338,0.0131612
N12785|5214|0.480201,N12786|7285|4.772231,0.0124191
N12785|5214|0.480201,N12782|13348|2.56449,0.0147312
N7232|14323|1.293716,N7233|6506|1.924172,0.0108357
N10926|2305|2.194862,N10925|14490|16.810061,0.0131748
N10926|2305|2.194862,N10916|12750|0.762026,0.00385013
N7232|14323|1.293716,N7234|5555|2.762448,0.00850172
N10926|2305|2.194862,N10915|8529|0.322355,0.00307624
N10926|2305|2.194862,N10924|8357|1.49212,0.00230291
N10926|2305|2.194862,N10921|10723|4.08728,0.00539657
N10926|2305|2.194862,N10919|12935|1.629907,0.00307298
N10926|2305|2.194862,N10912|14735|3.545831,0.00849635
N10926|2305|2.194862,N10920|14634|1.207204,0.00307623
N10926|2305|2.194862,N10914|9492|10.257428,0.00849275
N10926|2305|2.194862,N10922|11934|1.797118,0.00384396
N10926|2305|2.194862,N10913|3810|1.22067,0.00539536
N10926|2305|2.194862,N10917|10509|5.997907,0.014774
N11176|8670|0.161207,N11175|12000|0.092315,0.0053901
N11176|8670|0.161207,N11179|12364|0.146687,0.00385014
N10925|14490|16.810061,N10916|12750|0.762026,0.0139778
N11176|8670|0.161207,N11170|2779|0.821011,0.0147898
N10925|14490|16.810061,N10915|8529|0.322355,0.013186
N10925|14490|16.810061,N10924|8357|1.49212,0.0123857
N11176|8670|0.161207,N11174|7612|0.80396,0.00771745
N11176|8670|0.161207,N11180|1876|0.387964,0.0108203
N11176|8670|0.161207,N11173|12964|0.86605,0.00927862
N10925|14490|16.810061,N10919|12935|1.629907,0.0131737
N10925|14490|16.810061,N10920|14634|1.207204,0.0131859
N8404|3348|6.106695,N8417|10222|0.841909,0.0147889
N10925|14490|16.810061,N10922|11934|1.797118,0.0139528
N8852|8603|0.90749,N8854|12770|4.283253,0.0147722
N8852|8603|0.90749,N8853|2677|4.449466,0.0123979
N8852|8603|0.90749,N8850|5069|1.693266,0.0147588
N10840|8790|1.649109,N10844|10976|2.862646,0.0115958
N10553|11891|0.261019,N10564|9167|0.031544,0.0108248
N10553|11891|0.261019,N10561|10883|2.090603,0.0100565
N10840|8790|1.649109,N10843|5292|6.029104,0.0147268
N10840|8790|1.649109,N10838|8147|1.139579,0.0123963
N10553|11891|0.261019,N10563|4241|1.218765,0.0116253
N10553|11891|0.261019,N10549|6129|2.090029,0.0139798
N10840|8790|1.649109,N10835|1635|1.232712,0.0116109
N10840|8790|1.649109,N10834|12219|2.173906,0.0108264
N10553|11891|0.261019,N10562|10470|0.557657,0.00927727
N10553|11891|0.261019,N10547|7175|0.207334,0.0147703
N10553|11891|0.261019,N10545|2003|0.042819,0.0147703
N10553|11891|0.261019,N10555|15365|0.330492,0.0108398
N10553|11891|0.261019,N10560|4175|0.28726,0.00771977
N10553|11891|0.261019,N10554|6501|1.169808,0.0116151
N10553|11891|0.261019,N10558|12714|0.308784,0.00694094
N10581|6924|0.691617,N10593|11046|0.485238,0.00693327
N10581|6924|0.691617,N10567|8150|0.941257,0.012403
N10581|6924|0.691617,N10576|2228|0.794338,0.0139731
N8962|11889|1.067723,N8960|4831|0.445665,0.00230866
N10581|6924|0.691617,N10578|10243|4.042413,0.00926978
N10581|6924|0.691617,N10565|11930|1.094538,0.0131941
N8962|11889|1.067723,N8956|15297|1.548554,0.00774008
N10581|6924|0.691617,N10580|12481|0.361,0.00307621
N8962|11889|1.067723,N8948|7351|0.152822,0.0139801
N10581|6924|0.691617,N10592|11751|0.724185,0.00771993
N10581|6924|0.691617,N10589|7134|1.004689,0.00617329
N8962|11889|1.067723,N8942|9028|0.173101,0.0116258
N8962|11889|1.067723,N8957|5722|3.760041,0.00694103
N10581|6924|0.691617,N10584|7104|0.366573,0.00461619
N10581|6924|0.691617,N10601|10420|0.959582,0.0147476
N10581|6924|0.691617,N10582|10741|1.762303,0.00540452
N10581|6924|0.691617,N10585|12785|0.199406,0.00461765
N10581|6924|0.691617,N10573|3480|1.463531,0.0147682
N10581|6924|0.691617,N10590|3597|2.18778,0.0116214
N10581|6924|0.691617,N10577|2852|0.124301,0.00616723
N10581|6924|0.691617,N10586|5873|0.989638,0.00538989
N10581|6924|0.691617,N10591|10257|2.420075,0.00616724
N10581|6924|0.691617,N10594|11499|0.093242,0.00693327
N10581|6924|0.691617,N10595|14754|3.616975,0.0108238
N10581|6924|0.691617,N10596|5106|3.670426,0.0108238
N12173|14390|4.306638,N12172|6903|0.887543,0.0123777
N10581|6924|0.691617,N10583|5548|4.724395,0.00772828
N7650|1947|0.228713,N7643|2043|1.732487,0.0132009
N7650|1947|0.228713,N7642|1552|0.299216,0.0147738
N9606|2531|2.031099,N9608|11572|0.374229,0.00461959
N7650|1947|0.228713,N7638|8873|0.944734,0.0147739
N7650|1947|0.228713,N7644|8904|0.512647,0.0139941
N8903|15047|0.889229,N8902|10980|0.318318,0.0085239
N8903|15047|0.889229,N8886|14755|1.395277,0.0131787
N8903|15047|0.889229,N8898|14688|0.203747,0.0108594
N8435|13784|0.320534,N8436|12595|5.256977,0.0108446
N8435|13784|0.320534,N8424|9554|1.692868,0.0124067
N9658|6127|0.699034,N9659|14829|0.796797,0.00230536
N9658|6127|0.699034,N9652|10112|0.069084,0.0132127
N8435|13784|0.320534,N8437|5638|5.009864,0.0100578
N9658|6127|0.699034,N9661|1424|1.194736,0.0147502
N9658|6127|0.699034,N9654|10789|0.361412,0.0147693
N9658|6127|0.699034,N9653|6696|0.376834,0.0132127
N9658|6127|0.699034,N9663|7866|2.070923,0.0139756
N9658|6127|0.699034,N9660|10193|3.536581,0.014741
N8038|2599|3.592852,N8036|14795|5.15202,0.0139723
N8038|2599|3.592852,N8034|11942|0.98519,0.0100494
N8038|2599|3.592852,N8039|4402|0.429196,0.00926642
N10233|8015|2.806138,N10236|9113|1.841204,0.0116307
N10233|8015|2.806138,N10237|9820|0.33196,0.0116317
N10233|8015|2.806138,N10234|11017|5.148708,0.0100606
N8038|2599|3.592852,N8022|12003|0.569686,0.0131746
N8038|2599|3.592852,N8030|1826|4.32662,0.0123913
N8038|2599|3.592852,N8020|4770|0.329201,0.0147397
N8038|2599|3.592852,N8011|6303|3.222924,0.0147312
N8038|2599|3.592852,N8012|12050|0.024109,0.0147455
N12378|10540|0.39814,N12550|8083|0.027918,0.012399
N12378|10540|0.39814,N12396|15125|0.104996,0.0147718
N12378|10540|0.39814,N12554|10454|0.637343,0.0123937
N10233|8015|2.806138,N10230|14806|0.229795,0.0030762
N10233|8015|2.806138,N10239|14223|0.730288,0.0147844
N10233|8015|2.806138,N10232|14736|2.171854,0.00929616
N10233|8015|2.806138,N10240|3543|0.53474,0.0147703
N8634|14308|1.351042,N8651|13162|0.581821,0.012381
N10233|8015|2.806138,N10235|1812|3.471862,0.00539648
N8634|14308|1.351042,N8635|7231|0.13617,0.0100358
N8634|14308|1.351042,N8637|14919|0.32506,0.0108257
N8634|14308|1.351042,N8627|6340|1.679732,0.0100441
N8634|14308|1.351042,N8639|7321|1.594604,0.010039
N10864|3833|3.221473,N10862|5217|0.345634,0.00928267
N10864|3833|3.221473,N10866|8307|0.180251,0.0108576
N12088|1729|0.444098,N12094|8684|0.190719,0.00928415
N10864|3833|3.221473,N10863|11717|0.110071,0.00540444
N10864|3833|3.221473,N10865|4434|0.263375,0.00852302
N12088|1729|0.444098,N12091|4328|0.976929,0.0108442
N10864|3833|3.221473,N10861|5057|0.720329,0.0116152
N8201|12578|0.656306,N8183|14576|0.932992,0.0100496
N8201|12578|0.656306,N8184|12859|6.474293,0.0123914
N7357|12018|1.865211,N7359|12326|0.642363,0.0108967
N7357|12018|1.865211,N7364|14981|1.278328,0.0124429
N8201|12578|0.656306,N8202|6934|5.162685,0.00927425
N8201|12578|0.656306,N8193|13047|5.158584,0.0116108
N8201|12578|0.656306,N8192|14114|6.92033,0.0139778
N7357|12018|1.865211,N7361|4656|0.357697,0.0101283
N8201|12578|0.656306,N8198|8976|2.567885,0.00538836
N7357|12018|1.865211,N7358|8381|0.416148,0.00230473
N7357|12018|1.865211,N7365|6936|1.085228,0.0140017
N8201|12578|0.656306,N8213|3840|0.621532,0.0123836
N8201|12578|0.656306,N8221|3361|2.135757,0.0147505
N8201|12578|0.656306,N8187|2376|1.130316,0.0100574
N8201|12578|0.656306,N8222|13876|2.129401,0.0123903
N8201|12578|0.656306,N8173|12513|1.810112,0.011607
N7357|12018|1.865211,N7363|2573|0.103245,0.0116914
N8201|12578|0.656306,N8176|6430|0.414331,0.0124133
N8309|2145|1.605476,N8316|8063|1.186279,0.0116215
N8201|12578|0.656306,N8214|11238|0.781893,0.0147398
N8201|12578|0.656306,N8188|1643|3.838888,0.00771737
N8309|2145|1.605476,N8323|11412|0.971271,0.0116199
N8201|12578|0.656306,N8186|2195|0.728828,0.00927543
N8201|12578|0.656306,N8194|3761|1.134226,0.00927731
N8201|12578|0.656306,N8219|11882|3.212392,0.0131686
N8201|12578|0.656306,N8196|14222|0.462218,0.0123913
N8309|2145|1.605476,N8313|5650|1.256693,0.0139612
N8201|12578|0.656306,N8189|11388|1.488916,0.00693373
N8201|12578|0.656306,N8205|11108|3.60963,0.0132032
N8201|12578|0.656306,N8204|8732|5.697496,0.013178
N8309|2145|1.605476,N8312|5455|0.779465,0.0124237
N8201|12578|0.656306,N8200|14143|0.460304,0.00230468
N8201|12578|0.656306,N8206|5109|0.82291,0.0116477
N8201|12578|0.656306,N8197|3640|2.261794,0.00771326
N8201|12578|0.656306,N8203|11050|0.018259,0.00927731
N12526|2379|0.173271,N12512|1609|0.24317,0.0116252
N12526|2379|0.173271,N12467|9793|0.066911,0.00849298
N12526|2379|0.173271,N12592|8206|0.170497,0.0124098
N12526|2379|0.173271,N12502|12993|0.028039,0.00848644
N12526|2379|0.173271,N12552|5170|0.349724,0.00927528
N12526|2379|0.173271,N12499|6146|0.539863,0.0108247
N12526|2379|0.173271,N12549|2456|1.816008,0.0116138
N12526|2379|0.173271,N12400|8398|0.041803,0.0147188
N12526|2379|0.173271,N12577|3266|1.65453,0.0123901
N12526|2379|0.173271,N12485|3996|0.147552,0.0100528
N12526|2379|0.173271,N12468|6375|0.086601,0.0123992
N12526|2379|0.173271,N12478|3026|5.67591,0.0147555
N12526|2379|0.173271,N12648|4276|0.762228,0.0147221
N12526|2379|0.173271,N12604|13785|0.97067,0.0131762
N12526|2379|0.173271,N12391|7250|0.533801,0.0123846
N12526|2379|0.173271,N12479|3780|1.151415,0.0123959
N12526|2379|0.173271,N12377|1787|0.942415,0.0139609
N12526|2379|0.173271,N12490|9625|0.023124,0.00926702
N12526|2379|0.173271,N12556|12239|0.061929,0.00850076
N12526|2379|0.173271,N12532|13682|3.093834,0.0139541
N12526|2379|0.173271,N12547|6940|0.836952,0.00926966
N12526|2379|0.173271,N12568|5490|3.827395,0.0147396
N12526|2379|0.173271,N12471|14150|0.434018,0.013183
N12526|2379|0.173271,N12540|12220|1.135966,0.0116413
N12526|2379|0.173271,N12466|6767|1.259225,0.00927013
N12526|2379|0.173271,N12533|7974|0.244196,0.00927841
N12526|2379|0.173271,N12557|11072|1.741554,0.0147732
N12526|2379|0.173271,N12393|6350|0.37277,0.0147204
N12526|2379|0.173271,N12591|8487|2.116312,0.0131838
N12526|2379|0.173271,N12516|10422|1.975828,0.0123959
N12526|2379|0.173271,N12597|12730|0.443169,0.0123913
N12526|2379|0.173271,N12397|4028|0.091825,0.013943
N10914|9492|10.257428,N10922|11934|1.797118,0.00926656
N10914|9492|10.257428,N10913|3810|1.22067,0.00927033
N12526|2379|0.173271,N12376|7415|2.029356,0.0147396
N12526|2379|0.173271,N12581|2924|1.449166,0.0139723
N12526|2379|0.173271,N12647|13618|1.367856,0.0147221
N12526|2379|0.173271,N12551|7510|0.251933,0.00849612
N12526|2379|0.173271,N12584|7383|0.524904,0.0123902
N12526|2379|0.173271,N12566|9121|0.08259,0.0100572
N12526|2379|0.173271,N12498|9476|0.063085,0.00848231
N12526|2379|0.173271,N12488|12101|1.121635,0.0100495
N12526|2379|0.173271,N12475|4624|0.137927,0.0100496
N12526|2379|0.173271,N12537|4468|2.635044,0.0131837
N12526|2379|0.173271,N12459|10633|0.178368,0.0100419
N12526|2379|0.173271,N12495|13566|3.461848,0.0147397
N12526|2379|0.173271,N12421|5900|0.599175,0.0139355
N12526|2379|0.173271,N12530|10028|0.70269,0.0131895
N12526|2379|0.173271,N12564|8090|2.029125,0.0116108
N12526|2379|0.173271,N12507|9063|0.371893,0.0131807
N12526|2379|0.173271,N12486|7707|0.199262,0.0147312
N12526|2379|0.173271,N12563|8865|1.422802,0.0116068
N12526|2379|0.173271,N12535|11736|0.394495,0.0108352
N12526|2379|0.173271,N12541|4819|2.172499,0.0124175
N12526|2379|0.173271,N12508|14807|0.41106,0.0100441
N12526|2379|0.173271,N12558|10752|2.08351,0.014773
N12526|2379|0.173271,N12555|4208|2.598968,0.0108166
N12526|2379|0.173271,N12562|4529|0.61832,0.0139611
N12526|2379|0.173271,N12524|7348|0.12227,0.00385131
N12526|2379|0.173271,N12603|6671|3.050434,0.0131745
N12526|2379|0.173271,N12531|6368|0.808906,0.0116252
N12526|2379|0.173271,N12465|9663|3.510964,0.0100631
N12526|2379|0.173271,N12409|11290|1.945856,0.0147312
N12526|2379|0.173271,N12462|6718|0.293305,0.0108195
N12526|2379|0.173271,N12522|10383|1.195617,0.0131895
N12526|2379|0.173271,N12599|8353|1.454529,0.0147475
N12526|2379|0.173271,N12473|13030|2.051846,0.0108383
N12526|2379|0.173271,N12472|2949|0.315673,0.0123902
N12526|2379|0.173271,N12460|14159|2.404334,0.0139523
N12526|2379|0.173271,N12481|5745|0.140218,0.0123973
N12526|2379|0.173271,N12553|5590|1.684612,0.0116107
N12526|2379|0.173271,N12378|10540|0.39814,0.0147565
N12526|2379|0.173271,N12482|15143|0.193936,0.010828
N12526|2379|0.173271,N12527|9237|0.448218,0.010826
N12526|2379|0.173271,N12518|9895|2.414444,0.0092753
N12526|2379|0.173271,N12515|6116|4.386349,0.0147453
N12526|2379|0.173271,N12504|8693|0.601243,0.0108281
N12526|2379|0.173271,N12519|10480|2.16617,0.00771972
N12526|2379|0.173271,N12550|8083|0.027918,0.00849612
N12526|2379|0.173271,N12514|10912|1.103138,0.0124097
N12526|2379|0.173271,N12602|14045|0.864212,0.0116108
N12526|2379|0.173271,N12511|4140|1.967101,0.0139801
N12526|2379|0.173271,N12588|14367|1.187912,0.0116151
N12526|2379|0.173271,N12491|14941|6.537729,0.0139614
N12526|2379|0.173271,N12492|6139|1.973109,0.0116022
N12526|2379|0.173271,N12600|4349|1.436957,0.0131747
N12526|2379|0.173271,N12554|10454|0.637343,0.00849027
N12526|2379|0.173271,N12565|3942|2.216347,0.0147623
N12526|2379|0.173271,N12500|10430|1.273377,0.0116008
N12526|2379|0.173271,N12534|12395|1.442349,0.0100528
N12526|2379|0.173271,N12369|13497|0.468312,0.0147451
N12526|2379|0.173271,N12505|6802|1.904995,0.013163
N12526|2379|0.173271,N12569|10700|0.180908,0.0108311
N12526|2379|0.173271,N12497|5875|0.074333,0.00848231
N12526|2379|0.173271,N12545|9734|2.533836,0.0131895
N12526|2379|0.173271,N12483|3059|1.085798,0.0131674
N12526|2379|0.173271,N12513|6383|0.180784,0.010846
N12526|2379|0.173271,N12480|6588|1.156968,0.0123871
N12526|2379|0.173271,N12574|12439|0.14536,0.0139474
N12526|2379|0.173271,N12517|2545|1.034848,0.00850076
N12526|2379|0.173271,N12529|4469|3.56161,0.0108383
N12526|2379|0.173271,N12528|11921|2.139033,0.0116295
N12526|2379|0.173271,N12476|9967|1.35257,0.013985
N12526|2379|0.173271,N12523|10368|1.348094,0.0108445
N12526|2379|0.173271,N12461|3483|0.725069,0.0123813
N12526|2379|0.173271,N12546|6374|0.291382,0.0131837
N12526|2379|0.173271,N12487|6538|4.703612,0.0131779
N12526|2379|0.173271,N12543|10805|3.530949,0.0147572
N12526|2379|0.173271,N12424|10163|0.680695,0.0139355
N9764|15391|0.503316,N9763|10952|4.892968,0.00694528
N9764|15391|0.503316,N9755|10766|2.735048,0.00774012
N9764|15391|0.503316,N9753|11007|1.439481,0.00538489
N11403|10955|1.528548,N11406|7105|0.24223,0.0147317
N9764|15391|0.503316,N9749|4008|1.232941,0.00927718
N9764|15391|0.503316,N9756|14594|0.546742,0.00385412
N9763|10952|4.892968,N9755|10766|2.735048,0.014791
N9763|10952|4.892968,N9753|11007|1.439481,0.0123903
N11403|10955|1.528548,N11407|1428|0.80075,0.0147317
N9763|10952|4.892968,N9756|14594|0.546742,0.0108545
N12206|12333|0.381509,N12172|6903|0.887543,0.0139648
N12206|12333|0.381509,N12195|11376|0.590085,0.0139898
N10417|4640|0.116543,N10438|15299|0.731709,0.00770878
N12206|12333|0.381509,N12203|9044|0.177156,0.0108377
N12206|12333|0.381509,N12202|4191|6.975798,0.01399
N12206|12333|0.381509,N12180|2451|2.75645,0.0108359
N10417|4640|0.116543,N10446|4176|0.534117,0.0116025
N10417|4640|0.116543,N10496|6203|0.037199,0.0139457
N10417|4640|0.116543,N10425|3119|1.353442,0.0108313
N10417|4640|0.116543,N10460|1800|0.07162,0.0131625
N10417|4640|0.116543,N10433|6135|1.206972,0.0108282
N10417|4640|0.116543,N10445|1942|5.275127,0.0131625
N10417|4640|0.116543,N10430|12674|1.281819,0.01241
N10417|4640|0.116543,N10428|11845|0.863415,0.0100442
N12206|12333|0.381509,N12182|11643|2.273953,0.0139741
N10417|4640|0.116543,N10419|7788|0.960112,0.00849156
N10417|4640|0.116543,N10431|13777|0.107201,0.0100443
N12206|12333|0.381509,N12152|9135|0.239371,0.0139645
N12206|12333|0.381509,N12208|10503|0.414377,0.0038462
N10417|4640|0.116543,N10447|13406|0.157979,0.0108179
N10417|4640|0.116543,N10424|14505|2.191986,0.0139724
N10417|4640|0.116543,N10412|4092|3.444073,0.00771981
N10417|4640|0.116543,N10437|15110|0.575782,0.00927019
N10417|4640|0.116543,N10436|2703|0.383166,0.00693324
N7542|2651|1.142831,N7543|1554|2.449295,0.00927744
N10417|4640|0.116543,N10435|14161|2.34167,0.011611
N10417|4640|0.116543,N10463|6162|0.183799,0.0123778
N10417|4640|0.116543,N10429|13739|0.934834,0.0108247
N10417|4640|0.116543,N10416|11369|0.698039,0.00616553
N10417|4640|0.116543,N10443|13798|1.759331,0.013181
N10417|4640|0.116543,N10427|3970|0.156468,0.0116069
N10417|4640|0.116543,N10418|7026|0.951921,0.0116133
N10417|4640|0.116543,N10440|6346|0.732477,0.00616111
N7542|2651|1.142831,N7545|8538|0.438066,0.00851043
N7542|2651|1.142831,N7544|11783|3.2608,0.0124134
N10417|4640|0.116543,N10420|12519|2.497745,0.0100611
N10417|4640|0.116543,N10350|11191|0.820068,0.0147249
N10417|4640|0.116543,N10441|12065|2.54058,0.010826
N10417|4640|0.116543,N10421|1621|0.185784,0.00771097
N10417|4640|0.116543,N10432|5320|1.445576,0.00926065
N10417|4640|0.116543,N10409|8425|0.927486,0.0139904
N10417|4640|0.116543,N10422|3726|1.772569,0.0139608
N10417|4640|0.116543,N10459|13491|0.273509,0.0139546
N10417|4640|0.116543,N10434|6544|1.236147,0.0116153
N10417|4640|0.116543,N10414|11960|1.623667,0.00694534
N9366|4888|4.603753,N9371|9157|1.37692,0.0131676
N9366|4888|4.603753,N9359|13859|0.138749,0.0132006
N9366|4888|4.603753,N9368|5528|1.847757,0.0092665
N12860|14526|0.857363,N12854|10321|0.961383,0.00926428
N9366|4888|4.603753,N9370|6191|0.044663,0.00849272
N12860|14526|0.857363,N12846|4291|6.168948,0.0139608
N9366|4888|4.603753,N9372|7984|0.880108,0.0123778
N9366|4888|4.603753,N9367|13918|2.215421,0.0116024
N9366|4888|4.603753,N9358|15303|1.043357,0.0139805
N12860|14526|0.857363,N12847|11170|0.171541,0.00849036
N12860|14526|0.857363,N12849|2927|0.153846,0.0108362
N8346|10358|0.231302,N8352|5699|1.278721,0.0100528
N8346|10358|0.231302,N8347|5005|4.874808,0.0140084
N12050|1425|0.06447,N12094|8684|0.190719,0.0132033
N12050|1425|0.06447,N12067|15033|0.850597,0.0131865
N12050|1425|0.06447,N12062|10982|1.689488,0.00849035
N12050|1425|0.06447,N12091|4328|0.976929,0.0139933
N12050|1425|0.06447,N12049|6519|2.771871,0.00849034
N9086|13394|0.878173,N9063|14968|3.46223,0.0124067
N9086|13394|0.878173,N9060|5017|1.651897,0.00927023
N9086|13394|0.878173,N9079|12702|0.242011,0.0124104
N9086|13394|0.878173,N9070|12994|1.368415,0.0116233
N9086|13394|0.878173,N9066|8542|2.20717,0.0116493
N9086|13394|0.878173,N9059|3952|0.117079,0.00771746
N9086|13394|0.878173,N9090|5865|0.111667,0.00694772
N9086|13394|0.878173,N9069|8647|2.490183,0.0116297
N9086|13394|0.878173,N9075|13959|2.641422,0.0124109
N9086|13394|0.878173,N9058|3054|0.871612,0.0108248
N9086|13394|0.878173,N9074|12197|2.750243,0.0131765
N7695|5767|3.883814,N7696|6211|2.346475,0.0116653
N7695|5767|3.883814,N7702|1487|0.895309,0.0148103
N7695|5767|3.883814,N7694|4064|2.201154,0.0108594
N7695|5767|3.883814,N7700|13769|0.192904,0.0132353
N11894|11125|1.002402,N11900|8751|0.319047,0.0147333
N11894|11125|1.002402,N11881|6942|0.073808,0.0139344
N9205|5835|0.625223,N9209|13816|0.419325,0.0116294
N11894|11125|1.002402,N11901|12383|0.637445,0.0147315
N9205|5835|0.625223,N9210|10732|1.319301,0.0147774
N9205|5835|0.625223,N9198|11049|0.361415,0.0038475
N11894|11125|1.002402,N11879|3783|1.669866,0.0139468
N11894|11125|1.002402,N11871|11403|1.151245,0.0123877
N9205|5835|0.625223,N9202|10171|0.551825,0.0015379
N11894|11125|1.002402,N11887|8446|0.150078,0.0053883
N9205|5835|0.625223,N9201|6587|1.404855,0.00617301
N11894|11125|1.002402,N11898|12236|0.570303,0.0116022
N9205|5835|0.625223,N9203|8072|2.247232,0.00461622
N11476|7720|0.188723,N11466|6960|0.69333,0.00694535
N11894|11125|1.002402,N11896|7098|0.209161,0.0108257
N11476|7720|0.188723,N11439|4031|5.949013,0.0108401
N11894|11125|1.002402,N11897|9610|0.038403,0.0100495
N11476|7720|0.188723,N11432|8564|1.106573,0.0139469
N11476|7720|0.188723,N11460|4546|1.523002,0.0147626
N11894|11125|1.002402,N11859|10707|1.084598,0.0147141
N11476|7720|0.188723,N11472|6578|0.483504,0.00772375
N11894|11125|1.002402,N11889|9177|2.837787,0.011607
N11894|11125|1.002402,N11884|4095|1.34364,0.013953
N11476|7720|0.188723,N11447|15071|0.379129,0.0108449
N11894|11125|1.002402,N11903|5159|0.285236,0.0147394
N11894|11125|1.002402,N11895|2053|3.159721,0.0139456
N11476|7720|0.188723,N11469|11377|1.277083,0.0100674
N11894|11125|1.002402,N11893|13009|1.076048,0.00461972
N11476|7720|0.188723,N11471|13768|0.711381,0.00849639
N11894|11125|1.002402,N11891|11355|0.511365,0.00230529
N11894|11125|1.002402,N11863|6226|0.321138,0.0147248
N11476|7720|0.188723,N11455|6968|3.156725,0.0147479
N11476|7720|0.188723,N11434|2008|6.10435,0.014744
N11476|7720|0.188723,N11452|2698|0.399768,0.0116154
N11476|7720|0.188723,N11416|9551|0.424175,0.0139676
N11894|11125|1.002402,N11864|12078|0.107577,0.0139527
N11476|7720|0.188723,N11417|2611|2.032126,0.0116082
N11894|11125|1.002402,N11899|5125|0.206034,0.0147291
N11894|11125|1.002402,N11888|2289|1.048972,0.00693612
N11175|12000|0.092315,N11179|12364|0.146687,0.00462117
N11894|11125|1.002402,N11892|11963|0.741992,0.00461397
N11894|11125|1.002402,N11866|9059|0.195271,0.0147393
N11894|11125|1.002402,N11890|9921|2.525315,0.00694538
N11175|12000|0.092315,N11174|7612|0.80396,0.0100488
N11175|12000|0.092315,N11180|1876|0.387964,0.0131571
N10479|7562|2.106886,N10496|6203|0.037199,0.0147344
N10479|7562|2.106886,N10481|8508|4.1346,0.0139722
N11175|12000|0.092315,N11173|12964|0.86605,0.0116072
N10479|7562|2.106886,N10447|13406|0.157979,0.0147312
N10562|10470|0.557657,N10547|7175|0.207334,0.013203
N10562|10470|0.557657,N10545|2003|0.042819,0.013203
N10562|10470|0.557657,N10555|15365|0.330492,0.00929617
N10562|10470|0.557657,N10560|4175|0.28726,0.00462618
N10562|10470|0.557657,N10554|6501|1.169808,0.0100698
N10562|10470|0.557657,N10535|12368|0.523269,0.0148298
N10562|10470|0.557657,N10558|12714|0.308784,0.00540448
N10479|7562|2.106886,N10480|13856|1.831729,0.0131746
N10849|14917|0.784248,N10851|5553|2.425384,0.00851087
N10849|14917|0.784248,N10852|6007|1.931538,0.0124068
N7325|7395|0.876606,N7320|6208|0.295982,0.0123874
N7325|7395|0.876606,N7324|9002|2.5191,0.00616953
N10849|14917|0.784248,N10853|15279|0.529249,0.0139658
N7325|7395|0.876606,N7326|9992|4.902172,0.013164
N7325|7395|0.876606,N7322|7489|0.841989,0.0100457
N10262|12955|3.09E-4,N10264|5769|0.781527,0.00153687
N10262|12955|3.09E-4,N10263|9970|0.948545,0.000766731
N7424|1774|3.285762,N7426|3108|1.291881,0.0131873
N10819|13459|0.374837,N10811|8321|0.053514,0.00926427
N10819|13459|0.374837,N10817|8634|2.238831,0.0116008
N10819|13459|0.374837,N10818|13274|1.510005,0.00694764
N9255|14771|0.350205,N9382|3614|0.131365,0.0131827
N9255|14771|0.350205,N9381|3359|1.575732,0.0147397
N9255|14771|0.350205,N9281|5602|0.079699,0.00927433
N9255|14771|0.350205,N9370|6191|0.044663,0.0139672
N9255|14771|0.350205,N9294|15120|0.75094,0.014739
N9255|14771|0.350205,N9266|13703|1.254768,0.0116292
N9255|14771|0.350205,N9263|4414|1.894238,0.012399
N9255|14771|0.350205,N9264|5275|1.087171,0.012417
N9255|14771|0.350205,N9273|13046|0.2787,0.00850091
N9255|14771|0.350205,N9018|7028|1.271107,0.0147289
N9255|14771|0.350205,N9358|15303|1.043357,0.0131781
N9255|14771|0.350205,N9272|7257|0.692674,0.00849999
N12205|14210|2.349059,N12204|14296|11.709005,0.0147577
N12829|15189|0.468004,N12826|10353|2.203998,0.00927543
N12205|14210|2.349059,N12201|1753|0.028237,0.010832
N12829|15189|0.468004,N12819|6009|0.132923,0.0123973
N12829|15189|0.468004,N12824|13110|5.024155,0.0140127
N12829|15189|0.468004,N12837|3001|4.039749,0.0131921
N12829|15189|0.468004,N12840|8247|1.106403,0.00694092
N12829|15189|0.468004,N12834|6657|0.028154,0.00539342
N12829|15189|0.468004,N12842|5983|3.233808,0.00849663
N12829|15189|0.468004,N12838|7539|1.101225,0.0108467
N12829|15189|0.468004,N12812|2089|1.926513,0.00926973
N12658|3767|0.260726,N12667|12755|1.374185,0.0131875
N12658|3767|0.260726,N12678|5549|0.607867,0.0131764
N12658|3767|0.260726,N12656|3489|0.856322,0.00927021
N12658|3767|0.260726,N12679|14019|1.181258,0.0131675
N12658|3767|0.260726,N12673|4752|1.088216,0.00926979
N12205|14210|2.349059,N12203|9044|0.177156,0.0092855
N12205|14210|2.349059,N12202|4191|6.975798,0.01399
N12658|3767|0.260726,N12675|3288|2.397704,0.0139466
N12658|3767|0.260726,N12668|15202|0.179902,0.00771316
N12658|3767|0.260726,N12670|10894|2.37048,0.00849035
N12658|3767|0.260726,N12660|6563|0.037792,0.00694071
N11842|13507|2.938431,N11800|14940|1.058674,0.014014
N11842|13507|2.938431,N11797|9811|2.536506,0.0132371
N11842|13507|2.938431,N11795|11647|0.638361,0.0124635
N11842|13507|2.938431,N11821|8630|1.302247,0.0131842
N11842|13507|2.938431,N11832|5076|0.375143,0.0116261
N11842|13507|2.938431,N11818|14577|0.522973,0.0131843
N11842|13507|2.938431,N11845|7795|0.316845,0.0069392
N11842|13507|2.938431,N11833|10670|4.114445,0.0139976
N11842|13507|2.938431,N11810|3510|0.371168,0.0140138
N11842|13507|2.938431,N11826|10781|1.093903,0.0131832
N11842|13507|2.938431,N11835|1559|2.226693,0.00927484
N11842|13507|2.938431,N11805|9530|2.079066,0.0132182
N11842|13507|2.938431,N11824|12275|0.381059,0.0139618
N11842|13507|2.938431,N11799|11006|0.930139,0.0124635
N11842|13507|2.938431,N11840|5885|0.521166,0.0100418
N11842|13507|2.938431,N11812|8304|1.873095,0.0124109
N11842|13507|2.938431,N11801|13264|1.168057,0.0132014
N11842|13507|2.938431,N11844|10359|0.208095,0.00771349
N9195|9968|2.978135,N9209|13816|0.419325,0.0139902
N9195|9968|2.978135,N9194|1677|2.533542,0.0124281
N9195|9968|2.978135,N9202|10171|0.551825,0.0147786
N12754|12915|1.230618,N12797|2791|0.77827,0.013192
N12754|12915|1.230618,N12747|10085|0.02083,0.0100654
N12754|12915|1.230618,N12765|5223|0.290977,0.0147575
N12754|12915|1.230618,N12763|9214|0.250753,0.00851063
N12754|12915|1.230618,N12794|1915|0.264954,0.0139649
N12754|12915|1.230618,N12748|6117|1.604552,0.0131868
N12754|12915|1.230618,N12735|13411|1.300204,0.0139606
N12754|12915|1.230618,N12762|13412|1.090735,0.0123835
N9634|2729|3.723186,N9635|5757|0.539996,0.0123915
N9502|12775|0.091182,N9495|7893|0.163381,0.00539536
N9502|12775|0.091182,N9552|6778|1.175407,0.0131762
N7729|12929|0.382026,N7733|6927|0.02732,0.0092837
N7729|12929|0.382026,N7720|12830|0.135074,0.0147452
N9502|12775|0.091182,N9500|2227|1.218307,0.0030739
N9502|12775|0.091182,N9501|12957|4.881441,0.00772362
N9502|12775|0.091182,N9503|4006|0.215152,0.00694095
N9502|12775|0.091182,N9555|11655|0.457878,0.0131714
N9502|12775|0.091182,N9557|3452|1.915897,0.0147402
N9502|12775|0.091182,N9542|13337|0.791992,0.0123909
N9502|12775|0.091182,N9491|12440|0.015674,0.0061611
N9502|12775|0.091182,N9511|4037|0.11695,0.00539346
N9502|12775|0.091182,N9484|8231|2.243047,0.0131805
N9502|12775|0.091182,N9508|3512|0.122202,0.00616112
N9502|12775|0.091182,N9486|1956|0.766508,0.0124175
N9502|12775|0.091182,N9507|10649|0.049628,0.00539062
N9689|1644|1.081532,N9674|1606|0.378322,0.0147506
N9689|1644|1.081532,N9688|5711|1.910705,0.0038585
N9689|1644|1.081532,N9684|6273|0.64384,0.00694099
N7729|12929|0.382026,N7730|3796|1.018182,0.0108352
N9689|1644|1.081532,N9685|7705|1.114641,0.00462116
N7729|12929|0.382026,N7732|14272|0.92345,0.00693886
N10787|13443|0.332417,N10788|13167|11.069142,0.0140106
N7729|12929|0.382026,N7734|15117|2.158527,0.0116196
N10787|13443|0.332417,N10792|4678|0.278792,0.014742
N10787|13443|0.332417,N10791|5095|0.101859,0.00538731
N10787|13443|0.332417,N10783|8417|1.969961,0.0139514
N7729|12929|0.382026,N7731|3368|0.153734,0.00926975
N7729|12929|0.382026,N7728|3934|0.026172,0.0046151
N10787|13443|0.332417,N10802|5614|0.119248,0.0147255
N10787|13443|0.332417,N10803|14417|0.009516,0.0131646
N10787|13443|0.332417,N10786|7868|1.275439,0.00461507
N10787|13443|0.332417,N10796|4868|0.355894,0.0147425
N9846|2267|2.054094,N9842|4063|0.304267,0.0132016
N8183|14576|0.932992,N8184|12859|6.474293,0.0023047
N11254|2673|4.351879,N11242|14132|0.054995,0.0124066
N8183|14576|0.932992,N8181|6372|1.191483,0.0147332
N8183|14576|0.932992,N8171|5073|1.245271,0.0139499
N11254|2673|4.351879,N11251|10061|0.941611,0.010848
N8183|14576|0.932992,N8193|13047|5.158584,0.0123913
N8183|14576|0.932992,N8192|14114|6.92033,0.0147584
N11254|2673|4.351879,N11253|10802|1.437638,0.0116317
N8183|14576|0.932992,N8198|8976|2.567885,0.0124025
N8183|14576|0.932992,N8213|3840|0.621532,0.012391
N8183|14576|0.932992,N8221|3361|2.135757,0.0147497
N8183|14576|0.932992,N8187|2376|1.130316,0.00928649
N8183|14576|0.932992,N8222|13876|2.129401,0.012403
N8183|14576|0.932992,N8173|12513|1.810112,0.0100503
N11254|2673|4.351879,N11256|8782|2.978578,0.00849629
N8183|14576|0.932992,N8176|6430|0.414331,0.0116218
N8183|14576|0.932992,N8172|14128|2.184422,0.0139653
N9432|6316|2.40081,N9420|3100|3.388402,0.0139543
N9432|6316|2.40081,N9413|7854|2.302913,0.0139542
N8183|14576|0.932992,N8214|11238|0.781893,0.0147438
N8183|14576|0.932992,N8188|1643|3.838888,0.00694541
N8183|14576|0.932992,N8186|2195|0.728828,0.000766731
N8183|14576|0.932992,N8194|3761|1.134226,0.0100565
N8183|14576|0.932992,N8219|11882|3.212392,0.0131715
N9432|6316|2.40081,N9411|12961|0.776325,0.0131747
N9432|6316|2.40081,N9414|3729|3.038117,0.0139525
N8183|14576|0.932992,N8231|2022|0.183436,0.0139615
N8183|14576|0.932992,N8196|14222|0.462218,0.0131807
N9432|6316|2.40081,N9426|2312|2.112556,0.0147399
N9432|6316|2.40081,N9417|14062|0.337818,0.0108362
N8183|14576|0.932992,N8180|1655|1.115515,0.0147477
N8183|14576|0.932992,N8189|11388|1.488916,0.00770875
N9432|6316|2.40081,N9425|10731|0.354384,0.0124167
N8183|14576|0.932992,N8205|11108|3.60963,0.0124073
N8183|14576|0.932992,N8204|8732|5.697496,0.0123902
N9432|6316|2.40081,N9404|11969|0.138192,0.0139395
N8183|14576|0.932992,N8230|11367|1.090861,0.0139672
N8183|14576|0.932992,N8200|14143|0.460304,0.0092671
N8183|14576|0.932992,N8206|5109|0.82291,0.0108462
N8183|14576|0.932992,N8197|3640|2.261794,0.0147441
N8183|14576|0.932992,N8203|11050|0.018259,0.00849655
N8184|12859|6.474293,N8193|13047|5.158584,0.0139557
N8184|12859|6.474293,N8198|8976|2.567885,0.0147402
N8818|15382|2.100998,N8830|13127|0.348201,0.0108358
N8184|12859|6.474293,N8213|3840|0.621532,0.0139497
N8818|15382|2.100998,N8821|12006|0.782773,0.0124079
N8184|12859|6.474293,N8187|2376|1.130316,0.0116175
N8184|12859|6.474293,N8222|13876|2.129401,0.013961
N8184|12859|6.474293,N8173|12513|1.810112,0.0116041
N8184|12859|6.474293,N8176|6430|0.414331,0.0131839
N8184|12859|6.474293,N8188|1643|3.838888,0.00927012
N8184|12859|6.474293,N8186|2195|0.728828,0.0030734
N8184|12859|6.474293,N8194|3761|1.134226,0.0124012
N8184|12859|6.474293,N8219|11882|3.212392,0.0147331
N8184|12859|6.474293,N8189|11388|1.488916,0.0100411
N8184|12859|6.474293,N8205|11108|3.60963,0.0147629
N8184|12859|6.474293,N8204|8732|5.697496,0.0147397
N8184|12859|6.474293,N8200|14143|0.460304,0.0116008
N8184|12859|6.474293,N8206|5109|0.82291,0.0132005
N8184|12859|6.474293,N8203|11050|0.018259,0.0108312
N12071|7884|1.049288,N12070|14726|2.623534,0.00307298
N12071|7884|1.049288,N12057|13821|0.342187,0.00850413
N12071|7884|1.049288,N12118|8639|1.477518,0.0140133
N12071|7884|1.049288,N12079|8311|0.820379,0.00694077
N12071|7884|1.049288,N12068|5333|1.970972,0.0108462
N12071|7884|1.049288,N12076|12350|0.074,0.00851118
N12071|7884|1.049288,N12061|12893|2.846137,0.0139853
N12071|7884|1.049288,N12053|7243|0.075714,0.0116341
N12071|7884|1.049288,N12060|10946|0.282027,0.0116232
N12071|7884|1.049288,N12093|6486|0.715147,0.0132085
N12071|7884|1.049288,N12073|3385|3.152045,0.013184
N12071|7884|1.049288,N12078|9343|0.596771,0.0100654
N12071|7884|1.049288,N12064|12188|2.046563,0.0108644
N12071|7884|1.049288,N12052|1462|0.742898,0.0124242
N11392|13474|0.166773,N11390|8919|2.53472,0.00852547
N11392|13474|0.166773,N11404|5368|0.608453,0.0123975
N12071|7884|1.049288,N12063|8845|0.246638,0.0100497
N12071|7884|1.049288,N12051|4854|0.440591,0.00927542
N12071|7884|1.049288,N12069|14335|0.683639,0.00617517
N11392|13474|0.166773,N11393|2188|0.531588,0.000766731
N12071|7884|1.049288,N12054|11742|8.2643,0.00928688
N11392|13474|0.166773,N11407|1428|0.80075,0.011621
N12071|7884|1.049288,N12114|14759|0.42786,0.0147944
N11392|13474|0.166773,N11391|12341|0.045623,0.00463705
N12071|7884|1.049288,N12074|9368|0.993391,0.00772361
N11392|13474|0.166773,N11402|2327|2.482778,0.0139783
N12071|7884|1.049288,N12050|1425|0.06447,0.00927542
N11392|13474|0.166773,N11397|12633|1.136891,0.00850446
N11392|13474|0.166773,N11398|1232|1.681972,0.00695561
N11392|13474|0.166773,N11399|10356|2.340022,0.0132005
N12071|7884|1.049288,N12080|11680|3.058156,0.0139559
N12071|7884|1.049288,N12094|8684|0.190719,0.0132085
N12071|7884|1.049288,N12067|15033|0.850597,0.0100582
N12071|7884|1.049288,N12062|10982|1.689488,0.0100565
N12071|7884|1.049288,N12091|4328|0.976929,0.0139956
N12071|7884|1.049288,N12049|6519|2.771871,0.0116254
N9114|12028|0.249049,N9123|7269|4.075191,0.0116329
N9114|12028|0.249049,N9143|9789|0.150846,0.0147893
N9114|12028|0.249049,N9139|11794|1.064317,0.0147259
N12070|14726|2.623534,N12057|13821|0.342187,0.0100565
N9114|12028|0.249049,N9145|12677|0.169826,0.0132168
N12070|14726|2.623534,N12079|8311|0.820379,0.00849309
N9114|12028|0.249049,N9133|10512|0.63993,0.00771334
N9114|12028|0.249049,N9159|5400|0.497134,0.0132351
N12070|14726|2.623534,N12068|5333|1.970972,0.0124014
N12070|14726|2.623534,N12076|12350|0.074,0.0100607
N9114|12028|0.249049,N9112|10385|2.194996,0.00772855
N12070|14726|2.623534,N12053|7243|0.075714,0.0131898
N12070|14726|2.623534,N12060|10946|0.282027,0.0131876
N12070|14726|2.623534,N12093|6486|0.715147,0.0147701
N12435|2899|0.967227,N12443|9845|0.533965,0.0116302
N12435|2899|0.967227,N12444|4137|0.107218,0.0108415
N12435|2899|0.967227,N12454|9739|0.606509,0.0116135
N12070|14726|2.623534,N12078|9343|0.596771,0.0116219
N12070|14726|2.623534,N12064|12188|2.046563,0.0124342
N12435|2899|0.967227,N12428|3118|1.22185,0.0116289
N12070|14726|2.623534,N12052|1462|0.742898,0.0139805
N12070|14726|2.623534,N12063|8845|0.246638,0.0116081
N12070|14726|2.623534,N12051|4854|0.440591,0.0108323
N12070|14726|2.623534,N12069|14335|0.683639,0.00771837
N12435|2899|0.967227,N12432|11765|4.38801,0.0147907
N12070|14726|2.623534,N12054|11742|8.2643,0.0108399
N12435|2899|0.967227,N12447|13631|1.752321,0.0100569
N12435|2899|0.967227,N12441|15258|0.530176,0.0139722
N12070|14726|2.623534,N12074|9368|0.993391,0.00927546
N12435|2899|0.967227,N12430|11924|0.617032,0.0131918
N12070|14726|2.623534,N12050|1425|0.06447,0.0108323
N12070|14726|2.623534,N12094|8684|0.190719,0.0147701
N12070|14726|2.623534,N12067|15033|0.850597,0.0116109
N12070|14726|2.623534,N12062|10982|1.689488,0.0116139
N9025|2859|3.118515,N9019|1759|3.21172,0.0131741
N9025|2859|3.118515,N9031|14288|3.428243,0.0124095
N12070|14726|2.623534,N12091|4328|0.976929,0.014763
N9025|2859|3.118515,N9005|9621|0.184888,0.0147433
N9025|2859|3.118515,N9018|7028|1.271107,0.0108242
N12070|14726|2.623534,N12049|6519|2.771871,0.013184
N9025|2859|3.118515,N9020|4424|0.845904,0.0132011
N9025|2859|3.118515,N9026|1384|1.778624,0.0100585
N8937|4163|1.168906,N8964|12791|3.012138,0.0100443
N8937|4163|1.168906,N8944|9132|1.394551,0.00771729
N8937|4163|1.168906,N8949|12079|8.71107,0.0147312
N8937|4163|1.168906,N8939|12608|0.033444,0.00384526
N8937|4163|1.168906,N8940|11720|11.917713,0.0132196
N8937|4163|1.168906,N8959|14483|1.615474,0.0132177
N12826|10353|2.203998,N12819|6009|0.132923,0.0139555
N12826|10353|2.203998,N12824|13110|5.024155,0.0124236
N8937|4163|1.168906,N8941|14203|1.307343,0.00539645
N8937|4163|1.168906,N8938|12763|3.197821,0.00617808
N8937|4163|1.168906,N8950|3981|2.040436,0.0147943
N12826|10353|2.203998,N12840|8247|1.106403,0.0100529
N12826|10353|2.203998,N12834|6657|0.028154,0.00850198
N8937|4163|1.168906,N8954|6672|0.444382,0.0108356
N12826|10353|2.203998,N12842|5983|3.233808,0.0116271
N12826|10353|2.203998,N12838|7539|1.101225,0.013985
N12826|10353|2.203998,N12812|2089|1.926513,0.0123913
N9420|3100|3.388402,N9413|7854|2.302913,0.0108354
N8937|4163|1.168906,N8947|9745|0.337258,0.00618538
N8937|4163|1.168906,N8953|8503|3.426344,0.0123901
N8937|4163|1.168906,N8963|5098|2.636494,0.0092775
N8937|4163|1.168906,N8946|6380|0.862479,0.00616179
N8937|4163|1.168906,N8962|11889|1.067723,0.0108467
N9420|3100|3.388402,N9411|12961|0.776325,0.011633
N9420|3100|3.388402,N9414|3729|3.038117,0.0108446
N9420|3100|3.388402,N9405|11433|2.621768,0.0139724
N9420|3100|3.388402,N9433|9770|1.952284,0.0139801
N8937|4163|1.168906,N8960|4831|0.445665,0.0116347
N9420|3100|3.388402,N9426|2312|2.112556,0.0131762
N9420|3100|3.388402,N9417|14062|0.337818,0.00771736
N8937|4163|1.168906,N8945|12427|2.726987,0.0116376
N9420|3100|3.388402,N9425|10731|0.354384,0.00927839
N9420|3100|3.388402,N9399|10757|3.06532,0.0139961
N8937|4163|1.168906,N8956|15297|1.548554,0.0108449
N8937|4163|1.168906,N8948|7351|0.152822,0.00616961
N9420|3100|3.388402,N9404|11969|0.138192,0.011609
N9420|3100|3.388402,N9410|13851|2.199643,0.013994
N8937|4163|1.168906,N8942|9028|0.173101,0.00385021
N8937|4163|1.168906,N8943|13221|3.526765,0.0108583
N8937|4163|1.168906,N8957|5722|3.760041,0.0116153
N11658|3636|1.324187,N11640|7293|0.333089,0.00927
N11658|3636|1.324187,N11659|11475|0.22597,0.00153499
N11658|3636|1.324187,N11627|2784|1.292767,0.0147314
N11658|3636|1.324187,N11652|13577|0.062974,0.0131785
N11658|3636|1.324187,N11650|9708|2.204662,0.0116112
N11658|3636|1.324187,N11641|1649|2.549367,0.0108316
N11658|3636|1.324187,N11639|9445|1.410352,0.0131873
N11388|9433|0.079396,N11367|6891|0.732076,0.0124236
N11658|3636|1.324187,N11647|1581|0.844933,0.0124249
N11658|3636|1.324187,N11651|13624|1.651375,0.0139967
N11388|9433|0.079396,N11386|14685|4.001875,0.00541729
N11388|9433|0.079396,N11365|7096|0.63038,0.0116091
N11388|9433|0.079396,N11363|15066|0.637353,0.0108333
N11388|9433|0.079396,N11371|5903|1.512719,0.0108585
N11388|9433|0.079396,N11385|11164|3.283753,0.00461962
N11388|9433|0.079396,N11373|7146|0.687377,0.0108448
N11388|9433|0.079396,N11366|6591|5.541124,0.013956
N11388|9433|0.079396,N11358|3722|2.637675,0.0147632
N11388|9433|0.079396,N11375|8477|0.703535,0.0116216
N11388|9433|0.079396,N11384|2281|1.186815,0.00694674
N11658|3636|1.324187,N11657|12112|1.802905,0.011601
N11388|9433|0.079396,N11361|9367|0.658486,0.01162
N11658|3636|1.324187,N11643|10735|0.125534,0.00928461
N11658|3636|1.324187,N11637|13977|0.394042,0.0147319
N11807|3902|2.551213,N11800|14940|1.058674,0.0139655
N11658|3636|1.324187,N11644|8422|0.74399,0.00928461
N11807|3902|2.551213,N11797|9811|2.536506,0.0131879
N11658|3636|1.324187,N11655|12860|0.463801,0.0131958
N11807|3902|2.551213,N11795|11647|0.638361,0.0124102
N11658|3636|1.324187,N11653|13779|1.337948,0.0116234
N11807|3902|2.551213,N11832|5076|0.375143,0.0147497
N11807|3902|2.551213,N11845|7795|0.316845,0.0131691
N11658|3636|1.324187,N11649|15386|1.430713,0.0131688
N11658|3636|1.324187,N11645|4531|0.087086,0.00849639
N11658|3636|1.324187,N11635|7975|0.702985,0.0139522
N11658|3636|1.324187,N11660|13089|0.382191,0.00153499
N11807|3902|2.551213,N11810|3510|0.371168,0.010836
N11658|3636|1.324187,N11646|7298|2.906628,0.0108357
N11658|3636|1.324187,N11648|14770|4.004292,0.0147919
N11807|3902|2.551213,N11805|9530|2.079066,0.0116073
N9401|6112|0.850151,N9389|13321|2.01369,0.0139748
N9401|6112|0.850151,N9415|14072|0.141996,0.00771735
N9401|6112|0.850151,N9427|4536|1.243345,0.00850421
N9401|6112|0.850151,N9260|6145|0.076925,0.0139606
N11807|3902|2.551213,N11799|11006|0.930139,0.0124102
N9401|6112|0.850151,N9407|10014|2.87042,0.0061663
N11807|3902|2.551213,N11801|13264|1.168057,0.0131654
N11807|3902|2.551213,N11844|10359|0.208095,0.013953
N9401|6112|0.850151,N9406|9757|1.246202,0.00384753
N9401|6112|0.850151,N9409|13353|3.590625,0.0131649
N9401|6112|0.850151,N9384|9009|1.313177,0.0131941
N9401|6112|0.850151,N9400|10181|1.115884,0.0084865
N9401|6112|0.850151,N9278|8324|0.126293,0.0147673
N9401|6112|0.850151,N9380|13987|0.013952,0.0108384
N9401|6112|0.850151,N9386|13312|1.083904,0.0147579
N9401|6112|0.850151,N9402|14702|1.463795,0.00461619
N9401|6112|0.850151,N9422|9014|1.448228,0.00849625
N9401|6112|0.850151,N9397|14957|1.010538,0.00771148
N9401|6112|0.850151,N9395|12443|7.810039,0.0131865
N9401|6112|0.850151,N9418|11659|0.082455,0.00616915
N9401|6112|0.850151,N9408|9665|0.673645,0.00693923
N9401|6112|0.850151,N9423|6527|0.148587,0.00694787
N8384|4320|0.999459,N8385|6399|1.063311,0.00693063
N9401|6112|0.850151,N9398|2413|1.127416,0.00461619
N9401|6112|0.850151,N9394|7196|2.769976,0.00771917
N9401|6112|0.850151,N9416|3982|2.127591,0.00694528
N9401|6112|0.850151,N9393|2307|0.682241,0.0132031
N9401|6112|0.850151,N9359|13859|0.138749,0.0092843
N9401|6112|0.850151,N9360|6545|2.045792,0.0147577
N9401|6112|0.850151,N9429|6293|0.044463,0.00539655
N9401|6112|0.850151,N9368|5528|1.847757,0.0116215
N9401|6112|0.850151,N9385|1958|3.873197,0.0131922
N9401|6112|0.850151,N9259|8520|0.048263,0.013183
N9401|6112|0.850151,N9390|2933|0.66356,0.0131715
N9401|6112|0.850151,N9257|6339|0.058928,0.0139691
N9401|6112|0.850151,N9419|8042|1.209773,0.00850101
N9401|6112|0.850151,N9255|14771|0.350205,0.0139692
N9401|6112|0.850151,N9432|6316|2.40081,0.0108247
N9401|6112|0.850151,N9420|3100|3.388402,0.00927737
N9401|6112|0.850151,N9382|3614|0.131365,0.0116231
N9401|6112|0.850151,N9413|7854|2.302913,0.00927736
N9401|6112|0.850151,N9381|3359|1.575732,0.0131898
N9401|6112|0.850151,N9370|6191|0.044663,0.0108463
N9401|6112|0.850151,N9411|12961|0.776325,0.00384524
N9401|6112|0.850151,N9414|3729|3.038117,0.00928438
N9401|6112|0.850151,N9405|11433|2.621768,0.00694541
N9401|6112|0.850151,N9433|9770|1.952284,0.0116348
N9401|6112|0.850151,N9372|7984|0.880108,0.0147399
N9401|6112|0.850151,N9374|14933|0.113524,0.0147572
N9401|6112|0.850151,N9426|2312|2.112556,0.0100496
N9401|6112|0.850151,N9367|13918|2.215421,0.0139672
N9401|6112|0.850151,N9417|14062|0.337818,0.00616915
N9401|6112|0.850151,N9425|10731|0.354384,0.00772881
N9401|6112|0.850151,N9358|15303|1.043357,0.0100607
N9401|6112|0.850151,N9399|10757|3.06532,0.00616955
N9495|7893|0.163381,N9552|6778|1.175407,0.0139607
N9401|6112|0.850151,N9361|6873|1.129772,0.0131919
N9495|7893|0.163381,N9513|10514|1.389128,0.014727
N9401|6112|0.850151,N9404|11969|0.138192,0.00461373
N9401|6112|0.850151,N9410|13851|2.199643,0.00616733
N9401|6112|0.850151,N9363|2727|3.279489,0.0123977
N9495|7893|0.163381,N9500|2227|1.218307,0.00695539
N9495|7893|0.163381,N9501|12957|4.881441,0.0116351
N9495|7893|0.163381,N9503|4006|0.215152,0.00616432
N9495|7893|0.163381,N9555|11655|0.457878,0.0139542
N12106|2092|0.810433,N12105|13652|1.527234,0.013965
N9495|7893|0.163381,N9542|13337|0.791992,0.0116159
N9495|7893|0.163381,N9491|12440|0.015674,0.00538832
N12106|2092|0.810433,N12104|13551|1.648967,0.0139605
N9495|7893|0.163381,N9511|4037|0.11695,0.00461958
N9495|7893|0.163381,N9484|8231|2.243047,0.0124039
N9495|7893|0.163381,N9508|3512|0.122202,0.00538835
N9495|7893|0.163381,N9486|1956|0.766508,0.0132343
N9495|7893|0.163381,N9507|10649|0.049628,0.00461619
N12106|2092|0.810433,N12098|13700|0.200803,0.0116175
N12106|2092|0.810433,N12111|12857|0.124219,0.00849298
N12106|2092|0.810433,N12095|6280|0.840689,0.0131874
N10078|2341|1.12871,N10071|1580|0.257818,0.0131688
N12106|2092|0.810433,N12109|6386|1.485353,0.00772682
N10078|2341|1.12871,N10082|5613|2.048412,0.0139652
N10078|2341|1.12871,N10083|10662|0.54533,0.0116206
N12106|2092|0.810433,N12101|8940|3.365213,0.0147621
N12106|2092|0.810433,N12112|3911|1.050978,0.00848646
N12106|2092|0.810433,N12096|4098|1.821324,0.0131969
N10078|2341|1.12871,N10088|8467|3.918434,0.0147745
N12106|2092|0.810433,N12110|11218|0.923665,0.00770865
N10078|2341|1.12871,N10061|3384|0.179959,0.0139643
N10078|2341|1.12871,N10087|7836|0.189476,0.0140007
N10078|2341|1.12871,N10076|15281|0.628564,0.011609
N10078|2341|1.12871,N10081|3877|1.475931,0.0123973
N9993|13447|2.477345,N9987|5759|2.606275,0.0147742
N9993|13447|2.477345,N9983|10335|0.621526,0.0132175
N12184|14400|0.898302,N12180|2451|2.75645,0.0139466
N9993|13447|2.477345,N9985|13714|0.207087,0.0124249
N9993|13447|2.477345,N9994|3985|0.298694,0.0100844
N9993|13447|2.477345,N9982|6452|0.30047,0.0124277
N9993|13447|2.477345,N9979|13090|1.524267,0.0116656
N9993|13447|2.477345,N9995|11169|0.095018,0.0148103
N9993|13447|2.477345,N9996|9280|2.587202,0.014836
N9993|13447|2.477345,N9980|6926|0.811684,0.0124413
N9993|13447|2.477345,N9990|8796|0.29883,0.013209
N9290|13579|0.024848,N9291|6729|1.273173,0.0053906
N9993|13447|2.477345,N9986|3239|0.136725,0.0139858
N11104|14325|0.862242,N11103|10474|0.813537,0.00230453
N11104|14325|0.862242,N11107|9460|1.262088,0.014751
N11104|14325|0.862242,N11099|12352|0.059695,0.00773983
N11104|14325|0.862242,N11100|7054|2.256424,0.00854031
N11104|14325|0.862242,N11098|10954|0.661148,0.0092862
N11104|14325|0.862242,N11111|9019|1.047778,0.0124277
N11466|6960|0.69333,N11439|4031|5.949013,0.0100566
N11466|6960|0.69333,N11432|8564|1.106573,0.0131612
N11466|6960|0.69333,N11460|4546|1.523002,0.0139785
N11466|6960|0.69333,N11463|14878|1.463977,0.0147478
N11104|14325|0.862242,N11102|10199|0.727087,0.00385014
N11466|6960|0.69333,N11440|9498|2.349682,0.0147636
N11466|6960|0.69333,N11472|6578|0.483504,0.00385868
N11466|6960|0.69333,N11447|15071|0.379129,0.0100585
N11104|14325|0.862242,N11109|4048|0.697151,0.0131957
N11466|6960|0.69333,N11469|11377|1.277083,0.00616959
N11466|6960|0.69333,N11471|13768|0.711381,0.00462811
N11466|6960|0.69333,N11455|6968|3.156725,0.013961
N11466|6960|0.69333,N11434|2008|6.10435,0.0139611
N11466|6960|0.69333,N11452|2698|0.399768,0.0108313
N11466|6960|0.69333,N11416|9551|0.424175,0.0131784
N11104|14325|0.862242,N11113|10029|0.854518,0.0131957
N11466|6960|0.69333,N11417|2611|2.032126,0.0108281
N11104|14325|0.862242,N11106|12769|0.259315,0.00620033
N11104|14325|0.862242,N11118|3441|0.266943,0.0139964
N11104|14325|0.862242,N11101|7070|0.946171,0.00617781
N11104|14325|0.862242,N11108|5884|0.77288,0.0131957
N11104|14325|0.862242,N11097|12564|1.398948,0.00695643
N8651|13162|0.581821,N8652|14606|2.444957,0.0100503
N8651|13162|0.581821,N8635|7231|0.13617,0.0108363
N8651|13162|0.581821,N8637|14919|0.32506,0.011641
N8651|13162|0.581821,N8627|6340|1.679732,0.0123907
N8651|13162|0.581821,N8639|7321|1.594604,0.0108362
N10440|6346|0.732477,N10420|12519|2.497745,0.0100574
N10440|6346|0.732477,N10441|12065|2.54058,0.0123993
N10440|6346|0.732477,N10421|1621|0.185784,0.00771984
N10440|6346|0.732477,N10432|5320|1.445576,0.00928389
N10440|6346|0.732477,N10409|8425|0.927486,0.0147725
N10440|6346|0.732477,N10422|3726|1.772569,0.0139855
N10440|6346|0.732477,N10459|13491|0.273509,0.0123979
N10440|6346|0.732477,N10434|6544|1.236147,0.00695544
N10440|6346|0.732477,N10414|11960|1.623667,0.0100583
N10449|11038|0.578968,N10446|4176|0.534117,0.0061567
N10449|11038|0.578968,N10450|4103|2.396855,0.0147315
N10449|11038|0.578968,N10460|1800|0.07162,0.0123732
N10449|11038|0.578968,N10444|11264|4.117282,0.0100391
N10449|11038|0.578968,N10445|1942|5.275127,0.00770672
N9624|10834|1.251999,N9632|13351|0.423463,0.0147505
N10449|11038|0.578968,N10465|5296|0.714784,0.0147189
N10449|11038|0.578968,N10447|13406|0.157979,0.00538377
N9624|10834|1.251999,N9621|8513|1.596386,0.00771916
N10449|11038|0.578968,N10463|6162|0.183799,0.0131556
N10449|11038|0.578968,N10468|13503|2.975931,0.0147189
N10005|1981|0.776109,N10004|5892|0.777952,0.00153498
N10449|11038|0.578968,N10458|6483|1.010701,0.0147205
N11282|15176|0.441175,N11279|13880|0.575043,0.0139498
N11282|15176|0.441175,N11298|1906|1.368261,0.00771741
N11282|15176|0.441175,N11276|2917|0.721746,0.0131557
N10449|11038|0.578968,N10459|13491|0.273509,0.0139459
N11282|15176|0.441175,N11274|11186|2.075797,0.0147204
N11282|15176|0.441175,N11285|11733|3.987936,0.0108248
N11282|15176|0.441175,N11297|9919|1.01418,0.00849664
N11282|15176|0.441175,N11295|8972|0.955216,0.00849664
N11282|15176|0.441175,N11294|5556|0.119875,0.00771321
N11282|15176|0.441175,N11289|6772|3.546387,0.00771332
N11282|15176|0.441175,N11287|1604|0.798294,0.00384788
N11900|8751|0.319047,N11904|12206|1.611985,0.0123779
N11900|8751|0.319047,N11905|1391|0.365266,0.0115967
N11900|8751|0.319047,N11874|8213|2.421832,0.013979
N11900|8751|0.319047,N11901|12383|0.637445,0.00153499
N11900|8751|0.319047,N11871|11403|1.151245,0.0100706
N11900|8751|0.319047,N11868|14230|1.45543,0.0124256
N11900|8751|0.319047,N11887|8446|0.150078,0.0139531
N11900|8751|0.319047,N11898|12236|0.570303,0.012402
N11900|8751|0.319047,N11872|13893|0.229403,0.0131906
N11900|8751|0.319047,N11862|13421|2.727201,0.0132395
N11900|8751|0.319047,N11896|7098|0.209161,0.011626
N11900|8751|0.319047,N11897|9610|0.038403,0.0108402
N11337|14009|3.192114,N11356|6647|1.107781,0.0108469
N11900|8751|0.319047,N11859|10707|1.084598,0.0100408
N11337|14009|3.192114,N11350|2365|1.175804,0.0147436
N11900|8751|0.319047,N11903|5159|0.285236,0.00461624
N11900|8751|0.319047,N11895|2053|3.159721,0.0147744
N11900|8751|0.319047,N11891|11355|0.511365,0.0123779
N11337|14009|3.192114,N11336|1750|1.140954,0.00693938
N11900|8751|0.319047,N11863|6226|0.321138,0.0123918
N11337|14009|3.192114,N11333|15173|0.298044,0.0100518
N11337|14009|3.192114,N11334|12468|1.530882,0.00693622
N11900|8751|0.319047,N11845|7795|0.316845,0.014748
N11900|8751|0.319047,N11867|7533|0.320478,0.0116351
N11900|8751|0.319047,N11864|12078|0.107577,0.011626
N11900|8751|0.319047,N11861|11381|2.689023,0.014748
N11337|14009|3.192114,N11355|14316|5.248091,0.0147733
N11900|8751|0.319047,N11869|10918|2.620545,0.0139816
N11900|8751|0.319047,N11866|9059|0.195271,0.0124078
N11900|8751|0.319047,N11865|9837|0.950679,0.0147746
N8474|13424|0.489979,N8480|13341|0.082904,0.0139561
N8474|13424|0.489979,N8482|6029|0.305383,0.0147586
N10851|5553|2.425384,N10852|6007|1.931538,0.0131951
N8474|13424|0.489979,N8487|11714|0.291764,0.0131867
N8474|13424|0.489979,N8464|6997|0.845618,0.01241
N10851|5553|2.425384,N10853|15279|0.529249,0.0147476
N10585|12785|0.199406,N10590|3597|2.18778,0.0131781
N10585|12785|0.199406,N10577|2852|0.124301,0.00771325
N10585|12785|0.199406,N10586|5873|0.989638,0.00076736
N10585|12785|0.199406,N10591|10257|2.420075,0.00771325
N10585|12785|0.199406,N10594|11499|0.093242,0.00848479
N10585|12785|0.199406,N10595|14754|3.616975,0.0123791
N10585|12785|0.199406,N10596|5106|3.670426,0.0123791
N9714|11644|0.558291,N9720|12318|1.019096,0.0147533
N10585|12785|0.199406,N10583|5548|4.724395,0.00927359
N9714|11644|0.558291,N9739|12503|2.447884,0.0100609
N9714|11644|0.558291,N9711|11353|1.275095,0.00850495
N9714|11644|0.558291,N9737|7406|0.048183,0.0108504
N9714|11644|0.558291,N9718|3089|1.589766,0.00848659
N9714|11644|0.558291,N9724|12926|0.820052,0.00851163
N9714|11644|0.558291,N9734|4999|0.948464,0.0123992
N9714|11644|0.558291,N9729|8174|0.467334,0.0100443
N9714|11644|0.558291,N9747|1844|0.32389,0.0100629
N9220|7153|0.060846,N9230|5653|0.302782,0.00771328
N9714|11644|0.558291,N9715|2308|3.947555,0.0100566
N9714|11644|0.558291,N9716|11708|2.376221,0.0100358
N9220|7153|0.060846,N9219|11851|0.409166,0.00384653
N9714|11644|0.558291,N9726|8488|0.687493,0.00929905
N9714|11644|0.558291,N9744|11153|1.514729,0.011623
N9714|11644|0.558291,N9731|10819|0.095892,0.0108314
N9220|7153|0.060846,N9217|11202|0.826529,0.00616724
N9220|7153|0.060846,N9218|5627|1.577137,0.00771736
N9714|11644|0.558291,N9722|11084|0.167069,0.00849653
N9714|11644|0.558291,N9748|7503|0.077164,0.00928568
N9714|11644|0.558291,N9742|1593|1.843405,0.0100496
N10888|6497|3.625147,N10887|12945|3.710148,0.0108445
N9714|11644|0.558291,N9736|4880|0.301087,0.0100527
N9714|11644|0.558291,N9728|15310|0.085393,0.00926697
N9714|11644|0.558291,N9713|11770|0.47842,0.00850501
N9714|11644|0.558291,N9717|6100|7.537105,0.013941
N9714|11644|0.558291,N9727|2654|0.637465,0.00771336
N9714|11644|0.558291,N9723|4534|3.162746,0.012394
N10888|6497|3.625147,N10892|3803|0.273582,0.00539059
N10888|6497|3.625147,N10894|8335|1.689416,0.006946
N9714|11644|0.558291,N9733|11666|0.117101,0.0100527
N10888|6497|3.625147,N10895|13787|0.935012,0.00772705
N9714|11644|0.558291,N9740|10865|0.999278,0.0116176
N9714|11644|0.558291,N9743|5866|1.262035,0.0131938
N12559|3859|4.121142,N12550|8083|0.027918,0.0139524
N12559|3859|4.121142,N12554|10454|0.637343,0.0139429
N11477|6012|0.637936,N11421|5366|0.550411,0.014744
N11477|6012|0.637936,N11418|2052|0.356991,0.0139545
N11367|6891|0.732076,N11365|7096|0.63038,0.0100516
N11367|6891|0.732076,N11363|15066|0.637353,0.00927448
N11367|6891|0.732076,N11371|5903|1.512719,0.00618519
N11367|6891|0.732076,N11373|7146|0.687377,0.00617524
N11367|6891|0.732076,N11366|6591|5.541124,0.00926994
N11367|6891|0.732076,N11358|3722|2.637675,0.0132034
N11367|6891|0.732076,N11375|8477|0.703535,0.00851133
N11367|6891|0.732076,N11384|2281|1.186815,0.00850015
N11367|6891|0.732076,N11361|9367|0.658486,0.0100609
N11477|6012|0.637936,N11417|2611|2.032126,0.0139612
N9013|10307|0.688507,N9024|12922|0.37453,0.014725
N9013|10307|0.688507,N9014|2951|1.925334,0.013973
N9013|10307|0.688507,N9000|2661|1.128144,0.012385
N9514|3768|3.571991,N9513|10514|1.389128,0.00851065
N9013|10307|0.688507,N9010|5896|0.079458,0.013953
N9514|3768|3.571991,N9517|14682|3.914798,0.0116861
N9013|10307|0.688507,N9008|6572|1.500492,0.0131749
N11657|12112|1.802905,N11643|10735|0.125534,0.00693386
N11657|12112|1.802905,N11642|3844|2.519686,0.0147596
N11657|12112|1.802905,N11644|8422|0.74399,0.00693386
N11657|12112|1.802905,N11655|12860|0.463801,0.010825
N11657|12112|1.802905,N11653|13779|1.337948,0.00927488
N9013|10307|0.688507,N9009|14787|1.215625,0.0139784
N9013|10307|0.688507,N9019|1759|3.21172,0.0147217
N9013|10307|0.688507,N9012|7036|0.144812,0.0123876
N11657|12112|1.802905,N11649|15386|1.430713,0.0108121
N11657|12112|1.802905,N11645|4531|0.087086,0.0061599
N9013|10307|0.688507,N9005|9621|0.184888,0.0116026
N9013|10307|0.688507,N9018|7028|1.271107,0.0139422
N11657|12112|1.802905,N11660|13089|0.382191,0.0116043
N9013|10307|0.688507,N9020|4424|0.845904,0.0147431
N11657|12112|1.802905,N11646|7298|2.906628,0.00848246
N11657|12112|1.802905,N11648|14770|4.004292,0.0123983
N9948|5469|0.798498,N9964|8985|0.69371,0.0139899
N9948|5469|0.798498,N9943|10062|0.053075,0.00153498
N9948|5469|0.798498,N9952|15026|0.034028,0.0100573
N9948|5469|0.798498,N9941|6281|4.105851,0.0147331
N9948|5469|0.798498,N9940|14165|0.033801,0.00928264
N9948|5469|0.798498,N9949|5322|0.968888,0.0147399
N9948|5469|0.798498,N9953|4252|2.085547,0.0124066
N9948|5469|0.798498,N9954|14219|0.429237,0.0124074
N9948|5469|0.798498,N9951|10255|1.515199,0.010842
N9948|5469|0.798498,N9939|3554|0.826545,0.0116317
N9948|5469|0.798498,N9958|1480|0.111606,0.00849654
N9948|5469|0.798498,N9938|9738|2.775301,0.01477
N9948|5469|0.798498,N9947|2373|1.334517,0.00385014
N9948|5469|0.798498,N9946|7852|3.859452,0.00927842
N9948|5469|0.798498,N9945|15087|12.524462,0.0116139
N11431|13501|1.227073,N11439|4031|5.949013,0.0147349
N11431|13501|1.227073,N11432|8564|1.106573,0.00539649
N9948|5469|0.798498,N9957|8145|4.00704,0.0116412
N7293|13192|2.295678,N7294|11133|0.650047,0.00617337
N13079|1454|0.626084,N13071|4238|1.966479,0.00853126
N13079|1454|0.626084,N13070|7113|5.886608,0.0132008
N7293|13192|2.295678,N7274|1460|0.085973,0.0147155
N13079|1454|0.626084,N13086|15084|0.571855,0.0131947
N7293|13192|2.295678,N7295|9807|2.446447,0.00849645
N13079|1454|0.626084,N13087|2366|3.091692,0.0131836
N7434|10144|1.746306,N7435|11263|1.127679,0.00694079
N7293|13192|2.295678,N7291|5461|0.256319,0.0147295
N7434|10144|1.746306,N7433|9755|0.21913,0.00153499
N9340|13662|3.058796,N9338|3890|5.260169,0.0115858
N9340|13662|3.058796,N9349|10069|1.964609,0.00849134
N9340|13662|3.058796,N9331|12217|1.148734,0.00848652
N9340|13662|3.058796,N9335|4549|4.258833,0.0116109
N9340|13662|3.058796,N9341|11718|4.206502,0.00771731
N10593|11046|0.485238,N10567|8150|0.941257,0.0116129
N9340|13662|3.058796,N9370|6191|0.044663,0.0124013
N10593|11046|0.485238,N10576|2228|0.794338,0.0131805
N9340|13662|3.058796,N9333|13054|1.645774,0.00693377
N10593|11046|0.485238,N10578|10243|4.042413,0.0115968
N9340|13662|3.058796,N9344|3471|0.361147,0.00539063
N10593|11046|0.485238,N10565|11930|1.094538,0.0123994
N9340|13662|3.058796,N9332|12098|1.613069,0.00927365
N10593|11046|0.485238,N10580|12481|0.361,0.0053849
N10593|11046|0.485238,N10592|11751|0.724185,0.01005
N9340|13662|3.058796,N9358|15303|1.043357,0.0147576
N10593|11046|0.485238,N10589|7134|1.004689,0.0100501
N9340|13662|3.058796,N9342|14450|0.850897,0.00461967
N9340|13662|3.058796,N9334|8076|0.202191,0.00461967
N10593|11046|0.485238,N10584|7104|0.366573,0.00693246
N10593|11046|0.485238,N10598|14866|1.372435,0.0147451
N10593|11046|0.485238,N10601|10420|0.959582,0.012385
N10593|11046|0.485238,N10582|10741|1.762303,0.00771148
N10593|11046|0.485238,N10585|12785|0.199406,0.00848479
N10593|11046|0.485238,N10573|3480|1.463531,0.0139736
N10593|11046|0.485238,N10590|3597|2.18778,0.0139466
N10593|11046|0.485238,N10577|2852|0.124301,0.00848235
N10593|11046|0.485238,N10586|5873|0.989638,0.00926085
N10593|11046|0.485238,N10591|10257|2.420075,0.00848235
N10593|11046|0.485238,N10594|11499|0.093242,0
N10593|11046|0.485238,N10595|14754|3.616975,0.00385129
N10593|11046|0.485238,N10596|5106|3.670426,0.00385128
N10593|11046|0.485238,N10583|5548|4.724395,0.0100403
N9338|3890|5.260169,N9344|3471|0.361147,0.0139343
N12298|1877|4.706062,N12296|14188|0.460907,0.00461765
N9338|3890|5.260169,N9342|14450|0.850897,0.0131511
N9338|3890|5.260169,N9334|8076|0.202191,0.0131511
N12298|1877|4.706062,N12297|9903|0.340267,0.00538826
N11161|3207|2.541034,N11162|5225|2.921057,0.0132137
N11161|3207|2.541034,N11163|15059|0.671487,0.0108314
N8167|9413|2.896965,N8147|6853|1.322031,0.012424
N8167|9413|2.896965,N8137|12331|1.746135,0.0115968
N8167|9413|2.896965,N8136|9622|3.642271,0.0115968
N8167|9413|2.896965,N8168|6876|0.395138,0.00230453
N8167|9413|2.896965,N8161|5815|2.657205,0.013194
N8167|9413|2.896965,N8133|7958|2.065495,0.0147509
N8167|9413|2.896965,N8148|6205|0.019809,0.0139618
N8167|9413|2.896965,N8149|3784|0.221216,0.0131785
N8167|9413|2.896965,N8139|6836|1.288953,0.0108334
N8167|9413|2.896965,N8170|12462|1.287377,0.00693821
N8167|9413|2.896965,N8154|11693|1.349062,0.0116334
N8167|9413|2.896965,N8159|14322|1.114167,0.0108421
N8167|9413|2.896965,N8169|2006|2.061169,0.0131843
N8167|9413|2.896965,N8156|9303|2.047012,0.011622
N8167|9413|2.896965,N8163|5056|0.324114,0.0100702
N7671|11878|0.387281,N7670|13165|16.595476,0.0147572
N8254|11831|2.397596,N8260|13534|0.454751,0.0131747
N8254|11831|2.397596,N8259|6237|1.846607,0.0139724
N8254|11831|2.397596,N8251|4438|0.010981,0.00616731
N8254|11831|2.397596,N8256|10769|0.712805,0.0131866
N8254|11831|2.397596,N8257|14187|1.407286,0.0131866
N7671|11878|0.387281,N7669|2450|2.16324,0.0092961
N8254|11831|2.397596,N8255|8516|4.621123,0.0123979
N7671|11878|0.387281,N7673|8024|1.150491,0.00771319
N8254|11831|2.397596,N8250|9805|2.44573,0.00771329
N7671|11878|0.387281,N7661|9170|0.239943,0.013964
N8254|11831|2.397596,N8258|12545|0.209232,0.0131747
N7671|11878|0.387281,N7672|4796|0.453661,0.00771832
N7671|11878|0.387281,N7662|11576|1.210973,0.0131865
N7671|11878|0.387281,N7665|8744|0.930059,0.00773956
N7671|11878|0.387281,N7664|6454|0.318782,0.0100443
N7671|11878|0.387281,N7666|7799|1.798255,0.00695614
N7671|11878|0.387281,N7663|4454|1.64803,0.0131746
N7671|11878|0.387281,N7668|12471|1.776381,0.00540445
N12854|10321|0.961383,N12846|4291|6.168948,0.0123836
N12854|10321|0.961383,N12847|11170|0.171541,0.00693378
N12854|10321|0.961383,N12849|2927|0.153846,0.00926583
N9883|4740|2.938363,N9875|10138|0.143738,0.0139613
N9883|4740|2.938363,N9870|10159|0.43556,0.0147313
N9883|4740|2.938363,N9857|12874|2.319649,0.0147452
N9883|4740|2.938363,N9855|6001|0.173178,0.0139556
N9883|4740|2.938363,N9874|11501|0.244614,0.013178
N9883|4740|2.938363,N9858|7228|0.829383,0.0124011
N9883|4740|2.938363,N9860|3015|1.032278,0.0147628
N10153|2144|0.895476,N10167|9324|4.421383,0.0124296
N10153|2144|0.895476,N10146|10997|1.204118,0.0100487
N10153|2144|0.895476,N10147|10051|1.378086,0.00927372
N10153|2144|0.895476,N10149|11080|0.160309,0.00773182
N10153|2144|0.895476,N10154|13738|0.207181,0.00461634
N7890|3499|4.576783,N7900|1839|0.246651,0.0108744
N7890|3499|4.576783,N7891|10432|1.803548,0.00772737
N10153|2144|0.895476,N10152|9351|0.056029,0.00538678
N10153|2144|0.895476,N10158|14329|0.227607,0.00693379
N10153|2144|0.895476,N10160|4433|0.171967,0.00693616
N10153|2144|0.895476,N10136|6253|0.845949,0.0077069
N7890|3499|4.576783,N7906|1966|2.669053,0.0139695
N7890|3499|4.576783,N7902|5408|0.192999,0.0124135
N7890|3499|4.576783,N7895|7360|0.043405,0.00849149
N10153|2144|0.895476,N10139|5635|0.470954,0.00616146
N7890|3499|4.576783,N7899|2676|1.632623,0.0124245
N7890|3499|4.576783,N7892|5284|0.242648,0.00849153
N10153|2144|0.895476,N10135|3888|1.954201,0.00848092
N7890|3499|4.576783,N7903|7046|0.315072,0.0124014
N7890|3499|4.576783,N7896|14707|2.438178,0.0108464
N7890|3499|4.576783,N7908|9183|1.010926,0.0139724
N7890|3499|4.576783,N7897|2553|0.357643,0.0147476
N7890|3499|4.576783,N7905|2277|0.003783,0.0116139
N7890|3499|4.576783,N7893|4502|1.144069,0.011607
N7890|3499|4.576783,N7894|14382|1.644205,0.0108197
N9960|10554|0.156321,N9959|6570|4.74706,0.0116118
N7890|3499|4.576783,N7889|13786|0.421545,0.00230597
N7890|3499|4.576783,N7907|15038|2.363248,0.0147632
N7890|3499|4.576783,N7901|1404|0.044159,0.0124014
N9960|10554|0.156321,N9957|8145|4.00704,0.0147477
N11318|8566|0.618355,N11322|6274|4.574686,0.00926679
N11318|8566|0.618355,N11321|7131|2.094019,0.0139946
N12323|1784|5.341931,N12326|10017|0.968429,0.00929855
N11318|8566|0.618355,N11326|7505|0.083515,0.00307626
N7680|2234|1.066566,N7678|14971|2.708855,0.0131748
N7680|2234|1.066566,N7684|6871|1.591664,0.00538676
N12323|1784|5.341931,N12322|6249|0.030627,0.0108353
N10438|15299|0.731709,N10446|4176|0.534117,0.0123848
N11224|13295|0.098866,N11220|7936|2.648455,0.00772711
N10438|15299|0.731709,N10425|3119|1.353442,0.0124244
N10438|15299|0.731709,N10460|1800|0.07162,0.0139526
N11224|13295|0.098866,N11229|8991|2.057522,0.0116139
N10438|15299|0.731709,N10433|6135|1.206972,0.00771329
N10438|15299|0.731709,N10445|1942|5.275127,0.0139526
N10438|15299|0.731709,N10430|12674|1.281819,0.0140325
N10438|15299|0.731709,N10428|11845|0.863415,0.0108353
N11224|13295|0.098866,N11174|7612|0.80396,0.0116216
N10438|15299|0.731709,N10419|7788|0.960112,0.0100515
N10438|15299|0.731709,N10431|13777|0.107201,0.011633
N11224|13295|0.098866,N11173|12964|0.86605,0.0131841
N10438|15299|0.731709,N10447|13406|0.157979,0.0116008
N10438|15299|0.731709,N10412|4092|3.444073,0.0124101
N11224|13295|0.098866,N11225|13378|0.022558,0.00153688
N11224|13295|0.098866,N11228|10250|0.474904,0.00849617
N10438|15299|0.731709,N10437|15110|0.575782,0.00616726
N10438|15299|0.731709,N10436|2703|0.383166,0.0038462
N9382|3614|0.131365,N9381|3359|1.575732,0.00384522
N10438|15299|0.731709,N10435|14161|2.34167,0.00851245
N10438|15299|0.731709,N10463|6162|0.183799,0.0131687
N10438|15299|0.731709,N10429|13739|0.934834,0.0116151
N10438|15299|0.731709,N10416|11369|0.698039,0.0100486
N9382|3614|0.131365,N9370|6191|0.044663,0.0116152
N9382|3614|0.131365,N9411|12961|0.776325,0.0139724
N10438|15299|0.731709,N10427|3970|0.156468,0.0124012
N10438|15299|0.731709,N10418|7026|0.951921,0.0131675
N9382|3614|0.131365,N9367|13918|2.215421,0.0147398
N9382|3614|0.131365,N9417|14062|0.337818,0.0147698
N9382|3614|0.131365,N9388|7990|6.867605,0.0116008
N10438|15299|0.731709,N10440|6346|0.732477,0.00153463
N9382|3614|0.131365,N9358|15303|1.043357,0.0108312
N10438|15299|0.731709,N10420|12519|2.497745,0.011614
N9382|3614|0.131365,N9361|6873|1.129772,0.0139711
N10438|15299|0.731709,N10441|12065|2.54058,0.0139609
N10438|15299|0.731709,N10421|1621|0.185784,0.00927438
N9382|3614|0.131365,N9404|11969|0.138192,0.0147393
N10438|15299|0.731709,N10432|5320|1.445576,0.0108448
N9382|3614|0.131365,N9363|2727|3.279489,0.0131686
N9349|10069|1.964609,N9331|12217|1.148734,0.0108256
N9349|10069|1.964609,N9335|4549|4.258833,0.013954
N9349|10069|1.964609,N9341|11718|4.206502,0.0131963
N9349|10069|1.964609,N9370|6191|0.044663,0.0147495
N10438|15299|0.731709,N10459|13491|0.273509,0.0139617
N9349|10069|1.964609,N9333|13054|1.645774,0.00926567
N9349|10069|1.964609,N9344|3471|0.361147,0.00771788
N10438|15299|0.731709,N10434|6544|1.236147,0.00851065
N9349|10069|1.964609,N9332|12098|1.613069,0.0116007
N10438|15299|0.731709,N10414|11960|1.623667,0.0116199
N9349|10069|1.964609,N9342|14450|0.850897,0.00693809
N9349|10069|1.964609,N9334|8076|0.202191,0.00693809
N11800|14940|1.058674,N11797|9811|2.536506,0.0069466
N11800|14940|1.058674,N11795|11647|0.638361,0.00617568
N11800|14940|1.058674,N11796|14497|1.160662,0.00928474
N11800|14940|1.058674,N11821|8630|1.302247,0.0147581
N11800|14940|1.058674,N11832|5076|0.375143,0.0100573
N11800|14940|1.058674,N11818|14577|0.522973,0.0147582
N11800|14940|1.058674,N11845|7795|0.316845,0.0116341
N10931|5851|0.123315,N10930|5248|0.665699,0.00076737
N10931|5851|0.123315,N10929|3983|8.032617,0.0108268
N11800|14940|1.058674,N11810|3510|0.371168,0.0140378
N11800|14940|1.058674,N11826|10781|1.093903,0.0139711
N11800|14940|1.058674,N11805|9530|2.079066,0.0108589
N11800|14940|1.058674,N11799|11006|0.930139,0.00617568
N11800|14940|1.058674,N11812|8304|1.873095,0.0139817
N11800|14940|1.058674,N11801|13264|1.168057,0.00771177
N11800|14940|1.058674,N11844|10359|0.208095,0.012411
N10648|15022|5.439611,N10649|4143|0.33077,0.0139615
N10931|5851|0.123315,N10928|12715|0.393806,0.0100497
N12802|8143|0.716222,N12797|2791|0.77827,0.0100528
N12802|8143|0.716222,N12747|10085|0.02083,0.013183
N12802|8143|0.716222,N12765|5223|0.290977,0.0147495
N12802|8143|0.716222,N12763|9214|0.250753,0.0147393
N12802|8143|0.716222,N12791|3432|1.382532,0.0139749
N12802|8143|0.716222,N12794|1915|0.264954,0.0108202
N12802|8143|0.716222,N12748|6117|1.604552,0.0147291
N12802|8143|0.716222,N12735|13411|1.300204,0.0147437
N8196|14222|0.462218,N8189|11388|1.488916,0.0100413
N11126|2613|3.414133,N11128|15329|2.078366,0.0147462
N11126|2613|3.414133,N11122|13125|0.808548,0.0139678
N11126|2613|3.414133,N11123|11876|0.935761,0.00616189
N11126|2613|3.414133,N11125|15318|0.689442,0.00538684
N8196|14222|0.462218,N8200|14143|0.460304,0.0116137
N8196|14222|0.462218,N8206|5109|0.82291,0.0147504
N8196|14222|0.462218,N8203|11050|0.018259,0.0123943
N11126|2613|3.414133,N11127|10312|2.573578,0.00771115
N12464|3162|0.636537,N12467|9793|0.066911,0.0147311
N11242|14132|0.054995,N11251|10061|0.941611,0.00771738
N11242|14132|0.054995,N11253|10802|1.437638,0.0100565
N11242|14132|0.054995,N11241|3858|0.478726,0.00308251
N11242|14132|0.054995,N11259|13651|4.526962,0.0139803
N12464|3162|0.636537,N12459|10633|0.178368,0.0100503
N11242|14132|0.054995,N11256|8782|2.978578,0.0100497
N12464|3162|0.636537,N12462|6718|0.293305,0.00461762
N12464|3162|0.636537,N12460|14159|2.404334,0.0108397
N8871|11941|0.282747,N8860|10099|1.374133,0.0123967
N8871|11941|0.282747,N8859|4263|0.786852,0.0108335
N8871|11941|0.282747,N8861|1846|2.103312,0.0139647
N8871|11941|0.282747,N8868|14599|0.735291,0.0100516
N12464|3162|0.636537,N12461|3483|0.725069,0.0092702
N10724|3500|0.101707,N10732|12967|0.670641,0.0092668
N10724|3500|0.101707,N10725|9276|3.451623,0.01005
N10724|3500|0.101707,N10726|6909|1.102324,0.0077107
N10724|3500|0.101707,N10727|11162|3.195729,0.0100502
N10724|3500|0.101707,N10740|14410|2.284142,0.010824
N10724|3500|0.101707,N10735|8144|0.65834,0.0123834
N10724|3500|0.101707,N10712|12789|1.346723,0.0116094
N10724|3500|0.101707,N10713|9768|1.55032,0.0131569
N9463|10192|2.595043,N9461|6816|1.325411,0.00616544
N9463|10192|2.595043,N9465|7044|0.718834,0.0139455
N9463|10192|2.595043,N9476|7780|0.27861,0.0131608
N8682|2017|0.76434,N8685|8382|2.471957,0.0131624
N8682|2017|0.76434,N8679|11931|0.669346,0.00539399
N8682|2017|0.76434,N8686|3829|3.228244,0.00850056
N8682|2017|0.76434,N8687|12321|2.324755,0.0100419
N8682|2017|0.76434,N8680|4515|3.231541,0.00849443
N8682|2017|0.76434,N8691|3049|1.408434,0.0116008
N10307|14002|0.117948,N10313|9230|1.208993,0.00538588
N10307|14002|0.117948,N10339|3305|1.988433,0.0124097
N10307|14002|0.117948,N10326|9873|2.510876,0.0100577
N10307|14002|0.117948,N10325|4335|2.758753,0.0100577
N10307|14002|0.117948,N10316|9769|0.632086,0.00851028
N10307|14002|0.117948,N10335|7022|4.080779,0.0147887
N10307|14002|0.117948,N10324|6913|0.741067,0.010844
N10307|14002|0.117948,N10331|14268|0.255619,0.0100697
N10307|14002|0.117948,N10304|10827|0.144852,0.0123972
N10307|14002|0.117948,N10314|1679|0.052918,0.00385004
N10307|14002|0.117948,N10317|11010|1.250049,0.00928671
N10307|14002|0.117948,N10320|2151|2.016699,0.010058
N10307|14002|0.117948,N10329|13495|2.243571,0.00926425
N10307|14002|0.117948,N10327|6676|3.397759,0.0124245
N10307|14002|0.117948,N10328|7748|7.056543,0.0147475
N10307|14002|0.117948,N10299|10444|2.378877,0.00693059
N10307|14002|0.117948,N10315|6133|1.421078,0.00617469
N12388|15102|1.237258,N12391|7250|0.533801,0.0100608
N10347|2621|0.003632,N10343|1415|0.365954,0.0100677
N10347|2621|0.003632,N10344|12856|0.158929,0.0092894
N11133|6995|1.108306,N11135|14513|3.962721,0.00615825
N11133|6995|1.108306,N11137|13604|0.261169,0.00230291
N11133|6995|1.108306,N11132|7813|3.265957,0.00616963
N11133|6995|1.108306,N11134|12224|0.192977,0.00230291
N11133|6995|1.108306,N11108|5884|0.77288,0.0147634
N11133|6995|1.108306,N11097|12564|1.398948,0.014774
N11320|6907|0.012215,N11325|2662|2.30922,0.00384527
N9777|4788|3.700689,N9776|7606|0.763841,0.0116296
N11320|6907|0.012215,N11319|4106|0.644911,0.00307697
N7359|12326|0.642363,N7364|14981|1.278328,0.0108583
N11320|6907|0.012215,N11316|14475|4.499552,0.0115962
N7359|12326|0.642363,N7361|4656|0.357697,0.00540477
N7359|12326|0.642363,N7358|8381|0.416148,0.00854092
N7359|12326|0.642363,N7365|6936|1.085228,0.0124108
N7359|12326|0.642363,N7363|2573|0.103245,0.0101009
N11390|8919|2.53472,N11404|5368|0.608453,0.0131635
N11320|6907|0.012215,N11327|15238|4.156123,0.00927023
N11390|8919|2.53472,N11393|2188|0.531588,0.00929864
N11390|8919|2.53472,N11407|1428|0.80075,0.0123859
N11320|6907|0.012215,N11318|8566|0.618355,0.00384527
N11390|8919|2.53472,N11391|12341|0.045623,0.00695637
N11390|8919|2.53472,N11402|2327|2.482778,0.0147457
N11390|8919|2.53472,N11397|12633|1.136891,0.00927572
N11390|8919|2.53472,N11398|1232|1.681972,0.00771997
N11390|8919|2.53472,N11399|10356|2.340022,0.0139644
N11320|6907|0.012215,N11322|6274|4.574686,0.0069307
N11320|6907|0.012215,N11321|7131|2.094019,0.0100704
N8226|13829|0.208442,N8228|7326|1.080997,0.00230529
N11320|6907|0.012215,N11326|7505|0.083515,0.000766732
N7727|5362|0.111441,N7720|12830|0.135074,0.0147454
N8226|13829|0.208442,N8227|6831|3.380801,0.00849281
N7727|5362|0.111441,N7724|5018|2.132801,0.0108353
N8226|13829|0.208442,N8230|11367|1.090861,0.00849656
N8226|13829|0.208442,N8223|15199|0.150591,0.00307483
N8226|13829|0.208442,N8229|12704|0.376581,0.0023053
N8226|13829|0.208442,N8203|11050|0.018259,0.0147476
N10167|9324|4.421383,N10149|11080|0.160309,0.0148421
N10167|9324|4.421383,N10154|13738|0.207181,0.012447
N10167|9324|4.421383,N10152|9351|0.056029,0.0148105
N10167|9324|4.421383,N10158|14329|0.227607,0.0147905
N10167|9324|4.421383,N10160|4433|0.171967,0.01479
N10167|9324|4.421383,N10139|5635|0.470954,0.0140152
N7727|5362|0.111441,N7726|9736|0.783632,0.00848663
N12674|8849|0.373229,N12688|12027|1.177988,0.0116153
N12674|8849|0.373229,N12685|1545|2.662858,0.0139672
N12674|8849|0.373229,N12659|11077|0.942007,0.0147703
N12674|8849|0.373229,N12655|4054|0.056198,0.0139963
N12674|8849|0.373229,N12689|11451|3.211736,0.0124075
N12674|8849|0.373229,N12677|7719|1.38275,0.00771744
N12674|8849|0.373229,N12672|6788|0.537127,0.0116379
N12779|15232|2.449954,N12782|13348|2.56449,0.0123773
N12674|8849|0.373229,N12687|3549|0.172949,0.00849634
N12674|8849|0.373229,N12657|5825|0.376556,0.0124014
N12674|8849|0.373229,N12658|3767|0.260726,0.0139694
N12674|8849|0.373229,N12667|12755|1.374185,0.0131834
N12674|8849|0.373229,N12678|5549|0.607867,0.00849633
N12674|8849|0.373229,N12656|3489|0.856322,0.0124101
N8446|14990|1.012653,N8448|8509|0.921513,0.0108576
N12674|8849|0.373229,N12679|14019|1.181258,0.0100497
N12674|8849|0.373229,N12673|4752|1.088216,0.00772847
N9980|6926|0.811684,N9977|8185|2.44994,0.0147311
N12674|8849|0.373229,N12675|3288|2.397704,0.0108265
N9980|6926|0.811684,N10000|3571|1.200374,0.0131783
N12674|8849|0.373229,N12668|15202|0.179902,0.00616958
N12674|8849|0.373229,N12670|10894|2.37048,0.00694789
N9980|6926|0.811684,N9990|8796|0.29883,0.00850485
N12674|8849|0.373229,N12676|14361|6.138787,0.0131687
N12674|8849|0.373229,N12660|6563|0.037792,0.0147703
N9980|6926|0.811684,N9997|9473|1.575147,0.0139782
N9980|6926|0.811684,N9986|3239|0.136725,0.00927834
N9980|6926|0.811684,N9989|12587|5.539199,0.0108487
N9980|6926|0.811684,N9991|3356|4.003899,0.0139794
N9980|6926|0.811684,N9998|13481|1.227033,0.00927011
N12777|4448|0.663203,N12778|6363|0.287132,0.00928899
N9412|4282|7.581246,N9417|14062|0.337818,0.014756
N12777|4448|0.663203,N12797|2791|0.77827,0.0147576
N11889|9177|2.837787,N11893|13009|1.076048,0.0147249
N11889|9177|2.837787,N11891|11355|0.511365,0.0108334
N12777|4448|0.663203,N12774|2384|1.243451,0.00696745
N12777|4448|0.663203,N12776|9882|1.663565,0.00618512
N11889|9177|2.837787,N11888|2289|1.048972,0.00461622
N11889|9177|2.837787,N11892|11963|0.741992,0.0116003
N11889|9177|2.837787,N11890|9921|2.525315,0.0124104
N10016|3948|2.112914,N10014|13860|4.116099,0.0131713
N8181|6372|1.191483,N8187|2376|1.130316,0.0147439
N8181|6372|1.191483,N8222|13876|2.129401,0.0147257
N8181|6372|1.191483,N8173|12513|1.810112,0.0147257
N10016|3948|2.112914,N10015|10392|4.725212,0.00771979
N8181|6372|1.191483,N8188|1643|3.838888,0.0123848
N8181|6372|1.191483,N8186|2195|0.728828,0.0139544
N8320|8459|1.662644,N8316|8063|1.186279,0.00771307
N8320|8459|1.662644,N8323|11412|0.971271,0.0108332
N8181|6372|1.191483,N8189|11388|1.488916,0.0131569
N8320|8459|1.662644,N8313|5650|1.256693,0.01005
N8320|8459|1.662644,N8319|8053|1.905724,0.0108201
N8320|8459|1.662644,N8318|5662|3.543446,0.0100495
N8320|8459|1.662644,N8312|5455|0.779465,0.00849271
N8181|6372|1.191483,N8200|14143|0.460304,0.014725
N7893|4502|1.144069,N7894|14382|1.644205,0.0053899
N8181|6372|1.191483,N8206|5109|0.82291,0.0147716
N8181|6372|1.191483,N8203|11050|0.018259,0.0123873
N10273|9155|0.73328,N10267|10586|0.40598,0.00926055
N10273|9155|0.73328,N10268|3994|0.35638,0.0108166
N10273|9155|0.73328,N10270|10304|2.06993,0.00849025
N10273|9155|0.73328,N10275|5419|0.563275,0.00616169
N7893|4502|1.144069,N7889|13786|0.421545,0.0108313
N7893|4502|1.144069,N7901|1404|0.044159,0.0147497
N12482|15143|0.193936,N12527|9237|0.448218,0.0139592
N12482|15143|0.193936,N12518|9895|2.414444,0.0147724
N12482|15143|0.193936,N12504|8693|0.601243,0.00930157
N12482|15143|0.193936,N12519|10480|2.16617,0.0131874
N12482|15143|0.193936,N12550|8083|0.027918,0.0116138
N12482|15143|0.193936,N12489|10602|3.074326,0.0147674
N12482|15143|0.193936,N12588|14367|1.187912,0.0147474
N12482|15143|0.193936,N12491|14941|6.537729,0.0124367
N12482|15143|0.193936,N12492|6139|1.973109,0.0100503
N10273|9155|0.73328,N10274|5492|0.296863,0.0100441
N12482|15143|0.193936,N12554|10454|0.637343,0.0116079
N12482|15143|0.193936,N12500|10430|1.273377,0.0100609
N12482|15143|0.193936,N12534|12395|1.442349,0.0123941
N12482|15143|0.193936,N12505|6802|1.904995,0.0115967
N12482|15143|0.193936,N12497|5875|0.074333,0.00694701
N12482|15143|0.193936,N12483|3059|1.085798,0.00693763
N12482|15143|0.193936,N12517|2545|1.034848,0.0139713
N12482|15143|0.193936,N12529|4469|3.56161,0.0139713
N12482|15143|0.193936,N12528|11921|2.139033,0.0147724
N12482|15143|0.193936,N12487|6538|4.703612,0.0131831
N10273|9155|0.73328,N10272|2815|0.999696,0.00538828
N10273|9155|0.73328,N10271|12976|0.245497,0.00538828
N7435|11263|1.127679,N7433|9755|0.21913,0.00538991
N10273|9155|0.73328,N10269|11143|0.494647,0.010042
N10319|6774|4.030208,N10303|3707|2.270653,0.0147454
N10319|6774|4.030208,N10305|5632|1.383602,0.0139526
N10319|6774|4.030208,N10310|2189|2.163687,0.0147557
N10319|6774|4.030208,N10322|14137|1.531451,0.010833
N10319|6774|4.030208,N10301|14140|0.237663,0.0131746
N10319|6774|4.030208,N10309|9762|0.882892,0.0147394
N10319|6774|4.030208,N10308|7071|0.582151,0.0116087
N10319|6774|4.030208,N10307|14002|0.117948,0.0124085
N10319|6774|4.030208,N10313|9230|1.208993,0.0147313
N10319|6774|4.030208,N10316|9769|0.632086,0.0131685
N10319|6774|4.030208,N10314|1679|0.052918,0.0131863
N10319|6774|4.030208,N10320|2151|2.016699,0.00694606
N11884|4095|1.34364,N11895|2053|3.159721,0.0148111
N11884|4095|1.34364,N11885|8742|4.861418,0.0046198
N11884|4095|1.34364,N11891|11355|0.511365,0.013188
N11884|4095|1.34364,N11878|13279|2.578469,0.00695986
N11884|4095|1.34364,N11864|12078|0.107577,0.0148336
N10319|6774|4.030208,N10315|6133|1.421078,0.0123913
N11884|4095|1.34364,N11892|11963|0.741992,0.0139538
N11924|14212|1.736523,N11923|14177|0.213845,0.00694526
N11362|7194|3.032929,N11374|15212|0.725506,0.0139639
N11362|7194|3.032929,N11377|6057|0.712908,0.0124246
N11362|7194|3.032929,N11380|13281|0.01983,0.0132189
N11362|7194|3.032929,N11389|5327|0.431325,0.014012
N11362|7194|3.032929,N11368|5646|1.05269,0.0147892
N11855|1402|1.32821,N11851|14739|0.573553,0.00928899
N11362|7194|3.032929,N11378|12634|1.329419,0.0116256
N11362|7194|3.032929,N11367|6891|0.732076,0.0148089
N7305|3486|3.35662,N7304|8968|4.26651,0.0139729
N11362|7194|3.032929,N11365|7096|0.63038,0.00851075
N11362|7194|3.032929,N11363|15066|0.637353,0.00695633
N11362|7194|3.032929,N11371|5903|1.512719,0.0132354
N11362|7194|3.032929,N11373|7146|0.687377,0.0132168
N11362|7194|3.032929,N11375|8477|0.703535,0.0139962
N11362|7194|3.032929,N11384|2281|1.186815,0.0124254
N11362|7194|3.032929,N11361|9367|0.658486,0.00463697
N10671|13240|0.540271,N10670|1806|0.129869,0.00772717
N10671|13240|0.540271,N10677|9282|1.543755,0.0139643
N11236|3289|1.163539,N11246|2938|0.328696,0.0131922
N11236|3289|1.163539,N11238|3233|0.328401,0.0147578
N11236|3289|1.163539,N11239|2706|0.06103,0.0139715
N11236|3289|1.163539,N11255|3313|1.707005,0.0147705
N11236|3289|1.163539,N11249|12952|0.190843,0.0147779
N11404|5368|0.608453,N11393|2188|0.531588,0.013175
N11404|5368|0.608453,N11407|1428|0.80075,0.00230599
N11236|3289|1.163539,N11251|10061|0.941611,0.01398
N11404|5368|0.608453,N11391|12341|0.045623,0.0108239
N11404|5368|0.608453,N11397|12633|1.136891,0.0131628
N11404|5368|0.608453,N11398|1232|1.681972,0.0115961
N11236|3289|1.163539,N11235|7050|8.77047,0.0100566
N11236|3289|1.163539,N11256|8782|2.978578,0.0147578
N8985|15298|0.771466,N8983|5298|0.544571,0.00385862
N7364|14981|1.278328,N7361|4656|0.357697,0.0100845
N7364|14981|1.278328,N7358|8381|0.416148,0.0100846
N7364|14981|1.278328,N7365|6936|1.085228,0.00615587
N8985|15298|0.771466,N8984|2348|0.618311,0.00463696
N7364|14981|1.278328,N7363|2573|0.103245,0.00384527
N8985|15298|0.771466,N8987|7595|0.730486,0.0124423
N11788|5187|3.084822,N11785|7370|0.623601,0.00927455
N11788|5187|3.084822,N11782|2523|0.488763,0.00771998
N11788|5187|3.084822,N11789|8688|1.087506,0.0124138
N11788|5187|3.084822,N11787|2861|0.090931,0.00616183
N8985|15298|0.771466,N8986|6334|0.501322,0.0132166
N11788|5187|3.084822,N11784|11902|1.191376,0.00771996
N8985|15298|0.771466,N8982|12416|0.081628,0.00618513
N11788|5187|3.084822,N11777|9609|0.992037,0.0147722
N8985|15298|0.771466,N8990|2078|0.796041,0.0116529
N8340|6457|4.37399,N8339|5753|1.622711,0.0100527
N8340|6457|4.37399,N8337|7193|4.469422,0.0139783
N8340|6457|4.37399,N8331|13917|0.106613,0.0147574
N7378|10433|2.213428,N7383|14512|0.16135,0.0140114
N11913|5349|1.013796,N11917|11332|0.108188,0.0069407
N7378|10433|2.213428,N7380|1923|4.353238,0.00851052
N10071|1580|0.257818,N10082|5613|2.048412,0.0116183
N10071|1580|0.257818,N10083|10662|0.54533,0.00928963
N10071|1580|0.257818,N10088|8467|3.918434,0.0124073
N10071|1580|0.257818,N10061|3384|0.179959,0.0116448
N10071|1580|0.257818,N10087|7836|0.189476,0.0116223
N10071|1580|0.257818,N10076|15281|0.628564,0.00308695
N10071|1580|0.257818,N10081|3877|1.475931,0.0100638
N11913|5349|1.013796,N11916|9744|1.719792,0.00539523
N10071|1580|0.257818,N10057|13681|0.686815,0.014771
N10181|5172|7.391709,N10182|1858|1.078629,0.0139521
N10181|5172|7.391709,N10183|1929|0.073881,0.0123859
N12797|2791|0.77827,N12747|10085|0.02083,0.0108384
N12797|2791|0.77827,N12765|5223|0.290977,0.0124072
N12797|2791|0.77827,N12763|9214|0.250753,0.0124014
N12797|2791|0.77827,N12776|9882|1.663565,0.0147581
N12797|2791|0.77827,N12791|3432|1.382532,0.0116232
N12797|2791|0.77827,N12783|11478|4.222652,0.0139673
N12797|2791|0.77827,N12794|1915|0.264954,0.0100496
N12797|2791|0.77827,N12668|15202|0.179902,0.014772
N12797|2791|0.77827,N12748|6117|1.604552,0.0108203
N12797|2791|0.77827,N12735|13411|1.300204,0.0123977
N12797|2791|0.77827,N12782|13348|2.56449,0.0131686
N12506|14424|6.30597,N12504|8693|0.601243,0.0147872
N12506|14424|6.30597,N12492|6139|1.973109,0.0139604
N12506|14424|6.30597,N12497|5875|0.074333,0.0124027
N11830|10622|2.071676,N11831|15045|6.921728,0.0116223
N11830|10622|2.071676,N11832|5076|0.375143,0.0124021
N11831|15045|6.921728,N11832|5076|0.375143,0.0131714
N7529|4623|11.233437,N7530|5931|0.470247,0.0131786
N9767|12706|0.466504,N9766|10178|1.630759,0.00461764
N9767|12706|0.466504,N9778|14931|0.275082,0.0139467
N9767|12706|0.466504,N9787|5028|0.943585,0.0147312
N9767|12706|0.466504,N9765|3284|0.917424,0.00538676
N9767|12706|0.466504,N9771|1375|1.112466,0.0077133
N9767|12706|0.466504,N9768|8481|5.324042,0.00771841
N9767|12706|0.466504,N9786|6325|1.393156,0.0131648
N9636|10447|3.210074,N9644|7442|2.394774,0.0140008
N9767|12706|0.466504,N9782|7673|0.145769,0.0139645
N9767|12706|0.466504,N9770|2752|0.871925,0.00694625
N9767|12706|0.466504,N9772|13322|0.457933,0.00461971
N9767|12706|0.466504,N9769|6354|1.277459,0.0061697
N11409|8585|0.411487,N11411|13952|0.296443,0.0100488
N10321|7589|7.812644,N10320|2151|2.016699,0.0131629
N12452|14869|3.860011,N12443|9845|0.533965,0.0147697
N12452|14869|3.860011,N12444|4137|0.107218,0.0139689
N12452|14869|3.860011,N12454|9739|0.606509,0.0084961
N11730|10226|0.399397,N11738|4693|2.064272,0.0108417
N12452|14869|3.860011,N12447|13631|1.752321,0.0100635
N11730|10226|0.399397,N11734|14597|2.351997,0.00307951
N11730|10226|0.399397,N11736|1645|4.834539,0.010062
N11730|10226|0.399397,N11737|8861|2.039257,0.012399
N9331|12217|1.148734,N9335|4549|4.258833,0.013956
N9331|12217|1.148734,N9341|11718|4.206502,0.013183
N9331|12217|1.148734,N9370|6191|0.044663,0.0147506
N9331|12217|1.148734,N9333|13054|1.645774,0.00926069
N9331|12217|1.148734,N9344|3471|0.361147,0.00771331
N9331|12217|1.148734,N9332|12098|1.613069,0.0116091
N9331|12217|1.148734,N9342|14450|0.850897,0.006939
N11730|10226|0.399397,N11735|4128|0.027554,0.00230591
N11730|10226|0.399397,N11731|8864|0.18334,0.00076673
N9331|12217|1.148734,N9334|8076|0.202191,0.006939
N12527|9237|0.448218,N12518|9895|2.414444,0.0147696
N12527|9237|0.448218,N12504|8693|0.601243,0.0139593
N12527|9237|0.448218,N12519|10480|2.16617,0.0131831
N12527|9237|0.448218,N12550|8083|0.027918,0.011608
N12527|9237|0.448218,N12602|14045|0.864212,0.0147313
N12527|9237|0.448218,N12588|14367|1.187912,0.0147393
N12527|9237|0.448218,N12492|6139|1.973109,0.0147248
N12527|9237|0.448218,N12600|4349|1.436957,0.0147313
N12527|9237|0.448218,N12554|10454|0.637343,0.0116042
N12527|9237|0.448218,N12500|10430|1.273377,0.0147292
N12527|9237|0.448218,N12534|12395|1.442349,0.0131808
N12527|9237|0.448218,N12497|5875|0.074333,0.0115946
N12527|9237|0.448218,N12517|2545|1.034848,0.0139653
N12527|9237|0.448218,N12529|4469|3.56161,0.0139653
N12527|9237|0.448218,N12528|11921|2.139033,0.0147696
N8147|6853|1.322031,N8137|12331|1.746135,0.0131649
N8147|6853|1.322031,N8136|9622|3.642271,0.0131648
N8147|6853|1.322031,N8168|6876|0.395138,0.0116497
N8147|6853|1.322031,N8161|5815|2.657205,0.0131921
N8147|6853|1.322031,N8148|6205|0.019809,0.00926656
N8147|6853|1.322031,N8149|3784|0.221216,0.00849153
N8147|6853|1.322031,N8139|6836|1.288953,0.013219
N8147|6853|1.322031,N8170|12462|1.287377,0.0100584
N8147|6853|1.322031,N8142|5696|3.433193,0.0147902
N8147|6853|1.322031,N8154|11693|1.349062,0.0116495
N8147|6853|1.322031,N8159|14322|1.114167,0.0108385
N8147|6853|1.322031,N8156|9303|2.047012,0.0116256
N8147|6853|1.322031,N8163|5056|0.324114,0.0100843
N13068|3572|5.53244,N13071|4238|1.966479,0.0124459
N8316|8063|1.186279,N8323|11412|0.971271,0.00617518
N8316|8063|1.186279,N8308|14544|1.566783,0.0123913
N8316|8063|1.186279,N8313|5650|1.256693,0.00384392
N9558|11553|2.004278,N9545|14554|0.055512,0.0147429
N8316|8063|1.186279,N8319|8053|1.905724,0.00771325
N8316|8063|1.186279,N8318|5662|3.543446,0.00694781
N9558|11553|2.004278,N9556|9833|0.170127,0.0069406
N9558|11553|2.004278,N9487|5128|0.140553,0.0147392
N9558|11553|2.004278,N9531|13427|0.792391,0.0139671
N8316|8063|1.186279,N8312|5455|0.779465,0.00385011
N8316|8063|1.186279,N8306|12938|2.523605,0.0124136
N9558|11553|2.004278,N9553|9058|1.067382,0.0053906
N9558|11553|2.004278,N9533|4010|0.908495,0.013967
N9558|11553|2.004278,N9525|10317|1.701035,0.0124099
N9558|11553|2.004278,N9552|6778|1.175407,0.00539653
N9558|11553|2.004278,N9555|11655|0.457878,0.00616424
N9558|11553|2.004278,N9541|9315|2.046275,0.0132003
N10052|2635|1.577136,N10061|3384|0.179959,0.0123977
N9558|11553|2.004278,N9557|3452|1.915897,0.00771305
N9558|11553|2.004278,N9542|13337|0.791992,0.0108449
N9558|11553|2.004278,N9491|12440|0.015674,0.0139793
N9558|11553|2.004278,N9539|6002|0.511961,0.0147776
N9558|11553|2.004278,N9484|8231|2.243047,0.0147453
N9558|11553|2.004278,N9486|1956|0.766508,0.0139723
N10052|2635|1.577136,N10057|13681|0.686815,0.0116154
N9558|11553|2.004278,N9554|2448|2.434905,0.00927725
N9558|11553|2.004278,N9549|15218|1.855956,0.0147629
N9664|4314|4.153701,N9665|9969|2.776234,0.0139802
N9664|4314|4.153701,N9663|7866|2.070923,0.00616634
N9171|5958|2.540436,N9170|13055|0.782015,0.012378
N9171|5958|2.540436,N9172|4097|0.914498,0.01238
N7940|2428|6.857216,N7929|8368|0.436093,0.0139782
N11579|5483|0.138558,N11580|10242|2.6451,0.0123995
N12512|1609|0.24317,N12467|9793|0.066911,0.0147699
N12512|1609|0.24317,N12502|12993|0.028039,0.0139722
N12512|1609|0.24317,N12552|5170|0.349724,0.0147793
N9882|5025|2.017777,N9861|14909|0.467325,0.0139723
N12512|1609|0.24317,N12490|9625|0.023124,0.0147575
N12512|1609|0.24317,N12556|12239|0.061929,0.0140002
N9882|5025|2.017777,N9867|2262|0.771963,0.0108353
N9882|5025|2.017777,N9875|10138|0.143738,0.00927013
N12512|1609|0.24317,N12547|6940|0.836952,0.013192
N9882|5025|2.017777,N9870|10159|0.43556,0.0116001
N12512|1609|0.24317,N12533|7974|0.244196,0.0147795
N9882|5025|2.017777,N9857|12874|2.319649,0.0100581
N9882|5025|2.017777,N9855|6001|0.173178,0.0108448
N9882|5025|2.017777,N9879|4595|5.543983,0.00927014
N12512|1609|0.24317,N12551|7510|0.251933,0.0139924
N12512|1609|0.24317,N12498|9476|0.063085,0.0139613
N9882|5025|2.017777,N9874|11501|0.244614,0.00849032
N9882|5025|2.017777,N9858|7228|0.829383,0.00927724
N9882|5025|2.017777,N9860|3015|1.032278,0.0116253
N12512|1609|0.24317,N12524|7348|0.12227,0.0139802
N9882|5025|2.017777,N9854|5220|2.64087,0.0123913
N12512|1609|0.24317,N12519|10480|2.16617,0.0139925
N12512|1609|0.24317,N12550|8083|0.027918,0.0139924
N12512|1609|0.24317,N12514|10912|1.103138,0.00539631
N12512|1609|0.24317,N12511|4140|1.967101,0.00230469
N12512|1609|0.24317,N12554|10454|0.637343,0.0139798
N12512|1609|0.24317,N12497|5875|0.074333,0.0139614
N11976|13357|1.804803,N11977|5406|9.221042,0.0131735
N12512|1609|0.24317,N12513|6383|0.180784,0.00385009
N12512|1609|0.24317,N12517|2545|1.034848,0.0147843
N11881|6942|0.073808,N11879|3783|1.669866,0.00538825
N11881|6942|0.073808,N11871|11403|1.151245,0.0132201
N11881|6942|0.073808,N11887|8446|0.150078,0.0139422
N11881|6942|0.073808,N11883|3741|1.188736,0.00693908
N11881|6942|0.073808,N11898|12236|0.570303,0.0123879
N11881|6942|0.073808,N11896|7098|0.209161,0.0116113
N11881|6942|0.073808,N11897|9610|0.038403,0.0108267
N11881|6942|0.073808,N11882|7865|2.939695,0.00849172
N11881|6942|0.073808,N11884|4095|1.34364,0.00461519
N11881|6942|0.073808,N11895|2053|3.159721,0.0147568
N11881|6942|0.073808,N11885|8742|4.861418,0.00615827
N11881|6942|0.073808,N11891|11355|0.511365,0.0131554
N11881|6942|0.073808,N11878|13279|2.578469,0.00849281
N11881|6942|0.073808,N11864|12078|0.107577,0.0147726
N9736|4880|0.301087,N9728|15310|0.085393,0.0100447
N9736|4880|0.301087,N9713|11770|0.47842,0.0124056
N9736|4880|0.301087,N9717|6100|7.537105,0.0147249
N9736|4880|0.301087,N9727|2654|0.637465,0.00849286
N9736|4880|0.301087,N9723|4534|3.162746,0.0116071
N9736|4880|0.301087,N9733|11666|0.117101,0.00153692
N9736|4880|0.301087,N9740|10865|0.999278,0.00927016
N9736|4880|0.301087,N9743|5866|1.262035,0.0124075
N11930|13114|5.421087,N11936|8272|0.365047,0.014746
N10932|10182|2.090259,N10950|13305|2.123607,0.0131839
N11930|13114|5.421087,N11932|11896|0.454787,0.0147722
N10932|10182|2.090259,N10934|13815|0.189545,0.00772724
N10932|10182|2.090259,N10952|8842|2.528475,0.0147702
N11930|13114|5.421087,N11929|7509|1.103166,0.0116081
N10932|10182|2.090259,N10936|3645|4.274939,0.0108776
N10932|10182|2.090259,N10937|7754|3.135998,0.0116339
N10932|10182|2.090259,N10939|4559|0.840806,0.0069563
N11930|13114|5.421087,N11927|6594|5.927884,0.0139459
N11003|12986|1.769331,N10957|7904|0.350226,0.0124431
N11930|13114|5.421087,N11928|9652|0.075206,0.00849164
N9745|2708|3.658407,N9747|1844|0.32389,0.0139782
N10255|2260|2.964703,N10254|5148|2.583065,0.0131749
N9745|2708|3.658407,N9748|7503|0.077164,0.0131944
N7658|8557|4.68559,N7659|1712|0.576773,0.0124162
N7658|8557|4.68559,N7656|10953|1.479323,0.0124076
N7444|4231|5.518606,N7454|2711|0.057998,0.0124191
N7444|4231|5.518606,N7450|4514|0.348837,0.0116308
N7444|4231|5.518606,N7451|13616|0.92384,0.0124014
N7444|4231|5.518606,N7453|14226|3.199795,0.0131922
N7444|4231|5.518606,N7445|3439|0.825649,0.0108505
N11158|5318|1.312168,N11159|10544|4.373151,0.0116204
N11158|5318|1.312168,N11148|2051|2.162953,0.014759
N11158|5318|1.312168,N11108|5884|0.77288,0.0147636
N9335|4549|4.258833,N9341|11718|4.206502,0.0147573
N9335|4549|4.258833,N9333|13054|1.645774,0.0108196
N9335|4549|4.258833,N9344|3471|0.361147,0.00926977
N9335|4549|4.258833,N9332|12098|1.613069,0.0131746
N9335|4549|4.258833,N9342|14450|0.850897,0.00849272
N7966|4146|0.24568,N7977|3169|0.117539,0.0116068
N9335|4549|4.258833,N9334|8076|0.202191,0.00849272
N7966|4146|0.24568,N7979|8369|0.944069,0.0108195
N7966|4146|0.24568,N7976|11715|0.722151,0.0123913
N7961|4472|1.770793,N7956|5213|0.684995,0.0108263
N7966|4146|0.24568,N7978|7473|1.581826,0.0131673
N7966|4146|0.24568,N7965|4435|4.478694,0.00695626
N9770|2752|0.871925,N9772|13322|0.457933,0.00385015
N9770|2752|0.871925,N9769|6354|1.277459,0.00850012
N8553|3271|1.270083,N8557|3708|1.262066,0.00850406
N8553|3271|1.270083,N8547|9642|2.033348,0.00851226
N8372|4828|0.76331,N8369|9454|0.782724,0.0116263
N8372|4828|0.76331,N8371|2400|0.622719,0.00848467
N8372|4828|0.76331,N8361|13423|0.310029,0.0100528
N8372|4828|0.76331,N8359|6678|0.09393,0.00694691
N8372|4828|0.76331,N8364|14684|0.429345,0.0100496
N8553|3271|1.270083,N8552|6239|1.256476,0.0124591
N8553|3271|1.270083,N8549|12863|1.403818,0.0100582
N8372|4828|0.76331,N8366|6761|3.821011,0.0124029
N8372|4828|0.76331,N8367|7627|1.553625,0.0131676
N8372|4828|0.76331,N8358|2835|0.986928,0.00849033
N9413|7854|2.302913,N9411|12961|0.776325,0.011633
N9413|7854|2.302913,N9414|3729|3.038117,0.00462625
N9413|7854|2.302913,N9405|11433|2.621768,0.0139724
N9413|7854|2.302913,N9433|9770|1.952284,0.0147676
N9413|7854|2.302913,N9426|2312|2.112556,0.0131762
N9413|7854|2.302913,N9417|14062|0.337818,0.00771734
N9413|7854|2.302913,N9425|10731|0.354384,0.00927836
N8372|4828|0.76331,N8368|3577|1.223714,0.0100609
N9413|7854|2.302913,N9399|10757|3.06532,0.013996
N8372|4828|0.76331,N8382|11492|1.764649,0.0147431
N9413|7854|2.302913,N9404|11969|0.138192,0.011609
N8372|4828|0.76331,N8377|4310|0.039595,0.0147313
N9413|7854|2.302913,N9410|13851|2.199643,0.0139939
N8372|4828|0.76331,N8363|7636|0.882553,0.00771314
N8372|4828|0.76331,N8360|11856|2.550031,0.0139652
N8372|4828|0.76331,N8353|13525|4.961347,0.0147437
N10573|3480|1.463531,N10570|13990|2.485243,0.0100447
N10573|3480|1.463531,N10594|11499|0.093242,0.0139736
N8372|4828|0.76331,N8374|10238|9.3E-5,0.0147248
N8372|4828|0.76331,N8362|1898|0.341441,0.00927553
N11171|15146|4.411836,N11169|5027|0.144705,0.00616742
N7516|3203|2.842382,N7514|9617|2.501809,0.0077199
N7516|3203|2.842382,N7515|11916|1.841037,0.00850096
N9892|8211|1.16073,N9885|14109|0.537034,0.0116199
N11171|15146|4.411836,N11170|2779|0.821011,0.00616968
N9892|8211|1.16073,N9887|14244|0.530702,0.0108196
N9892|8211|1.16073,N9893|5859|2.046382,0.00929611
N11171|15146|4.411836,N11174|7612|0.80396,0.0116486
N8137|12331|1.746135,N8136|9622|3.642271,0.00307339
N8137|12331|1.746135,N8168|6876|0.395138,0.0108149
N8137|12331|1.746135,N8161|5815|2.657205,0.0139732
N11171|15146|4.411836,N11173|12964|0.86605,0.0132041
N8137|12331|1.746135,N8133|7958|2.065495,0.00771337
N8137|12331|1.746135,N8148|6205|0.019809,0.0147294
N8137|12331|1.746135,N8149|3784|0.221216,0.0139412
N8137|12331|1.746135,N8139|6836|1.288953,0.0139433
N8137|12331|1.746135,N8170|12462|1.287377,0.00770585
N8137|12331|1.746135,N8154|11693|1.349062,0.0123794
N8137|12331|1.746135,N8159|14322|1.114167,0.0116264
N8137|12331|1.746135,N8169|2006|2.061169,0.0139469
N8137|12331|1.746135,N8156|9303|2.047012,0.0123912
N8137|12331|1.746135,N8163|5056|0.324114,0.0108197
N10687|6769|3.199566,N10692|3701|1.468518,0.0147568
N10961|1854|3.770455,N10957|7904|0.350226,0.0108399
N8098|2190|0.308459,N8105|7372|0.723456,0.00385146
N8098|2190|0.308459,N8106|10007|0.969364,0.00462125
N8098|2190|0.308459,N8102|1634|4.987075,0.0124956
N8098|2190|0.308459,N8104|2353|6.763553,0.0131739
N8098|2190|0.308459,N8103|14862|1.202524,0.00772856
N7496|3214|0.296956,N7494|8389|2.928798,0.0131904
N8098|2190|0.308459,N8099|8880|0.361876,0.00384525
N8098|2190|0.308459,N8113|3616|0.602729,0.0077226
N8098|2190|0.308459,N8110|15337|3.848228,0.0147458
N8098|2190|0.308459,N8107|6063|0.03488,0.00461973
N10610|9453|0.035843,N10612|14575|2.909383,0.00461944
N8098|2190|0.308459,N8109|8483|1.323114,0.00848234
N8098|2190|0.308459,N8100|4227|1.318436,0.00929655
N10380|12843|0.043926,N10382|8430|1.738672,0.00616104
N10380|12843|0.043926,N10381|6615|3.480243,0.00384233
N10380|12843|0.043926,N10378|5783|3.546923,0.00616174
N9469|8841|0.631808,N9472|2578|0.263727,0.00929803
N9469|8841|0.631808,N9461|6816|1.325411,0.013218
N9469|8841|0.631808,N9465|7044|0.718834,0.00849988
N9469|8841|0.631808,N9476|7780|0.27861,0.00772815
N10380|12843|0.043926,N10379|8555|1.286615,0.00384302
N10380|12843|0.043926,N10383|2736|1.774963,0.006945
N12767|13985|0.516862,N12771|1722|0.237403,0.0100514
N12767|13985|0.516862,N12793|11951|1.20622,0.0139779
N12767|13985|0.516862,N12757|10477|0.075416,0.0116079
N12767|13985|0.516862,N12724|12029|0.10223,0.0147426
N12767|13985|0.516862,N12750|8342|0.943226,0.0123913
N12767|13985|0.516862,N12800|3339|0.55552,0.0131896
N12767|13985|0.516862,N12801|7832|1.540443,0.0147332
N12767|13985|0.516862,N12796|8593|0.43714,0.0131746
N12767|13985|0.516862,N12784|3331|0.692063,0.0139526
N12767|13985|0.516862,N12792|4718|1.104993,0.0139671
N12767|13985|0.516862,N12766|9118|1.357847,0.0116107
N12767|13985|0.516862,N12758|8468|1.311158,0.0147312
N12767|13985|0.516862,N12759|12675|0.102362,0.0123834
N12352|4860|3.705697,N12353|8771|0.123274,0.0038439
N12352|4860|3.705697,N12362|2705|2.227795,0.0123875
N12767|13985|0.516862,N12770|5861|0.616059,0.0069409
N12767|13985|0.516862,N12751|14883|0.545789,0.0139671
N12767|13985|0.516862,N12756|2309|1.276595,0.0123847
N12767|13985|0.516862,N12755|12020|0.149553,0.0116079
N12767|13985|0.516862,N12803|2064|0.265817,0.0123847
N12767|13985|0.516862,N12773|4711|4.266417,0.0131685
N12767|13985|0.516862,N12804|2693|0.587741,0.0131734
N12767|13985|0.516862,N12795|4574|2.553366,0.0147472
N12767|13985|0.516862,N12805|7599|5.251764,0.0116089
N12352|4860|3.705697,N12369|13497|0.468312,0.0147737
N12767|13985|0.516862,N12769|13527|0.825958,0.00617513
N12767|13985|0.516862,N12754|12915|1.230618,0.0139613
N12767|13985|0.516862,N12802|8143|0.716222,0.0139542
N12352|4860|3.705697,N12346|12410|0.372866,0.0100585
N12767|13985|0.516862,N12797|2791|0.77827,0.0116151
N12352|4860|3.705697,N12354|3530|2.800901,0.014743
N12352|4860|3.705697,N12344|12378|1.266372,0.014757
N12352|4860|3.705697,N12358|2665|0.156469,0.0147456
N12352|4860|3.705697,N12350|9203|3.129607,0.0131782
N12767|13985|0.516862,N12747|10085|0.02083,0.0131781
N9381|3359|1.575732,N9370|6191|0.044663,0.0132002
N12767|13985|0.516862,N12765|5223|0.290977,0.00850082
N12767|13985|0.516862,N12763|9214|0.250753,0.0131746
N9381|3359|1.575732,N9388|7990|6.867605,0.0139526
N12767|13985|0.516862,N12794|1915|0.264954,0.0139524
N12767|13985|0.516862,N12748|6117|1.604552,0.0147315
N12767|13985|0.516862,N12735|13411|1.300204,0.0131685
N9381|3359|1.575732,N9358|15303|1.043357,0.0124088
N12767|13985|0.516862,N12782|13348|2.56449,0.013943
N11778|6821|0.3094,N11776|3540|1.423485,0.00384783
N11778|6821|0.3094,N11775|5021|0.291676,0
N11778|6821|0.3094,N11779|7972|0.956846,0.00230867
N9381|3359|1.575732,N9363|2727|3.279489,0.0147562
N10246|9286|1.006998,N10254|5148|2.583065,0.0147745
N10246|9286|1.006998,N10251|4593|1.663771,0.0124243
N10246|9286|1.006998,N10253|13358|0.566741,0.0100698
N11778|6821|0.3094,N11792|1642|2.795233,0.0123919
N11778|6821|0.3094,N11791|8077|1.068619,0.011622
N11778|6821|0.3094,N11780|3360|3.504578,0.00385402
N11778|6821|0.3094,N11774|14374|0.391332,0.00849168
N11778|6821|0.3094,N11781|9068|0.252002,0.00849047
N11778|6821|0.3094,N11788|5187|3.084822,0.0132013
N11778|6821|0.3094,N11785|7370|0.623601,0.0084929
N11778|6821|0.3094,N11782|2523|0.488763,0.00694109
N11778|6821|0.3094,N11789|8688|1.087506,0.0132042
N11778|6821|0.3094,N11787|2861|0.090931,0.0085004
N11778|6821|0.3094,N11784|11902|1.191376,0.00694108
N11778|6821|0.3094,N11777|9609|0.992037,0.00153464
N12477|1718|2.635159,N12467|9793|0.066911,0.0116663
N12477|1718|2.635159,N12468|6375|0.086601,0.012424
N8885|7122|3.37508,N8898|14688|0.203747,0.0139972
N12477|1718|2.635159,N12471|14150|0.434018,0.0132165
N12477|1718|2.635159,N12466|6767|1.259225,0.0124609
N12477|1718|2.635159,N12475|4624|0.137927,0.0116664
N12477|1718|2.635159,N12459|10633|0.178368,0.0147503
N12477|1718|2.635159,N12465|9663|3.510964,0.0132347
N12477|1718|2.635159,N12473|13030|2.051846,0.0124272
N12477|1718|2.635159,N12472|2949|0.315673,0.0139805
N10146|10997|1.204118,N10147|10051|1.378086,0.000767628
N10146|10997|1.204118,N10149|11080|0.160309,0.0038479
N10146|10997|1.204118,N10154|13738|0.207181,0.0100583
N10146|10997|1.204118,N10152|9351|0.056029,0.0108578
N10146|10997|1.204118,N10158|14329|0.227607,0.0108315
N10146|10997|1.204118,N10160|4433|0.171967,0.0108387
N10146|10997|1.204118,N10136|6253|0.845949,0.0100515
N10146|10997|1.204118,N10139|5635|0.470954,0.00850421
N12477|1718|2.635159,N12476|9967|1.35257,0.00772834
N10146|10997|1.204118,N10135|3888|1.954201,0.0108264
N12688|12027|1.177988,N12686|7633|2.620529,0.0131871
N12688|12027|1.177988,N12685|1545|2.662858,0.0123793
N12688|12027|1.177988,N12659|11077|0.942007,0.011608
N9977|8185|2.44994,N9978|6552|1.174193,0.0053901
N12688|12027|1.177988,N12661|13593|0.46788,0.0147345
N12688|12027|1.177988,N12655|4054|0.056198,0.0139784
N12688|12027|1.177988,N12689|11451|3.211736,0.00539639
N12688|12027|1.177988,N12677|7719|1.38275,0.00848656
N8881|1595|0.314009,N8880|14300|0.327453,0.000767364
N12688|12027|1.177988,N12672|6788|0.537127,0.0108354
N12688|12027|1.177988,N12687|3549|0.172949,0.00307298
N12688|12027|1.177988,N12657|5825|0.376556,0.0108196
N12688|12027|1.177988,N12658|3767|0.260726,0.0123847
N12688|12027|1.177988,N12667|12755|1.374185,0.0116042
N12688|12027|1.177988,N12678|5549|0.607867,0.0108248
N12688|12027|1.177988,N12656|3489|0.856322,0.0108241
N8532|3610|2.520584,N8544|7232|0.87161,0.0108313
N12688|12027|1.177988,N12679|14019|1.181258,0.0108197
N8532|3610|2.520584,N8542|14167|3.9748,0.0131839
N12688|12027|1.177988,N12673|4752|1.088216,0.006939
N8532|3610|2.520584,N8547|9642|2.033348,0.0147315
N8532|3610|2.520584,N8535|9122|0.13603,0.00462359
N12688|12027|1.177988,N12663|2204|1.369974,0.0139543
N12688|12027|1.177988,N12675|3288|2.397704,0.0116002
N12688|12027|1.177988,N12668|15202|0.179902,0.00538676
N12688|12027|1.177988,N12670|10894|2.37048,0.00616177
N12688|12027|1.177988,N12684|5768|0.171538,0.0139528
N8532|3610|2.520584,N8537|12736|0.793561,0.00694529
N8532|3610|2.520584,N8539|10972|3.907177,0.0124012
N12688|12027|1.177988,N12676|14361|6.138787,0.0139432
N12688|12027|1.177988,N12660|6563|0.037792,0.011608
N8105|7372|0.723456,N8106|10007|0.969364,0.00230472
N8105|7372|0.723456,N8102|1634|4.987075,0.0101283
N8532|3610|2.520584,N8549|12863|1.403818,0.0147309
N8105|7372|0.723456,N8104|2353|6.763553,0.0108242
N8105|7372|0.723456,N8103|14862|1.202524,0.00539643
N8105|7372|0.723456,N8099|8880|0.361876,0.00307172
N8105|7372|0.723456,N8113|3616|0.602729,0.0061616
N10887|12945|3.710148,N10892|3803|0.273582,0.00693891
N10887|12945|3.710148,N10894|8335|1.689416,0.00849992
N10887|12945|3.710148,N10895|13787|0.935012,0.0092838
N11702|14744|0.617456,N11707|13696|2.522154,0.0140133
N11702|14744|0.617456,N11699|8260|0.716946,0.00928472
N11702|14744|0.617456,N11696|6974|3.630097,0.00851103
N11702|14744|0.617456,N11705|2251|3.628118,0.0140327
N8105|7372|0.723456,N8110|15337|3.848228,0.0123916
N8105|7372|0.723456,N8107|6063|0.03488,0.00230453
N8105|7372|0.723456,N8087|13268|0.069492,0.0147507
N11702|14744|0.617456,N11714|12412|4.098774,0.0132179
N11702|14744|0.617456,N11711|5342|0.529197,0.0116221
N8105|7372|0.723456,N8109|8483|1.323114,0.00615983
N8105|7372|0.723456,N8108|3688|2.217922,0.0147319
N8105|7372|0.723456,N8115|7316|3.675933,0.0131676
N8105|7372|0.723456,N8100|4227|1.318436,0.00695565
N8106|10007|0.969364,N8102|1634|4.987075,0.0109025
N8106|10007|0.969364,N8104|2353|6.763553,0.0116003
N8106|10007|0.969364,N8103|14862|1.202524,0.00616742
N8106|10007|0.969364,N8099|8880|0.361876,0.00384144
N10086|10273|6.356528,N10083|10662|0.54533,0.0131766
N8106|10007|0.969364,N8113|3616|0.602729,0.00693385
N8106|10007|0.969364,N8110|15337|3.848228,0.0131688
N8106|10007|0.969364,N8107|6063|0.03488,0.00307299
N8106|10007|0.969364,N8109|8483|1.323114,0.00693233
N8106|10007|0.969364,N8115|7316|3.675933,0.0139458
N8106|10007|0.969364,N8100|4227|1.318436,0.0077275
N10855|2896|3.976089,N10860|12156|2.540871,0.0100484
N12020|9383|0.896485,N12016|6389|2.646521,0.0147392
N12020|9383|0.896485,N12021|9357|0.044698,0.00848643
N12020|9383|0.896485,N12013|9857|1.013289,0.0139729
N8243|2909|0.058283,N8244|6887|2.946368,0.0147476
N10526|7145|1.150403,N10536|5868|0.748762,0.0131767
N10526|7145|1.150403,N10525|5486|3.135281,0.00849618
N8243|2909|0.058283,N8237|2182|0.011431,0.0139807
N10526|7145|1.150403,N10541|2290|2.197935,0.0139467
N10526|7145|1.150403,N10535|12368|0.523269,0.0108324
N12172|6903|0.887543,N12180|2451|2.75645,0.0139518
N11074|10855|1.577869,N11062|6482|0.412079,0.0139726
N11074|10855|1.577869,N11067|10135|0.02901,0.0139783
N10732|12967|0.670641,N10725|9276|3.451623,0.0116172
N10732|12967|0.670641,N10726|6909|1.102324,0.00926683
N10732|12967|0.670641,N10727|11162|3.195729,0.0100607
N10732|12967|0.670641,N10740|14410|2.284142,0.00926415
N10732|12967|0.670641,N10735|8144|0.65834,0.0123899
N11074|10855|1.577869,N11066|10755|0.62982,0.0139807
N10732|12967|0.670641,N10712|12789|1.346723,0.0116089
N10732|12967|0.670641,N10713|9768|1.55032,0.0131609
N8465|6188|4.50606,N8477|8543|0.052277,0.0123993
N8465|6188|4.50606,N8472|4577|0.037671,0.010076
N8465|6188|4.50606,N8478|13256|0.962904,0.0139787
N8465|6188|4.50606,N8468|11216|0.71844,0.0116254
N8465|6188|4.50606,N8481|6409|1.149436,0.0147477
N12408|13591|4.199905,N12406|13475|1.0959,0.0123902
N8465|6188|4.50606,N8469|11656|0.733795,0.0116178
N12408|13591|4.199905,N12424|10163|0.680695,0.0139525
N11356|6647|1.107781,N11349|10202|0.90621,0.00927053
N11356|6647|1.107781,N11350|2365|1.175804,0.00615677
N11356|6647|1.107781,N11336|1750|1.140954,0.0116095
N11356|6647|1.107781,N11333|15173|0.298044,0.0100612
N11356|6647|1.107781,N11334|12468|1.530882,0.00849681
N11356|6647|1.107781,N11352|6705|2.913347,0.0108189
N8465|6188|4.50606,N8480|13341|0.082904,0.0123941
N11356|6647|1.107781,N11355|14316|5.248091,0.00616167
N8465|6188|4.50606,N8482|6029|0.305383,0.0147578
N11356|6647|1.107781,N11348|14473|0.632811,0.0100521
N8465|6188|4.50606,N8487|11714|0.291764,0.013184
N10147|10051|1.378086,N10149|11080|0.160309,0.00307485
N10147|10051|1.378086,N10154|13738|0.207181,0.00928391
N10147|10051|1.378086,N10152|9351|0.056029,0.0100841
N8465|6188|4.50606,N8464|6997|0.845618,0.0124074
N10147|10051|1.378086,N10158|14329|0.227607,0.0100516
N10147|10051|1.378086,N10160|4433|0.171967,0.0100567
N10147|10051|1.378086,N10136|6253|0.845949,0.00927439
N10147|10051|1.378086,N10139|5635|0.470954,0.00772842
N10147|10051|1.378086,N10135|3888|1.954201,0.0100486
N7438|5804|1.092133,N7454|2711|0.057998,0.0108279
N7438|5804|1.092133,N7450|4514|0.348837,0.0100606
N7438|5804|1.092133,N7440|4221|1.427708,0.00693602
N7438|5804|1.092133,N7451|13616|0.92384,0.0108177
N7438|5804|1.092133,N7439|8645|0.933322,0.00616173
N7438|5804|1.092133,N7453|14226|3.199795,0.0116124
N7438|5804|1.092133,N7437|6623|2.839089,0.00771981
N7438|5804|1.092133,N7441|15268|1.890086,0.0139649
N7438|5804|1.092133,N7445|3439|0.825649,0.00926689
N10113|13294|0.443123,N10116|10026|2.262191,0.00928587
N10113|13294|0.443123,N10119|10803|0.316622,0.00616734
N10113|13294|0.443123,N10105|6840|2.06747,0.0139674
N10113|13294|0.443123,N10061|3384|0.179959,0.0140115
N10113|13294|0.443123,N10110|10994|0.926104,0.00695624
N9868|2730|1.524246,N9869|4050|0.410513,0.0100482
N9170|13055|0.782015,N9172|4097|0.914498,0.0100515
N9868|2730|1.524246,N9878|2758|0.640394,0.00616146
N9868|2730|1.524246,N9865|11954|1.629578,0.0123874
N9868|2730|1.524246,N9871|15174|0.56615,0.00771831
N9868|2730|1.524246,N9884|4212|2.035011,0.0115958
N9868|2730|1.524246,N9876|12176|3.563165,0.0116218
N9170|13055|0.782015,N9173|6954|2.168493,0.0123801
N9170|13055|0.782015,N9166|2597|0.752052,0.0131718
N9868|2730|1.524246,N9881|13561|0.404367,0.00926426
N8462|1940|0.260636,N8451|1803|4.723301,0.00929615
N9868|2730|1.524246,N9862|13419|0.677409,0.0116109
N9868|2730|1.524246,N9877|5997|0.206392,0.00771149
N9868|2730|1.524246,N9864|13029|0.48077,0.0124013
N8462|1940|0.260636,N8460|14148|1.728008,0.00539631
N8462|1940|0.260636,N8459|13625|6.312552,0.0092843
N8462|1940|0.260636,N8452|11623|1.6017,0.00694614
N9868|2730|1.524246,N9882|5025|2.017777,0.0108264
N9868|2730|1.524246,N9861|14909|0.467325,0.0108265
N9868|2730|1.524246,N9867|2262|0.771963,0.0046162
N9868|2730|1.524246,N9875|10138|0.143738,0.00616433
N9868|2730|1.524246,N9870|10159|0.43556,0.0084925
N8462|1940|0.260636,N8453|3056|0.990996,0.0100487
N9868|2730|1.524246,N9857|12874|2.319649,0.0100482
N8462|1940|0.260636,N8461|4708|0.70719,0.00385013
N9868|2730|1.524246,N9855|6001|0.173178,0.0108332
N9868|2730|1.524246,N9879|4595|5.543983,0.0139467
N9868|2730|1.524246,N9874|11501|0.244614,0.00539062
N9868|2730|1.524246,N9866|6159|2.918018,0.00926982
N9868|2730|1.524246,N9858|7228|0.829383,0.0077183
N9868|2730|1.524246,N9860|3015|1.032278,0.0100582
N9868|2730|1.524246,N9854|5220|2.64087,0.0123836
N11776|3540|1.423485,N11775|5021|0.291676,0.00384783
N11776|3540|1.423485,N11779|7972|0.956846,0.00616971
N12927|4477|1.2477,N12925|11810|0.737225,0.0115913
N8220|1458|2.639699,N8189|11388|1.488916,0.0139526
N8220|1458|2.639699,N8215|12614|5.146834,0.0147397
N8220|1458|2.639699,N8217|2681|1.841336,0.00854502
N8220|1458|2.639699,N8200|14143|0.460304,0.0147345
N11776|3540|1.423485,N11780|3360|3.504578,0.00773898
N11776|3540|1.423485,N11774|14374|0.391332,0.0123917
N8220|1458|2.639699,N8216|1836|1.989144,0.00928401
N8220|1458|2.639699,N8203|11050|0.018259,0.0131866
N8529|2948|0.719877,N8557|3708|1.262066,0.0147673
N11776|3540|1.423485,N11781|9068|0.252002,0.0123994
N8529|2948|0.719877,N8544|7232|0.87161,0.0139344
N8529|2948|0.719877,N8547|9642|2.033348,0.0116109
N8529|2948|0.719877,N8535|9122|0.13603,0.0139525
N11776|3540|1.423485,N11785|7370|0.623601,0.0123981
N8529|2948|0.719877,N8528|6714|2.0197,0.0147698
N11776|3540|1.423485,N11782|2523|0.488763,0.0108386
N11776|3540|1.423485,N11787|2861|0.090931,0.0124019
N8529|2948|0.719877,N8549|12863|1.403818,0.0131686
N11776|3540|1.423485,N11784|11902|1.191376,0.0108386
N10684|4795|2.285325,N10682|12482|0.369964,0.00461513
N11776|3540|1.423485,N11777|9609|0.992037,0.0053899
N10684|4795|2.285325,N10692|3701|1.468518,0.0131783
N11775|5021|0.291676,N11779|7972|0.956846,0.00230867
N11775|5021|0.291676,N11792|1642|2.795233,0.0123919
N11775|5021|0.291676,N11791|8077|1.068619,0.011622
N11775|5021|0.291676,N11780|3360|3.504578,0.00385402
N11775|5021|0.291676,N11774|14374|0.391332,0.00849168
N11775|5021|0.291676,N11781|9068|0.252002,0.00849047
N11775|5021|0.291676,N11788|5187|3.084822,0.0132013
N11775|5021|0.291676,N11785|7370|0.623601,0.0084929
N11775|5021|0.291676,N11782|2523|0.488763,0.00694109
N11775|5021|0.291676,N11789|8688|1.087506,0.0132042
N11775|5021|0.291676,N11787|2861|0.090931,0.0085004
N12382|11040|5.62857,N12383|4272|1.686228,0.0116206
N11775|5021|0.291676,N11784|11902|1.191376,0.00694108
N11775|5021|0.291676,N11777|9609|0.992037,0.00153464
N10879|2011|1.02519,N10874|4980|0.715485,0.0131951
N10879|2011|1.02519,N10873|3963|3.378037,0.014763
N10879|2011|1.02519,N10875|5666|2.738127,0.0100582
N10879|2011|1.02519,N10869|5771|0.192808,0.0132034
N10725|9276|3.451623,N10726|6909|1.102324,0.00538486
N10725|9276|3.451623,N10727|11162|3.195729,0.0077131
N10725|9276|3.451623,N10740|14410|2.284142,0.0131782
N10879|2011|1.02519,N10867|13583|0.142304,0.0139724
N10725|9276|3.451623,N10735|8144|0.65834,0.0147472
N10725|9276|3.451623,N10712|12789|1.346723,0.0123874
N10725|9276|3.451623,N10713|9768|1.55032,0.0139456
N7822|9360|0.510657,N7818|6911|2.305082,0.0131832
N10879|2011|1.02519,N10871|10888|0.749198,0.0147777
N7822|9360|0.510657,N7826|10571|1.21748,0.00695532
N7822|9360|0.510657,N7831|7277|0.377138,0.0116254
N7822|9360|0.510657,N7811|13428|1.645986,0.0123975
N10879|2011|1.02519,N10865|4434|0.263375,0.0147674
N7822|9360|0.510657,N7819|13882|1.436249,0.00849626
N7822|9360|0.510657,N7814|5279|0.380088,0.00616431
N7822|9360|0.510657,N7832|9416|0.759916,0.0100442
N7822|9360|0.510657,N7813|11090|0.345574,0.0108313
N7822|9360|0.510657,N7823|5888|2.112182,0.00694608
N7822|9360|0.510657,N7825|10194|4.905259,0.0108467
N10916|12750|0.762026,N10915|8529|0.322355,0.00230861
N10916|12750|0.762026,N10924|8357|1.49212,0.00307695
N13044|14894|0.279795,N13058|11167|1.17044,0.00927726
N13044|14894|0.279795,N13052|14348|1.81875,0.0139614
N13044|14894|0.279795,N13026|9197|0.544685,0.0147569
N10916|12750|0.762026,N10921|10723|4.08728,0.00618511
N13044|14894|0.279795,N13053|4954|0.008268,0.00849259
N13044|14894|0.279795,N13041|13386|2.491826,0.0100653
N10916|12750|0.762026,N10919|12935|1.629907,0.00385142
N13044|14894|0.279795,N13031|1964|2.547926,0.013183
N13044|14894|0.279795,N13071|4238|1.966479,0.014744
N13044|14894|0.279795,N13043|6617|8.289705,0.00771802
N10916|12750|0.762026,N10912|14735|3.545831,0.00928442
N13044|14894|0.279795,N13046|7586|0.27506,0.0023053
N10916|12750|0.762026,N10920|14634|1.207204,0.00385861
N13044|14894|0.279795,N13023|9255|2.431417,0.0132117
N10916|12750|0.762026,N10914|9492|10.257428,0.00928389
N11393|2188|0.531588,N11407|1428|0.80075,0.0123975
N11393|2188|0.531588,N11391|12341|0.045623,0.00540702
N11393|2188|0.531588,N11402|2327|2.482778,0.0147565
N10916|12750|0.762026,N10922|11934|1.797118,0.0046197
N10916|12750|0.762026,N10913|3810|1.22067,0.00616959
N11393|2188|0.531588,N11397|12633|1.136891,0.00927766
N11393|2188|0.531588,N11398|1232|1.681972,0.00772745
N11393|2188|0.531588,N11399|10356|2.340022,0.0139779
N10916|12750|0.762026,N10917|10509|5.997907,0.013994
N9964|8985|0.69371,N9966|11649|0.812061,0.0123978
N9964|8985|0.69371,N9943|10062|0.053075,0.0124158
N9964|8985|0.69371,N9952|15026|0.034028,0.0116218
N9964|8985|0.69371,N9940|14165|0.033801,0.0108505
N9964|8985|0.69371,N9953|4252|2.085547,0.0139802
N9964|8985|0.69371,N9962|10661|3.287122,0.00851246
N9964|8985|0.69371,N9954|14219|0.429237,0.0139855
N12011|11895|1.404621,N12010|8885|0.16324,0.0131633
N9964|8985|0.69371,N9951|10255|1.515199,0.0124065
N9964|8985|0.69371,N9939|3554|0.826545,0.0132087
N9964|8985|0.69371,N9958|1480|0.111606,0.0100565
N9964|8985|0.69371,N9965|8087|0.85324,0.00850219
N9964|8985|0.69371,N9960|10554|0.156321,0.0131747
N9964|8985|0.69371,N9961|5078|2.002038,0.012398
N12011|11895|1.404621,N12008|3071|0.647892,0.0139392
N9964|8985|0.69371,N9959|6570|4.74706,0.0139559
N8975|7979|3.131853,N8973|10145|2.089194,0.0124076
N8975|7979|3.131853,N8971|9569|0.51094,0.0123979
N9964|8985|0.69371,N9957|8145|4.00704,0.0116233
N9861|14909|0.467325,N9867|2262|0.771963,0.0108354
N9861|14909|0.467325,N9875|10138|0.143738,0.00927435
N9861|14909|0.467325,N9870|10159|0.43556,0.0131736
N9861|14909|0.467325,N9857|12874|2.319649,0.0100442
N9861|14909|0.467325,N9855|6001|0.173178,0.0108264
N9861|14909|0.467325,N9874|11501|0.244614,0.00850001
N9861|14909|0.467325,N9858|7228|0.829383,0.00771734
N9861|14909|0.467325,N9860|3015|1.032278,0.0100564
N9861|14909|0.467325,N9854|5220|2.64087,0.0123941
N12518|9895|2.414444,N12504|8693|0.601243,0.0147725
N12518|9895|2.414444,N12519|10480|2.16617,0.00153793
N12518|9895|2.414444,N12550|8083|0.027918,0.0124174
N12518|9895|2.414444,N12588|14367|1.187912,0.0139842
N12518|9895|2.414444,N12554|10454|0.637343,0.0124104
N12518|9895|2.414444,N12534|12395|1.442349,0.0139942
N12518|9895|2.414444,N12569|10700|0.180908,0.0147698
N12518|9895|2.414444,N12497|5875|0.074333,0.0123941
N12518|9895|2.414444,N12513|6383|0.180784,0.0147793
N12518|9895|2.414444,N12480|6588|1.156968,0.0147502
N12518|9895|2.414444,N12517|2545|1.034848,0.00230529
N12518|9895|2.414444,N12529|4469|3.56161,0.0147846
N8685|8382|2.471957,N8679|11931|0.669346,0.0108196
N8685|8382|2.471957,N8686|3829|3.228244,0.0108266
N8685|8382|2.471957,N8687|12321|2.324755,0.0123861
N9389|13321|2.01369,N9384|9009|1.313177,0.00849306
N8685|8382|2.471957,N8691|3049|1.408434,0.0139641
N9389|13321|2.01369,N9380|13987|0.013952,0.0061611
N7818|6911|2.305082,N7826|10571|1.21748,0.0124013
N9389|13321|2.01369,N9386|13312|1.083904,0.0100443
N7818|6911|2.305082,N7819|13882|1.436249,0.0139609
N7818|6911|2.305082,N7814|5279|0.380088,0.0116082
N9389|13321|2.01369,N9393|2307|0.682241,0.0147497
N9389|13321|2.01369,N9359|13859|0.138749,0.0123848
N9389|13321|2.01369,N9368|5528|1.847757,0.0147333
N9389|13321|2.01369,N9385|1958|3.873197,0.0084904
N9389|13321|2.01369,N9390|2933|0.66356,0.0131583
N10954|13460|1.890539,N10956|1788|0.24422,0.00616737
N9389|13321|2.01369,N9382|3614|0.131365,0.00693818
N9389|13321|2.01369,N9381|3359|1.575732,0.00926649
N9389|13321|2.01369,N9370|6191|0.044663,0.0139544
N9389|13321|2.01369,N9388|7990|6.867605,0.00771329
N9389|13321|2.01369,N9358|15303|1.043357,0.0131715
N9083|8922|3.647267,N9089|7407|0.673672,0.0116257
N9083|8922|3.647267,N9092|7977|0.640735,0.013187
N9083|8922|3.647267,N9078|11705|0.814549,0.0139646
N9083|8922|3.647267,N9071|9717|1.854277,0.0116218
N9083|8922|3.647267,N9080|9415|4.226647,0.00849273
N9083|8922|3.647267,N9061|11039|0.602917,0.0131869
N9083|8922|3.647267,N9085|3354|5.903963,0.0077133
N9083|8922|3.647267,N9091|13968|0.501484,0.0131782
N8180|1655|1.115515,N8189|11388|1.488916,0.0131746
N8180|1655|1.115515,N8205|11108|3.60963,0.0147732
N9083|8922|3.647267,N9077|2409|0.356179,0.013175
N9083|8922|3.647267,N9081|8706|1.386561,0.0053899
N8180|1655|1.115515,N8179|5845|2.87042,0.0100606
N9083|8922|3.647267,N9072|4235|1.055492,0.0100516
N8180|1655|1.115515,N8178|6829|5.024306,0.0116109
N8180|1655|1.115515,N8200|14143|0.460304,0.01474
N9083|8922|3.647267,N9082|6397|0.367536,0.00384655
N9083|8922|3.647267,N9086|13394|0.878173,0.0124076
N8180|1655|1.115515,N8206|5109|0.82291,0.0148091
N8180|1655|1.115515,N8174|6184|1.425553,0.0139468
N8180|1655|1.115515,N8203|11050|0.018259,0.0124098
N8238|14320|0.980953,N8237|2182|0.011431,0.00461621
N9083|8922|3.647267,N9060|5017|1.651897,0.0139675
N9083|8922|3.647267,N9079|12702|0.242011,0.0139784
N9083|8922|3.647267,N9070|12994|1.368415,0.0131833
N9083|8922|3.647267,N9066|8542|2.20717,0.0132172
N9083|8922|3.647267,N9059|3952|0.117079,0.0124103
N8238|14320|0.980953,N8240|6200|0.610919,0.0116342
N9083|8922|3.647267,N9090|5865|0.111667,0.0100566
N9083|8922|3.647267,N9069|8647|2.490183,0.0131875
N9083|8922|3.647267,N9075|13959|2.641422,0.0131833
N9083|8922|3.647267,N9074|12197|2.750243,0.0139527
N7987|8869|4.267358,N7985|11817|0.231441,0.0147204
N10082|5613|2.048412,N10083|10662|0.54533,0.00849052
N10082|5613|2.048412,N10088|8467|3.918434,0.0131868
N10082|5613|2.048412,N10061|3384|0.179959,0.0123981
N9415|14072|0.141996,N9427|4536|1.243345,0.00849627
N9415|14072|0.141996,N9407|10014|2.87042,0.0116152
N9415|14072|0.141996,N9406|9757|1.246202,0.00926975
N10082|5613|2.048412,N10087|7836|0.189476,0.0124088
N10082|5613|2.048412,N10076|15281|0.628564,0.01005
N9415|14072|0.141996,N9400|10181|1.115884,0.0147399
N10082|5613|2.048412,N10081|3877|1.475931,0.00771152
N10082|5613|2.048412,N10057|13681|0.686815,0.0139618
N8341|7203|0.555715,N8325|3657|1.26967,0.0131746
N9415|14072|0.141996,N9402|14702|1.463795,0.0108353
N9415|14072|0.141996,N9422|9014|1.448228,0.00849033
N9415|14072|0.141996,N9397|14957|1.010538,0.0139641
N9415|14072|0.141996,N9418|11659|0.082455,0.00616621
N9415|14072|0.141996,N9408|9665|0.673645,0.0131859
N9415|14072|0.141996,N9423|6527|0.148587,0.00694096
N9415|14072|0.141996,N9398|2413|1.127416,0.0108354
N9415|14072|0.141996,N9394|7196|2.769976,0.0139776
N9415|14072|0.141996,N9416|3982|2.127591,0.00694069
N9415|14072|0.141996,N9359|13859|0.138749,0.0139805
N9415|14072|0.141996,N9429|6293|0.044463,0.00539065
N9415|14072|0.141996,N9368|5528|1.847757,0.0147716
N8341|7203|0.555715,N8324|10337|0.580733,0.0116041
N8341|7203|0.555715,N8331|13917|0.106613,0.013186
N9415|14072|0.141996,N9419|8042|1.209773,0.00849275
N9415|14072|0.141996,N9432|6316|2.40081,0.0123908
N9415|14072|0.141996,N9420|3100|3.388402,0.00926979
N9415|14072|0.141996,N9413|7854|2.302913,0.00307482
N9415|14072|0.141996,N9370|6191|0.044663,0.0139938
N9415|14072|0.141996,N9411|12961|0.776325,0.0100584
N9415|14072|0.141996,N9414|3729|3.038117,0.00307623
N9415|14072|0.141996,N9405|11433|2.621768,0.0123978
N9415|14072|0.141996,N9433|9770|1.952284,0.013194
N9415|14072|0.141996,N9426|2312|2.112556,0.0116139
N9415|14072|0.141996,N9417|14062|0.337818,0.00616621
N9415|14072|0.141996,N9425|10731|0.354384,0.00772721
N9415|14072|0.141996,N9358|15303|1.043357,0.0147631
N9415|14072|0.141996,N9399|10757|3.06532,0.0124134
N9415|14072|0.141996,N9404|11969|0.138192,0.0100412
N9415|14072|0.141996,N9410|13851|2.199643,0.0124101
N9383|2480|11.357823,N9384|9009|1.313177,0.0100574
N7247|8006|0.155368,N7243|13845|6.779431,0.0108171
N9383|2480|11.357823,N9380|13987|0.013952,0.0124074
N9383|2480|11.357823,N9386|13312|1.083904,0.0116152
N7247|8006|0.155368,N7248|6507|2.903563,0.00384627
N7247|8006|0.155368,N7246|1982|0.640787,0.00694115
N9383|2480|11.357823,N9385|1958|3.873197,0.0100566
N9383|2480|11.357823,N9382|3614|0.131365,0.0131921
N11516|14668|1.331577,N11511|14313|1.639862,0.0139656
N11516|14668|1.331577,N11553|8000|0.589907,0.0131904
N11516|14668|1.331577,N11522|6810|0.157009,0.0084905
N11516|14668|1.331577,N11527|3922|0.260128,0.00926993
N11035|11762|2.842885,N11036|4167|1.631939,0.00384398
N11516|14668|1.331577,N11512|5617|0.436129,0.00926443
N11516|14668|1.331577,N11544|14963|1.302651,0.0147477
N11516|14668|1.331577,N11523|10366|1.727276,0.0147501
N11516|14668|1.331577,N11514|14680|2.221141,0.0139744
N11516|14668|1.331577,N11513|14873|1.613532,0.00927553
N11516|14668|1.331577,N11521|2839|0.149121,0.0061663
N11516|14668|1.331577,N11507|6607|1.978532,0.0108325
N11516|14668|1.331577,N11556|10035|3.080027,0.0131834
N11516|14668|1.331577,N11519|4528|1.340794,0.0116072
N11035|11762|2.842885,N11031|10429|0.063655,0.0131613
N11516|14668|1.331577,N11506|3269|1.611056,0.0116156
N11035|11762|2.842885,N11034|10822|0.322623,0.00461624
N11516|14668|1.331577,N11520|7771|1.551812,0.0139816
N11516|14668|1.331577,N11517|12445|9.348798,0.00928483
N11516|14668|1.331577,N11549|2223|0.51089,0.0131833
N11729|11774|0.076808,N11715|9563|3.299773,0.0147495
N11516|14668|1.331577,N11546|4490|1.028815,0.0147478
N11516|14668|1.331577,N11524|6585|0.421476,0.00926706
N11516|14668|1.331577,N11558|4971|0.648042,0.0139862
N11516|14668|1.331577,N11539|11393|0.198572,0.0139909
N11516|14668|1.331577,N11528|1503|1.918436,0.0139528
N11729|11774|0.076808,N11727|3472|0.293825,0.0100518
N11516|14668|1.331577,N11509|7537|0.30586,0.00771821
N7383|14512|0.16135,N7375|12172|2.42398,0.0124409
N11516|14668|1.331577,N11536|8711|0.193032,0.0139788
N11516|14668|1.331577,N11525|1465|2.743465,0.0131944
N11516|14668|1.331577,N11526|15011|1.043239,0.00927557
N11516|14668|1.331577,N11529|10443|1.930225,0.0108401
N7383|14512|0.16135,N7423|1585|0.671532,0.0147586
N11516|14668|1.331577,N11552|14034|0.499465,0.0124138
N11516|14668|1.331577,N11555|3021|1.953023,0.0147592
N11516|14668|1.331577,N11515|7523|2.271195,0.011626
N7383|14512|0.16135,N7380|1923|4.353238,0.0132375
N12484|1730|3.335019,N12502|12993|0.028039,0.0116214
N12484|1730|3.335019,N12499|6146|0.539863,0.0139723
N12484|1730|3.335019,N12485|3996|0.147552,0.0131921
N12484|1730|3.335019,N12490|9625|0.023124,0.0123978
N8237|2182|0.011431,N8234|9459|5.440515,0.013956
N8237|2182|0.011431,N8251|4438|0.010981,0.014778
N12484|1730|3.335019,N12498|9476|0.063085,0.0116108
N12484|1730|3.335019,N12488|12101|1.121635,0.0131952
N8237|2182|0.011431,N8240|6200|0.610919,0.00850013
N12484|1730|3.335019,N12508|14807|0.41106,0.0131896
N12484|1730|3.335019,N12482|15143|0.193936,0.0092743
N10000|3571|1.200374,N9997|9473|1.575147,0.0148101
N12484|1730|3.335019,N12504|8693|0.601243,0.0139693
N12484|1730|3.335019,N12492|6139|1.973109,0.0147582
N12484|1730|3.335019,N12500|10430|1.273377,0.0131748
N10000|3571|1.200374,N9998|13481|1.227033,0.00539066
N12484|1730|3.335019,N12497|5875|0.074333,0.0116109
N12484|1730|3.335019,N12483|3059|1.085798,0.00770876
N11511|14313|1.639862,N11522|6810|0.157009,0.0131753
N11511|14313|1.639862,N11527|3922|0.260128,0.0139619
N11511|14313|1.639862,N11512|5617|0.436129,0.00462372
N11511|14313|1.639862,N11513|14873|1.613532,0.0139656
N11511|14313|1.639862,N11521|2839|0.149121,0.0108326
N11511|14313|1.639862,N11507|6607|1.978532,0.0124081
N11511|14313|1.639862,N11524|6585|0.421476,0.0139548
N10774|2754|1.843436,N10777|13496|4.921456,0.0139853
N10774|2754|1.843436,N10775|11383|6.78245,0.0139558
N11511|14313|1.639862,N11509|7537|0.30586,0.0077241
N11511|14313|1.639862,N11526|15011|1.043239,0.01397
N10774|2754|1.843436,N10771|8878|0.498584,0.0132348
N13058|11167|1.17044,N13052|14348|1.81875,0.0124096
N13058|11167|1.17044,N13026|9197|0.544685,0.0147574
N13058|11167|1.17044,N13053|4954|0.008268,0.00695606
N13058|11167|1.17044,N13031|1964|2.547926,0.0131838
N13058|11167|1.17044,N13071|4238|1.966479,0.0147501
N13058|11167|1.17044,N13061|14477|9.561084,0.0116405
N13058|11167|1.17044,N13046|7586|0.27506,0.0100605
N13058|11167|1.17044,N13023|9255|2.431417,0.0147673
N9302|6164|0.814606,N9299|2894|2.97928,0.0116081
N10090|3024|3.711051,N10061|3384|0.179959,0.0147507
N9545|14554|0.055512,N9556|9833|0.170127,0.013943
N9545|14554|0.055512,N9531|13427|0.792391,0.0131508
N9545|14554|0.055512,N9543|7007|0.278912,0.0139419
N12955|13174|0.357512,N12959|8746|0.330462,0.00770668
N12955|13174|0.357512,N12960|14118|2.91166,0.00615824
N9545|14554|0.055512,N9485|2254|0.457235,0.0147269
N9545|14554|0.055512,N9548|7991|5.5698,0.0077062
N9545|14554|0.055512,N9493|8379|0.638868,0.0147548
N12955|13174|0.357512,N12957|3908|1.355432,0.00694606
N12955|13174|0.357512,N12956|11123|9.085021,0.00694783
N9545|14554|0.055512,N9553|9058|1.067382,0.0123864
N9545|14554|0.055512,N9481|6058|1.683084,0.0139393
N9545|14554|0.055512,N9538|7781|2.32725,0.0147246
N9545|14554|0.055512,N9533|4010|0.908495,0.0131506
N9545|14554|0.055512,N9525|10317|1.701035,0.0115889
N9545|14554|0.055512,N9482|2701|0.778378,0.0139487
N10230|14806|0.229795,N10239|14223|0.730288,0.0132085
N10230|14806|0.229795,N10232|14736|2.171854,0.00773961
N10230|14806|0.229795,N10240|3543|0.53474,0.0131942
N9545|14554|0.055512,N9552|6778|1.175407,0.0123974
N9545|14554|0.055512,N9547|8895|1.918115,0.00693376
N9545|14554|0.055512,N9546|9791|1.415917,0.00693374
N9545|14554|0.055512,N9555|11655|0.457878,0.0131633
N9545|14554|0.055512,N9541|9315|2.046275,0.0131569
N9545|14554|0.055512,N9557|3452|1.915897,0.0147222
N9545|14554|0.055512,N9542|13337|0.791992,0.00847803
N10230|14806|0.229795,N10235|1812|3.471862,0.00385008
N9545|14554|0.055512,N9491|12440|0.015674,0.0131814
N9545|14554|0.055512,N9539|6002|0.511961,0.0139407
N9545|14554|0.055512,N9484|8231|2.243047,0.0131514
N9545|14554|0.055512,N9486|1956|0.766508,0.0123804
N9545|14554|0.055512,N9549|15218|1.855956,0.0061582
N10291|8925|0.035284,N10303|3707|2.270653,0.0100503
N10291|8925|0.035284,N10342|10555|0.187188,0.0147312
N10291|8925|0.035284,N10290|12498|1.530341,0.00307297
N10291|8925|0.035284,N10305|5632|1.383602,0.0108365
N10291|8925|0.035284,N10310|2189|2.163687,0.0100391
N10291|8925|0.035284,N10322|14137|1.531451,0.0139526
N10291|8925|0.035284,N10292|13316|0.436738,0.00539483
N10291|8925|0.035284,N10323|6376|0.815691,0.0116027
N10291|8925|0.035284,N10293|1501|5.525746,0.0100501
N10291|8925|0.035284,N10301|14140|0.237663,0.00849152
N10291|8925|0.035284,N10309|9762|0.882892,0.0100766
N10291|8925|0.035284,N10298|7700|1.966895,0.0100359
N10291|8925|0.035284,N10340|4232|1.303956,0.0139607
N10291|8925|0.035284,N10201|9651|0.207264,0.0147498
N10291|8925|0.035284,N10295|1976|0.696104,0.00770577
N10291|8925|0.035284,N10306|5814|2.442278,0.0116069
N10291|8925|0.035284,N10308|7071|0.582151,0.00693769
N10291|8925|0.035284,N10307|14002|0.117948,0.00771316
N10291|8925|0.035284,N10313|9230|1.208993,0.0100412
N10291|8925|0.035284,N10339|3305|1.988433,0.0147398
N10291|8925|0.035284,N10326|9873|2.510876,0.0131646
N10291|8925|0.035284,N10325|4335|2.758753,0.0131645
N10291|8925|0.035284,N10316|9769|0.632086,0.0131746
N10291|8925|0.035284,N10331|14268|0.255619,0.0131746
N10291|8925|0.035284,N10314|1679|0.052918,0.008493
N7550|5584|0.066803,N7556|6176|0.951097,0.0124105
N10291|8925|0.035284,N10317|11010|1.250049,0.0139714
N7550|5584|0.066803,N7555|11252|0.72638,0.0108479
N10291|8925|0.035284,N10320|2151|2.016699,0.0147393
N10291|8925|0.035284,N10329|13495|2.243571,0.0123815
N10291|8925|0.035284,N10299|10444|2.378877,0.0116027
N10291|8925|0.035284,N10315|6133|1.421078,0.0108322
N12699|11150|7.190649,N12704|5082|0.077263,0.0116141
N7816|3703|4.828311,N7824|13877|4.431147,0.0139668
N12699|11150|7.190649,N12698|2168|0.184657,0.0124058
N7816|3703|4.828311,N7820|13775|2.573905,0.0147474
N12699|11150|7.190649,N12703|7544|2.064741,0.0100759
N7816|3703|4.828311,N7815|11573|0.022539,0.00848043
N12699|11150|7.190649,N12696|6059|0.392814,0.0124176
N7816|3703|4.828311,N7829|7474|0.01916,0.00926634
N7816|3703|4.828311,N7830|15131|1.945989,0.0147248
N7816|3703|4.828311,N7822|9360|0.510657,0.0108263
N7816|3703|4.828311,N7818|6911|2.305082,0.0147474
N7816|3703|4.828311,N7826|10571|1.21748,0.00849132
N7816|3703|4.828311,N7831|7277|0.377138,0.0147451
N7816|3703|4.828311,N7819|13882|1.436249,0.0116023
N7816|3703|4.828311,N7814|5279|0.380088,0.00926057
N7957|5133|2.437222,N7956|5213|0.684995,0.00694776
N7816|3703|4.828311,N7832|9416|0.759916,0.0131568
N7816|3703|4.828311,N7813|11090|0.345574,0.013161
N7816|3703|4.828311,N7825|10194|4.905259,0.0139613
N11524|6585|0.421476,N11558|4971|0.648042,0.0124019
N11524|6585|0.421476,N11539|11393|0.198572,0.0124173
N11524|6585|0.421476,N11528|1503|1.918436,0.0123779
N11524|6585|0.421476,N11518|4201|1.298602,0.0147887
N11524|6585|0.421476,N11509|7537|0.30586,0.00771091
N11524|6585|0.421476,N11536|8711|0.193032,0.0124033
N11524|6585|0.421476,N11525|1465|2.743465,0.0100499
N11524|6585|0.421476,N11526|15011|1.043239,0.00616185
N11524|6585|0.421476,N11529|10443|1.930225,0.00926995
N11524|6585|0.421476,N11543|4427|0.832731,0.0139545
N11524|6585|0.421476,N11552|14034|0.499465,0.0108357
N11524|6585|0.421476,N11555|3021|1.953023,0.0131752
N11524|6585|0.421476,N11515|7523|2.271195,0.0131752
N11797|9811|2.536506,N11795|11647|0.638361,0.00230456
N11797|9811|2.536506,N11796|14497|1.160662,0.00539081
N11797|9811|2.536506,N11821|8630|1.302247,0.0139804
N11797|9811|2.536506,N11832|5076|0.375143,0.0108471
N11797|9811|2.536506,N11818|14577|0.522973,0.0139804
N11797|9811|2.536506,N11845|7795|0.316845,0.010859
N11797|9811|2.536506,N11833|10670|4.114445,0.0147915
N11797|9811|2.536506,N11810|3510|0.371168,0.0132611
N11797|9811|2.536506,N11826|10781|1.093903,0.0131938
N11797|9811|2.536506,N11835|1559|2.226693,0.0148111
N11797|9811|2.536506,N11805|9530|2.079066,0.0108745
N11797|9811|2.536506,N11824|12275|0.381059,0.0147583
N11797|9811|2.536506,N11799|11006|0.930139,0.00230456
N11797|9811|2.536506,N11812|8304|1.873095,0.0132047
N11797|9811|2.536506,N11801|13264|1.168057,0.00771877
N11797|9811|2.536506,N11844|10359|0.208095,0.0116353
N11264|5096|0.053029,N11267|7197|1.086047,0.0108467
N11264|5096|0.053029,N11270|7155|1.685967,0.00771747
N11264|5096|0.053029,N11261|3110|0.877249,0.0092776
N7265|2369|4.148335,N7262|2821|1.430439,0.0147444
N11264|5096|0.053029,N11269|14899|0.38981,0.0124018
N11264|5096|0.053029,N11278|7842|1.936678,0.0108489
N10099|1569|1.25766,N10105|6840|2.06747,0.014721
N11264|5096|0.053029,N11263|9326|0.863094,0.00539666
N11264|5096|0.053029,N11268|1588|0.835826,0.0116259
N11264|5096|0.053029,N11272|7605|0.463027,0.00616924
N12196|5208|2.339095,N12195|11376|0.590085,0.0053867
N11264|5096|0.053029,N11279|13880|0.575043,0.0124056
N11264|5096|0.053029,N11265|11932|2.622816,0.0100567
N11264|5096|0.053029,N11276|2917|0.721746,0.0116251
N11264|5096|0.053029,N11274|11186|2.075797,0.0131943
N10382|8430|1.738672,N10381|6615|3.480243,0.00538674
N10382|8430|1.738672,N10378|5783|3.546923,0.0108312
N11065|4475|0.303463,N11071|4197|0.05893,0.0148415
N12819|6009|0.132923,N12840|8247|1.106403,0.0131684
N12819|6009|0.132923,N12834|6657|0.028154,0.0116068
N10382|8430|1.738672,N10379|8555|1.286615,0.00848652
N12819|6009|0.132923,N12842|5983|3.233808,0.0147395
N10382|8430|1.738672,N10383|2736|1.774963,0.0116259
N12819|6009|0.132923,N12812|2089|1.926513,0.0147555
N12136|2142|2.842008,N12134|8999|1.239384,0.00926413
N12136|2142|2.842008,N12142|11873|0.070284,0.0139795
N12136|2142|2.842008,N12137|7572|4.235254,0.0116213
N12136|2142|2.842008,N12139|3882|0.80361,0.00928615
N12136|2142|2.842008,N12140|2962|4.443683,0.0123936
N7351|3695|4.099675,N7352|7772|0.679227,0.0139561
N12987|13617|0.236659,N12992|10856|1.925319,0.00771188
N12987|13617|0.236659,N12975|8764|3.432604,0.0147633
N7351|3695|4.099675,N7354|10999|1.862225,0.0139611
N12987|13617|0.236659,N12986|8658|4.09695,0.00849132
N12987|13617|0.236659,N12984|4889|4.234202,0.0139951
N12987|13617|0.236659,N12997|12399|1.005863,0.0100579
N12987|13617|0.236659,N12977|12673|1.17305,0.00693909
N12134|8999|1.239384,N12142|11873|0.070284,0.012401
N12134|8999|1.239384,N12137|7572|4.235254,0.010058
N12134|8999|1.239384,N12139|3882|0.80361,0.00771789
N12134|8999|1.239384,N12140|2962|4.443683,0.01082
N10632|10847|1.450677,N10631|13233|24.07488,0.011604
N10632|10847|1.450677,N10622|14614|0.695684,0.0131918
N10632|10847|1.450677,N10626|6764|3.152586,0.00616619
N10632|10847|1.450677,N10618|9001|1.311133,0.0123897
N10632|10847|1.450677,N10630|8573|2.446351,0.00926547
N10632|10847|1.450677,N10617|1484|0.971207,0.0139524
N10632|10847|1.450677,N10628|2577|2.461987,0.00384524
N10632|10847|1.450677,N10675|4253|0.455043,0.0147575
N10632|10847|1.450677,N10627|12509|0.164316,0.00153689
N10632|10847|1.450677,N10636|2090|2.270114,0.0147899
N10632|10847|1.450677,N10602|3429|0.531763,0.0131839
N10632|10847|1.450677,N10619|11456|0.541607,0.0139691
N9552|6778|1.175407,N9513|10514|1.389128,0.0147586
N9552|6778|1.175407,N9536|5834|0.684354,0.0148085
N9552|6778|1.175407,N9478|1850|0.516272,0.0147716
N9552|6778|1.175407,N9547|8895|1.918115,0.0132007
N9552|6778|1.175407,N9546|9791|1.415917,0.0132002
N9552|6778|1.175407,N9500|2227|1.218307,0.0147536
N9552|6778|1.175407,N9555|11655|0.457878,0.00384522
N9552|6778|1.175407,N9541|9315|2.046275,0.0124467
N9552|6778|1.175407,N9557|3452|1.915897,0.00538673
N9552|6778|1.175407,N9542|13337|0.791992,0.00851633
N9552|6778|1.175407,N9491|12440|0.015674,0.0116216
N9552|6778|1.175407,N9511|4037|0.11695,0.0139614
N9552|6778|1.175407,N9539|6002|0.511961,0.0124242
N9552|6778|1.175407,N9480|5579|1.075498,0.0132008
N9552|6778|1.175407,N9484|8231|2.243047,0.0123962
N9552|6778|1.175407,N9508|3512|0.122202,0.0139466
N9552|6778|1.175407,N9486|1956|0.766508,0.0116215
N9552|6778|1.175407,N9507|10649|0.049628,0.0139558
N9552|6778|1.175407,N9554|2448|2.434905,0.00694617
N9552|6778|1.175407,N9549|15218|1.855956,0.0124099
N10632|10847|1.450677,N10625|13586|0.460411,0.0100571
N10632|10847|1.450677,N10623|9838|0.506739,0.01477
N10632|10847|1.450677,N10634|13278|4.636117,0.0147623
N10632|10847|1.450677,N10637|10049|1.079549,0.0100738
N10631|13233|24.07488,N10626|6764|3.152586,0.0147398
N7655|8004|5.698003,N7659|1712|0.576773,0.0100616
N10631|13233|24.07488,N10628|2577|2.461987,0.0139496
N7655|8004|5.698003,N7656|10953|1.479323,0.0100503
N10631|13233|24.07488,N10627|12509|0.164316,0.011604
N12150|4941|0.104112,N12152|9135|0.239371,0.0147393
N12150|4941|0.104112,N12148|1856|2.127765,0.0108263
N9802|4017|0.006262,N9800|3275|1.637768,0.00384399
N9802|4017|0.006262,N9803|3774|0.581018,0
N9802|4017|0.006262,N9801|13690|0.148092,0.00384399
N8983|5298|0.544571,N8992|7299|0.629267,0.0148089
N8983|5298|0.544571,N8994|15030|1.499435,0.0139724
N8983|5298|0.544571,N8989|13200|5.817664,0.0147258
N8983|5298|0.544571,N8984|2348|0.618311,0.000767363
N8983|5298|0.544571,N8987|7595|0.730486,0.00850001
N8983|5298|0.544571,N8986|6334|0.501322,0.00927436
N8983|5298|0.544571,N8982|12416|0.081628,0.00230452
N8983|5298|0.544571,N8990|2078|0.796041,0.00771916
N8171|5073|1.245271,N8225|6341|1.02579,0.0147394
N10043|4898|1.58554,N10024|11221|2.732505,0.0148319
N8171|5073|1.245271,N8213|3840|0.621532,0.0147205
N8171|5073|1.245271,N8187|2376|1.130316,0.014744
N8171|5073|1.245271,N8222|13876|2.129401,0.0147292
N8171|5073|1.245271,N8173|12513|1.810112,0.0077132
N9755|10766|2.735048,N9753|11007|1.439481,0.00926083
N8171|5073|1.245271,N8176|6430|0.414331,0.013956
N8171|5073|1.245271,N8172|14128|2.184422,0.0108314
N9755|10766|2.735048,N9749|4008|1.232941,0.0139692
N8171|5073|1.245271,N8188|1643|3.838888,0.0123848
N8171|5073|1.245271,N8186|2195|0.728828,0.0139544
N9755|10766|2.735048,N9756|14594|0.546742,0.00851242
N8171|5073|1.245271,N8231|2022|0.183436,0.012424
N11629|7052|1.18082,N11637|13977|0.394042,0.0123978
N8171|5073|1.245271,N8226|13829|0.208442,0.0131765
N8171|5073|1.245271,N8189|11388|1.488916,0.013157
N11629|7052|1.18082,N11635|7975|0.702985,0.0116243
N11629|7052|1.18082,N11636|3750|0.574522,0.0131881
N11629|7052|1.18082,N11634|11288|0.334484,0.0108594
N11629|7052|1.18082,N11630|1763|1.271438,0.0124246
N8171|5073|1.245271,N8230|11367|1.090861,0.0108588
N8171|5073|1.245271,N8200|14143|0.460304,0.014725
N8171|5073|1.245271,N8223|15199|0.150591,0.0131783
N8171|5073|1.245271,N8206|5109|0.82291,0.0147719
N8171|5073|1.245271,N8229|12704|0.376581,0.013961
N8171|5073|1.245271,N8203|11050|0.018259,0.0123874
N12401|14574|7.14286,N12404|14686|0.798995,0.0100566
N12401|14574|7.14286,N12402|13482|2.714748,0.0124059
N7426|3108|1.291881,N7454|2711|0.057998,0.0147575
N7426|3108|1.291881,N7450|4514|0.348837,0.0139784
N7426|3108|1.291881,N7451|13616|0.92384,0.0147393
N7426|3108|1.291881,N7439|8645|0.933322,0.0147774
N7426|3108|1.291881,N7445|3439|0.825649,0.0131831
N12714|10751|1.147907,N12704|5082|0.077263,0.0131674
N12714|10751|1.147907,N12713|9021|0.783928,0.0038452
N12714|10751|1.147907,N12698|2168|0.184657,0.0108247
N12714|10751|1.147907,N12696|6059|0.392814,0.0123902
N8781|8567|0.805335,N8780|13553|1.746524,0.000766731
N8781|8567|0.805335,N8787|10157|1.497753,0.00927633
N8781|8567|0.805335,N8782|2387|1.370877,0.00230291
N8781|8567|0.805335,N8785|10466|1.038498,0.00461512
N8781|8567|0.805335,N8784|1702|3.594054,0.00771824
N8781|8567|0.805335,N8778|15073|3.971629,0.00770667
N8781|8567|0.805335,N8779|10442|0.344821,0.00153501
N8781|8567|0.805335,N8786|14179|0.213573,0.0100613
N8781|8567|0.805335,N8783|12045|0.175354,0.00153463
N10532|12282|4.59853,N10536|5868|0.748762,0.00694607
N8996|12039|0.488413,N9000|2661|1.128144,0.0108663
N8996|12039|0.488413,N8998|14098|3.332041,0.00616936
N10532|12282|4.59853,N10542|1999|4.01676,0.0108353
N10532|12282|4.59853,N10541|2290|2.197935,0.00927363
N10532|12282|4.59853,N10535|12368|0.523269,0.00462616
N10532|12282|4.59853,N10531|13747|1.12443,0.0131865
N7640|6166|5.066258,N7647|13933|0.193721,0.0100569
N7640|6166|5.066258,N7638|8873|0.944734,0.00695556
N8996|12039|0.488413,N9002|8105|1.585076,0.0147506
N7640|6166|5.066258,N7644|8904|0.512647,0.00307624
N8996|12039|0.488413,N9012|7036|0.144812,0.014763
N8996|12039|0.488413,N9005|9621|0.184888,0.00928948
N8996|12039|0.488413,N8997|12760|0.707051,0.0038542
N12227|6097|1.698065,N12233|14714|1.905567,0.0140144
N11936|8272|0.365047,N11931|10185|1.121039,0.00849662
N11936|8272|0.365047,N11932|11896|0.454787,0.00617536
N11936|8272|0.365047,N11929|7509|1.103166,0.00928645
N11936|8272|0.365047,N11937|2822|2.502224,0.0100518
N11936|8272|0.365047,N11927|6594|5.927884,0.00770882
N12374|6986|2.417107,N12369|13497|0.468312,0.0139792
N7454|2711|0.057998,N7450|4514|0.348837,0.00384784
N7454|2711|0.057998,N7440|4221|1.427708,0.0100564
N7454|2711|0.057998,N7451|13616|0.92384,0.00461511
N7454|2711|0.057998,N7439|8645|0.933322,0.0092773
N7454|2711|0.057998,N7466|3451|0.070638,0.0147505
N7454|2711|0.057998,N7453|14226|3.199795,0.0023029
N11936|8272|0.365047,N11928|9652|0.075206,0.00616436
N7454|2711|0.057998,N7441|15268|1.890086,0.0108353
N7454|2711|0.057998,N7445|3439|0.825649,0.00307621
N12798|7091|2.52314,N12757|10477|0.075416,0.0131874
N12798|7091|2.52314,N12750|8342|0.943226,0.0123992
N12798|7091|2.52314,N12800|3339|0.55552,0.0100565
N12798|7091|2.52314,N12801|7832|1.540443,0.014754
N12798|7091|2.52314,N12796|8593|0.43714,0.0116139
N12798|7091|2.52314,N12799|7601|3.625467,0.0132167
N12798|7091|2.52314,N12759|12675|0.102362,0.0139607
N12798|7091|2.52314,N12770|5861|0.616059,0.0147623
N12798|7091|2.52314,N12751|14883|0.545789,0.0139694
N12798|7091|2.52314,N12756|2309|1.276595,0.0139652
N12798|7091|2.52314,N12755|12020|0.149553,0.0131874
N12798|7091|2.52314,N12803|2064|0.265817,0.0124031
N12798|7091|2.52314,N12795|4574|2.553366,0.0147621
N12798|7091|2.52314,N12805|7599|5.251764,0.0147475
N12798|7091|2.52314,N12802|8143|0.716222,0.0139749
N12798|7091|2.52314,N12797|2791|0.77827,0.00849655
N8334|11806|4.874931,N8331|13917|0.106613,0.011633
N12798|7091|2.52314,N12747|10085|0.02083,0.0131832
N12798|7091|2.52314,N12763|9214|0.250753,0.0147504
N12798|7091|2.52314,N12794|1915|0.264954,0.0139651
N12798|7091|2.52314,N12748|6117|1.604552,0.0131624
N9687|13749|0.749922,N9678|12787|1.343086,0.0108354
N9687|13749|0.749922,N9690|4764|2.189464,0.00461963
N9687|13749|0.749922,N9681|8984|0.687974,0.0100532
N9687|13749|0.749922,N9691|11061|1.064032,0.00076736
N9687|13749|0.749922,N9682|7940|1.808928,0.0116085
N10620|13105|0.988803,N10625|13586|0.460411,0.0147628
N9687|13749|0.749922,N9679|13209|1.647138,0.0108354
N12959|8746|0.330462,N12960|14118|2.91166,0.00461376
N9687|13749|0.749922,N9683|1797|0.131262,0.00307298
N9687|13749|0.749922,N9675|8632|0.033619,0.00926987
N9687|13749|0.749922,N9686|7587|6.338327,0.00385009
N9687|13749|0.749922,N9689|1644|1.081532,0.00307692
N12959|8746|0.330462,N12957|3908|1.355432,0.0100404
N12959|8746|0.330462,N12956|11123|9.085021,0.0100412
N12959|8746|0.330462,N12958|10720|7.505851,0.0116069
N9687|13749|0.749922,N9674|1606|0.378322,0.0131842
N9687|13749|0.749922,N9688|5711|1.910705,0.00385134
N9687|13749|0.749922,N9684|6273|0.64384,0.0053935
N9687|13749|0.749922,N9677|2452|3.425616,0.0147583
N9687|13749|0.749922,N9685|7705|1.114641,0.00307694
N10497|13820|2.040704,N10446|4176|0.534117,0.0147248
N10497|13820|2.040704,N10496|6203|0.037199,0.0030734
N10497|13820|2.040704,N10498|1409|2.998609,0.00694176
N10497|13820|2.040704,N10460|1800|0.07162,0.0147248
N10497|13820|2.040704,N10485|7680|2.958462,0.0147455
N10497|13820|2.040704,N10447|13406|0.157979,0.0139395
N10497|13820|2.040704,N10502|9692|3.366082,0.0116109
N10497|13820|2.040704,N10500|15192|0.972975,0.00771151
N10497|13820|2.040704,N10463|6162|0.183799,0.0139395
N9233|9309|0.624067,N9231|7133|1.834622,0.0100421
N8136|9622|3.642271,N8168|6876|0.395138,0.0108149
N10497|13820|2.040704,N10493|3189|0.684653,0.0123915
N8136|9622|3.642271,N8161|5815|2.657205,0.0139733
N8136|9622|3.642271,N8133|7958|2.065495,0.00927441
N8136|9622|3.642271,N8148|6205|0.019809,0.0147295
N8136|9622|3.642271,N8149|3784|0.221216,0.0139412
N10497|13820|2.040704,N10491|10314|2.891016,0.0123901
N8136|9622|3.642271,N8139|6836|1.288953,0.0139432
N10497|13820|2.040704,N10482|5922|0.535341,0.0123792
N8136|9622|3.642271,N8170|12462|1.287377,0.00770588
N8136|9622|3.642271,N8154|11693|1.349062,0.0123793
N8136|9622|3.642271,N8159|14322|1.114167,0.0116266
N8136|9622|3.642271,N8169|2006|2.061169,0.0139468
N8136|9622|3.642271,N8156|9303|2.047012,0.0123913
N10497|13820|2.040704,N10501|6935|3.339859,0.0116024
N10497|13820|2.040704,N10504|14885|0.410614,0.00770692
N8136|9622|3.642271,N8163|5056|0.324114,0.0108197
N10497|13820|2.040704,N10505|8617|0.171908,0.00848581
N10497|13820|2.040704,N10503|8171|1.286944,0.0100487
N11414|3240|3.710153,N11413|8686|1.389957,0.0139782
N8587|11550|8.798258,N8586|2351|0.429267,0.0139855
N11414|3240|3.710153,N11412|1935|0.128139,0.0139782
N9180|5001|3.375613,N9182|12799|2.199459,0.0116231
N11414|3240|3.710153,N11411|13952|0.296443,0.0147565
N9180|5001|3.375613,N9189|7492|1.163304,0.0139854
N12255|8455|5.011073,N12240|14756|0.109242,0.0131743
N12255|8455|5.011073,N12250|7818|1.862516,0.0108238
N12255|8455|5.011073,N12244|14164|0.633352,0.0116067
N12255|8455|5.011073,N12256|5110|1.787743,0.00926059
N8091|6232|0.813067,N8090|5485|0.952618,0.00849163
N8091|6232|0.813067,N8087|13268|0.069492,0.00615822
N8091|6232|0.813067,N8075|9102|0.980192,0.0116092
N8091|6232|0.813067,N8089|12579|1.42331,0.00693379
N12916|11011|1.748232,N12917|14969|1.632227,0.00927563
N12916|11011|1.748232,N12914|11168|0.355507,0.0139653
N8091|6232|0.813067,N8084|15213|0.362241,0.00847826
N8091|6232|0.813067,N8077|7225|1.930592,0.0100413
N12916|11011|1.748232,N12920|5874|3.240712,0.0139526
N8091|6232|0.813067,N8082|8867|2.053827,0.0131571
N8091|6232|0.813067,N8072|3618|3.874166,0.0139396
N8091|6232|0.813067,N8115|7316|3.675933,0.0139409
N12916|11011|1.748232,N12919|9151|0.917177,0.0139526
N8091|6232|0.813067,N8092|9654|0.063226,0.00461517
N10127|9599|0.325855,N10121|9339|3.613094,0.0147715
N10127|9599|0.325855,N10119|10803|0.316622,0.013978
N10127|9599|0.325855,N10105|6840|2.06747,0.0123875
N10127|9599|0.325855,N10061|3384|0.179959,0.0124235
N12916|11011|1.748232,N12915|11312|1.031759,0.00616118
N10127|9599|0.325855,N10110|10994|0.926104,0.0147889
N10127|9599|0.325855,N10057|13681|0.686815,0.0147715
N9638|2830|4.633574,N9643|3447|0.119031,0.0123981
N8669|4088|1.262664,N8670|11686|1.623364,0.00538983
N8669|4088|1.262664,N8674|9719|0.296966,0.0108353
N9638|2830|4.633574,N9640|14360|3.414417,0.0108324
N8669|4088|1.262664,N8672|2210|0.469018,0.0100495
N8669|4088|1.262664,N8673|13767|0.155844,0.00926643
N8669|4088|1.262664,N8675|12520|4.641865,0.0147503
N8669|4088|1.262664,N8678|10511|0.772648,0.0131746
N9638|2830|4.633574,N9639|12181|9.136207,0.0131625
N9638|2830|4.633574,N9637|2173|2.015081,0.0123994
N9638|2830|4.633574,N9644|7442|2.394774,0.0124137
N10303|3707|2.270653,N10342|10555|0.187188,0.0139524
N10303|3707|2.270653,N10290|12498|1.530341,0.0100496
N10303|3707|2.270653,N10305|5632|1.383602,0.00849304
N10303|3707|2.270653,N10310|2189|2.163687,0.00771144
N10303|3707|2.270653,N10302|3630|2.889233,0.0124057
N10303|3707|2.270653,N10322|14137|1.531451,0.0116108
N10303|3707|2.270653,N10292|13316|0.436738,0.01085
N10303|3707|2.270653,N10323|6376|0.815691,0.0108195
N10303|3707|2.270653,N10301|14140|0.237663,0.00461955
N12240|14756|0.109242,N12250|7818|1.862516,0.0100561
N12240|14756|0.109242,N12244|14164|0.633352,0.0092823
N10303|3707|2.270653,N10309|9762|0.882892,0.00772791
N10303|3707|2.270653,N10340|4232|1.303956,0.0131831
N12240|14756|0.109242,N12256|5110|1.787743,0.0131934
N10303|3707|2.270653,N10295|1976|0.696104,0.014729
N10303|3707|2.270653,N10306|5814|2.442278,0.00771324
N10303|3707|2.270653,N10308|7071|0.582151,0.00461396
N10303|3707|2.270653,N10307|14002|0.117948,0.00539059
N10303|3707|2.270653,N10313|9230|1.208993,0.00770628
N10303|3707|2.270653,N10339|3305|1.988433,0.0147504
N10303|3707|2.270653,N10326|9873|2.510876,0.0123872
N10303|3707|2.270653,N10325|4335|2.758753,0.0123871
N12824|13110|5.024155,N12840|8247|1.106403,0.0147773
N10303|3707|2.270653,N10316|9769|0.632086,0.0108352
N12824|13110|5.024155,N12834|6657|0.028154,0.0132081
N10303|3707|2.270653,N10324|6913|0.741067,0.013178
N10303|3707|2.270653,N10331|14268|0.255619,0.0123975
N10303|3707|2.270653,N10304|10827|0.144852,0.0147396
N10303|3707|2.270653,N10314|1679|0.052918,0.00616428
N10303|3707|2.270653,N10317|11010|1.250049,0.0116217
N10303|3707|2.270653,N10320|2151|2.016699,0.0123913
N10303|3707|2.270653,N10329|13495|2.243571,0.0116044
N11532|1790|5.236862,N11534|10703|0.757553,0.00615675
N10303|3707|2.270653,N10327|6676|3.397759,0.0147557
N10303|3707|2.270653,N10299|10444|2.378877,0.00771098
N11532|1790|5.236862,N11539|11393|0.198572,0.00927037
N10303|3707|2.270653,N10315|6133|1.421078,0.00849616
N11532|1790|5.236862,N11531|8005|0.409323,0.0108386
N7210|12525|1.833304,N7206|12900|6.295551,0.0147592
N7210|12525|1.833304,N7204|9474|2.871165,0.0123981
N7210|12525|1.833304,N7220|10570|1.082133,0.0100498
N11532|1790|5.236862,N11536|8711|0.193032,0.0108357
N7210|12525|1.833304,N7211|15134|1.061161,0.00927561
N7210|12525|1.833304,N7219|11468|0.060354,0.0100498
N10975|10794|2.249125,N10979|12278|3.152954,0.0108448
N10975|10794|2.249125,N10981|2731|0.266376,0.00927763
N10975|10794|2.249125,N10984|9782|0.397387,0.00926078
N7210|12525|1.833304,N7208|6016|1.626661,0.013962
N10975|10794|2.249125,N10973|10114|1.49298,0.00927558
N7210|12525|1.833304,N7202|9897|0.682279,0.0139529
N7210|12525|1.833304,N7203|6151|0.533891,0.0139619
N7210|12525|1.833304,N7218|5990|0.165218,0.013175
N7210|12525|1.833304,N7216|13402|0.665164,0.0116142
N7210|12525|1.833304,N7201|9260|0.113269,0.0139529
N7210|12525|1.833304,N7209|3424|0.568831,0.00928359
N7210|12525|1.833304,N7213|9538|0.153531,0.00927762
N9039|2447|3.443417,N9038|1696|3.392067,0.0108401
N9039|2447|3.443417,N9042|4508|0.255122,0.0147509
N10866|8307|0.180251,N10863|11717|0.110071,0.00694073
N10866|8307|0.180251,N10865|4434|0.263375,0.00461963
N10866|8307|0.180251,N10861|5057|0.720329,0.0100503
N8168|6876|0.395138,N8161|5815|2.657205,0.0124065
N9039|2447|3.443417,N9036|15289|0.836622,0.0116221
N8168|6876|0.395138,N8133|7958|2.065495,0.0139676
N8168|6876|0.395138,N8148|6205|0.019809,0.0131785
N8168|6876|0.395138,N8149|3784|0.221216,0.0123979
N8168|6876|0.395138,N8139|6836|1.288953,0.0100584
N8168|6876|0.395138,N8170|12462|1.287377,0.00616112
N8168|6876|0.395138,N8142|5696|3.433193,0.0147906
N8168|6876|0.395138,N8155|8047|3.74703,0.0147906
N8168|6876|0.395138,N8154|11693|1.349062,0.010859
N8168|6876|0.395138,N8159|14322|1.114167,0.0100574
N8168|6876|0.395138,N8169|2006|2.061169,0.0124017
N8168|6876|0.395138,N8156|9303|2.047012,0.0108401
N8168|6876|0.395138,N8163|5056|0.324114,0.00929655
N9039|2447|3.443417,N9041|13663|0.42431,0.0108424
N9039|2447|3.443417,N9037|3151|0.565871,0.0131957
N8401|2796|0.289618,N8388|12848|0.591119,0.0131841
N8401|2796|0.289618,N8398|5357|2.267687,0.00926077
N8401|2796|0.289618,N8487|11714|0.291764,0.0147577
N8401|2796|0.289618,N8417|10222|0.841909,0.0116216
N8401|2796|0.289618,N8402|10039|2.824344,0.00307622
N10962|1814|4.269964,N10958|1433|0.14152,0.00461516
N8401|2796|0.289618,N8399|13119|0.525142,0.00849034
N8401|2796|0.289618,N8403|8341|0.096508,0.00616177
N8401|2796|0.289618,N8418|9465|1.98604,0.0139725
N10962|1814|4.269964,N10960|7475|6.143285,0.0123731
N10962|1814|4.269964,N10959|14583|1.798967,0.00616178
N10962|1814|4.269964,N10961|1854|3.770455,0.00771092
N10962|1814|4.269964,N10957|7904|0.350226,0.0108447
N7602|12012|1.025436,N7604|7734|1.196841,0.00771865
N7602|12012|1.025436,N7603|12566|1.558334,0.00384236
N7602|12012|1.025436,N7618|8594|1.069863,0.0116113
N7602|12012|1.025436,N7616|10188|1.521941,0.0116113
N7602|12012|1.025436,N7620|13891|0.667006,0.0123981
N10030|14882|5.482759,N10029|4856|2.66461,0.0139694
N7255|4944|0.47656,N7253|12457|4.157358,0.00461622
N7255|4944|0.47656,N7254|6299|0.918044,0.00230865
N7255|4944|0.47656,N7256|2634|6.571065,0.00926673
N7255|4944|0.47656,N7262|2821|1.430439,0.0100504
N8602|9185|4.229929,N8586|2351|0.429267,0.0139712
N8602|9185|4.229929,N8594|10280|0.478187,0.0147474
N8602|9185|4.229929,N8603|14859|1.315696,0.0100488
N8602|9185|4.229929,N8606|11109|4.121354,0.0139455
N8602|9185|4.229929,N8581|6371|0.050036,0.0132008
N8602|9185|4.229929,N8574|1551|0.966694,0.0147391
N8602|9185|4.229929,N8600|9314|0.056536,0.00694095
N10333|14636|5.977682,N10331|14268|0.255619,0.012424
N12135|9876|0.162953,N12138|2015|1.351504,0.0100698
N12135|9876|0.162953,N12141|15197|0.244514,0.00771721
N9022|10640|3.03345,N9019|1759|3.21172,0.0124479
N9022|10640|3.03345,N9018|7028|1.271107,0.0116718
N9022|10640|3.03345,N9020|4424|0.845904,0.0108972
N9022|10640|3.03345,N9023|13272|1.556355,0.0116503
N12135|9876|0.162953,N12136|2142|2.842008,0.00771303
N12135|9876|0.162953,N12134|8999|1.239384,0.00461632
N12135|9876|0.162953,N12142|11873|0.070284,0.0108395
N8023|7811|2.891869,N8022|12003|0.569686,0.0147535
N12135|9876|0.162953,N12137|7572|4.235254,0.00849988
N12135|9876|0.162953,N12139|3882|0.80361,0.00617305
N12135|9876|0.162953,N12140|2962|4.443683,0.00926679
N7498|3629|11.4344,N7497|9527|0.329804,0.0139944
N11707|13696|2.522154,N11696|6974|3.630097,0.0147592
N9537|8256|3.366746,N9538|7781|2.32725,0.00618497
N11707|13696|2.522154,N11705|2251|3.628118,0.0131904
N11707|13696|2.522154,N11704|4938|0.136408,0.0147593
N11707|13696|2.522154,N11714|12412|4.098774,0.0132044
N11707|13696|2.522154,N11711|5342|0.529197,0.0131905
N9537|8256|3.366746,N9536|5834|0.684354,0.00775273
N12504|8693|0.601243,N12519|10480|2.16617,0.0131875
N12504|8693|0.601243,N12550|8083|0.027918,0.0116138
N12504|8693|0.601243,N12489|10602|3.074326,0.0147674
N12504|8693|0.601243,N12588|14367|1.187912,0.0147475
N12504|8693|0.601243,N12491|14941|6.537729,0.0124367
N12504|8693|0.601243,N12492|6139|1.973109,0.00694071
N9537|8256|3.366746,N9539|6002|0.511961,0.00540445
N9537|8256|3.366746,N9540|4800|2.029471,0.01244
N12504|8693|0.601243,N12554|10454|0.637343,0.0108247
N12504|8693|0.601243,N12500|10430|1.273377,0.00540319
N12504|8693|0.601243,N12534|12395|1.442349,0.0131831
N12504|8693|0.601243,N12505|6802|1.904995,0.00693326
N12504|8693|0.601243,N12497|5875|0.074333,0.00384756
N12504|8693|0.601243,N12483|3059|1.085798,0.0116253
N12504|8693|0.601243,N12517|2545|1.034848,0.0139713
N12504|8693|0.601243,N12529|4469|3.56161,0.0139714
N12504|8693|0.601243,N12528|11921|2.139033,0.0139786
N12504|8693|0.601243,N12461|3483|0.725069,0.0147292
N12504|8693|0.601243,N12487|6538|4.703612,0.0131832
N12921|3423|2.388639,N12928|4964|0.725769,0.0139559
N10239|14223|0.730288,N10238|14027|7.405968,0.0108398
N10239|14223|0.730288,N10240|3543|0.53474,0.0139798
N12921|3423|2.388639,N12927|4477|1.2477,0.0123873
N11005|4474|0.118738,N11008|4530|4.301037,0.0147395
N11005|4474|0.118738,N11006|4660|3.082596,0.0116071
N10116|10026|2.262191,N10119|10803|0.316622,0.00693382
N10116|10026|2.262191,N10110|10994|0.926104,0.00850004
N11005|4474|0.118738,N11009|3420|5.450808,0.0147154
N8964|12791|3.012138,N8944|9132|1.394551,0.0147432
N8964|12791|3.012138,N8939|12608|0.033444,0.0108201
N8964|12791|3.012138,N8959|14483|1.615474,0.0108594
N8964|12791|3.012138,N8941|14203|1.307343,0.0123836
N8964|12791|3.012138,N8938|12763|3.197821,0.0147434
N8964|12791|3.012138,N8950|3981|2.040436,0.0123981
N8964|12791|3.012138,N8954|6672|0.444382,0.00848641
N9617|5939|4.322487,N9616|3066|0.855332,0.00926431
N8964|12791|3.012138,N8947|9745|0.337258,0.0131784
N8964|12791|3.012138,N8953|8503|3.426344,0.0100493
N8964|12791|3.012138,N8963|5098|2.636494,0.00693911
N8964|12791|3.012138,N8946|6380|0.862479,0.0131622
N8964|12791|3.012138,N8962|11889|1.067723,0.0069391
N7826|10571|1.21748,N7831|7277|0.377138,0.0108576
N8964|12791|3.012138,N8960|4831|0.445665,0.00771861
N7826|10571|1.21748,N7811|13428|1.645986,0.0116336
N7826|10571|1.21748,N7819|13882|1.436249,0.00772723
N7826|10571|1.21748,N7814|5279|0.380088,0.00539625
N8964|12791|3.012138,N8956|15297|1.548554,0.00693942
N8964|12791|3.012138,N8948|7351|0.152822,0.011607
N7826|10571|1.21748,N7832|9416|0.759916,0.00927359
N7826|10571|1.21748,N7813|11090|0.345574,0.00927431
N7826|10571|1.21748,N7823|5888|2.112182,0.0124241
N7826|10571|1.21748,N7825|10194|4.905259,0.00850416
N8964|12791|3.012138,N8942|9028|0.173101,0.0108247
N9041|13663|0.42431,N9017|9094|2.029675,0.0139562
N9041|13663|0.42431,N9054|10461|2.648133,0.0131749
N8964|12791|3.012138,N8957|5722|3.760041,0.00693383
N9041|13663|0.42431,N9037|3151|0.565871,0.00540458
N9041|13663|0.42431,N9049|10265|3.185581,0.0116215
N9623|3746|1.193829,N9626|10459|0.299921,0.0131951
N9041|13663|0.42431,N9033|6190|1.42565,0.0108315
N9041|13663|0.42431,N9048|5200|0.926094,0.0139781
N9041|13663|0.42431,N9051|3727|0.752761,0.0100575
N9041|13663|0.42431,N9019|1759|3.21172,0.0108169
N9041|13663|0.42431,N9012|7036|0.144812,0.0139617
N9041|13663|0.42431,N9040|9243|5.5331,0.00925952
N9041|13663|0.42431,N9005|9621|0.184888,0.0131751
N9041|13663|0.42431,N9018|7028|1.271107,0.0100413
N9041|13663|0.42431,N9020|4424|0.845904,0.0108335
N9041|13663|0.42431,N9026|1384|1.778624,0.0139808
N9623|3746|1.193829,N9620|6713|0.765805,0.00307483
N9623|3746|1.193829,N9618|9331|0.067306,0.00153793
N9623|3746|1.193829,N9622|6187|0.653961,0.00307483
N9623|3746|1.193829,N9619|13035|1.280624,0.00230599
N9041|13663|0.42431,N9023|13272|1.556355,0.013175
N11277|3094|1.405953,N11279|13880|0.575043,0.0123863
N11277|3094|1.405953,N11276|2917|0.721746,0.0100414
N11277|3094|1.405953,N11274|11186|2.075797,0.011596
N9623|3746|1.193829,N9614|3685|0.075811,0.0069461
N9623|3746|1.193829,N9624|10834|1.251999,0.00384521
N11277|3094|1.405953,N11287|1604|0.798294,0.0147142
N7202|9897|0.682279,N7197|10063|0.501954,0.0108449
N7202|9897|0.682279,N7218|5990|0.165218,0.0131559
N7202|9897|0.682279,N7201|9260|0.113269,0.00308247
N7202|9897|0.682279,N7200|14423|0.008304,0.0124101
N9623|3746|1.193829,N9632|13351|0.423463,0.0123996
N9623|3746|1.193829,N9630|14564|1.455377,0.0139545
N7202|9897|0.682279,N7209|3424|0.568831,0.0132064
N9623|3746|1.193829,N9621|8513|1.596386,0.00538676
N9253|2418|0.955279,N9260|6145|0.076925,0.0116095
N7202|9897|0.682279,N7213|9538|0.153531,0.0140082
N9253|2418|0.955279,N9277|9808|2.488212,0.0123913
N9253|2418|0.955279,N9278|8324|0.126293,0.0108332
N9253|2418|0.955279,N9280|1878|0.108319,0.0123874
N7197|10063|0.501954,N7196|3112|8.702187,0.0116202
N7197|10063|0.501954,N7201|9260|0.113269,0.010845
N7197|10063|0.501954,N7200|14423|0.008304,0.00616739
N9253|2418|0.955279,N9274|10577|0.532175,0.01479
N11674|6359|4.11301,N11673|5800|0.170139,0.00772376
N9253|2418|0.955279,N9259|8520|0.048263,0.0108335
N9253|2418|0.955279,N9256|2757|2.040753,0.0131737
N9253|2418|0.955279,N9257|6339|0.058928,0.0116208
N11674|6359|4.11301,N11679|11343|0.672931,0.0124019
N11674|6359|4.11301,N11681|13181|1.679551,0.0116155
N9253|2418|0.955279,N9268|8263|0.021383,0.0147717
N9253|2418|0.955279,N9255|14771|0.350205,0.0116208
N9253|2418|0.955279,N9281|5602|0.079699,0.011609
N11674|6359|4.11301,N11682|5969|0.745534,0.0139612
N11674|6359|4.11301,N11676|10604|3.072656,0.0100725
N11674|6359|4.11301,N11677|8271|1.234584,0.0100612
N9427|4536|1.243345,N9407|10014|2.87042,0.0124135
N9427|4536|1.243345,N9406|9757|1.246202,0.0100607
N9427|4536|1.243345,N9402|14702|1.463795,0.0116342
N9427|4536|1.243345,N9422|9014|1.448228,0.00927741
N9427|4536|1.243345,N9397|14957|1.010538,0.0147714
N9427|4536|1.243345,N9418|11659|0.082455,0.00694529
N9427|4536|1.243345,N9408|9665|0.673645,0.0139939
N9427|4536|1.243345,N9423|6527|0.148587,0.00772845
N9427|4536|1.243345,N9398|2413|1.127416,0.0116343
N9427|4536|1.243345,N9394|7196|2.769976,0.0147896
N9427|4536|1.243345,N9416|3982|2.127591,0.00772364
N9427|4536|1.243345,N9359|13859|0.138749,0.0147908
N9427|4536|1.243345,N9429|6293|0.044463,0.00307483
N11439|4031|5.949013,N11432|8564|1.106573,0.0108198
N11439|4031|5.949013,N11460|4546|1.523002,0.0132129
N11439|4031|5.949013,N11463|14878|1.463977,0.0139716
N9427|4536|1.243345,N9419|8042|1.209773,0.00928441
N9427|4536|1.243345,N9432|6316|2.40081,0.0100448
N9427|4536|1.243345,N9420|3100|3.388402,0.0100608
N11439|4031|5.949013,N11440|9498|2.349682,0.00928474
N11439|4031|5.949013,N11472|6578|0.483504,0.0108401
N9427|4536|1.243345,N9413|7854|2.302913,0.0100608
N11439|4031|5.949013,N11447|15071|0.379129,0.00927757
N11439|4031|5.949013,N11469|11377|1.277083,0.013194
N9427|4536|1.243345,N9370|6191|0.044663,0.0148088
N11439|4031|5.949013,N11471|13768|0.711381,0.0116155
N9427|4536|1.243345,N9411|12961|0.776325,0.010858
N11439|4031|5.949013,N11455|6968|3.156725,0.0131875
N9427|4536|1.243345,N9414|3729|3.038117,0.0100701
N9427|4536|1.243345,N9405|11433|2.621768,0.0131954
N11439|4031|5.949013,N11434|2008|6.10435,0.0116141
N9427|4536|1.243345,N9433|9770|1.952284,0.0139901
N11439|4031|5.949013,N11452|2698|0.399768,0.0100573
N11439|4031|5.949013,N11416|9551|0.424175,0.0147582
N11439|4031|5.949013,N11417|2611|2.032126,0.0124058
N9427|4536|1.243345,N9426|2312|2.112556,0.0123992
N9427|4536|1.243345,N9417|14062|0.337818,0.00694529
N9427|4536|1.243345,N9425|10731|0.354384,0.00850497
N9427|4536|1.243345,N9399|10757|3.06532,0.0132195
N9427|4536|1.243345,N9404|11969|0.138192,0.0108333
N9427|4536|1.243345,N9410|13851|2.199643,0.0132171
N11563|10056|0.209228,N11509|7537|0.30586,0.0147503
N11563|10056|0.209228,N11552|14034|0.499465,0.0139805
N7792|9946|0.224628,N7777|12890|0.95141,0.00926647
N7792|9946|0.224628,N7794|1492|0.202883,0.00307623
N7792|9946|0.224628,N7789|7892|0.064587,0.00618514
N7792|9946|0.224628,N7795|5061|2.843486,0.00694623
N7792|9946|0.224628,N7781|2797|2.301592,0.00848649
N7792|9946|0.224628,N7778|3705|0.300916,0.00848649
N9442|9926|0.665838,N9443|2750|4.791901,0.00384395
N11396|2410|0.176507,N11401|15260|1.315812,0.0108484
N11396|2410|0.176507,N11395|7750|1.387834,0.00694628
N11396|2410|0.176507,N11406|7105|0.24223,0.0131679
N11396|2410|0.176507,N11394|4859|0.416544,0.00694628
N7894|14382|1.644205,N7889|13786|0.421545,0.0100443
N7894|14382|1.644205,N7901|1404|0.044159,0.0139544
N11396|2410|0.176507,N11392|13474|0.166773,0.00928729
N11396|2410|0.176507,N11390|8919|2.53472,0.0100568
N11396|2410|0.176507,N11404|5368|0.608453,0.0139461
N9867|2262|0.771963,N9875|10138|0.143738,0.00616953
N11396|2410|0.176507,N11393|2188|0.531588,0.010061
N9867|2262|0.771963,N9870|10159|0.43556,0.00850138
N11396|2410|0.176507,N11407|1428|0.80075,0.0131679
N9867|2262|0.771963,N9857|12874|2.319649,0.0100581
N11396|2410|0.176507,N11391|12341|0.045623,0.00772381
N9867|2262|0.771963,N9855|6001|0.173178,0.0108448
N9867|2262|0.771963,N9879|4595|5.543983,0.013956
N11396|2410|0.176507,N11397|12633|1.136891,0.00230862
N11396|2410|0.176507,N11398|1232|1.681972,0.00384658
N11396|2410|0.176507,N11399|10356|2.340022,0.0100451
N9867|2262|0.771963,N9874|11501|0.244614,0.00539651
N9867|2262|0.771963,N9866|6159|2.918018,0.00927735
N9867|2262|0.771963,N9858|7228|0.829383,0.0077272
N9867|2262|0.771963,N9860|3015|1.032278,0.0100698
N9867|2262|0.771963,N9854|5220|2.64087,0.0123914
N8090|5485|0.952618,N8087|13268|0.069492,0.00539515
N8090|5485|0.952618,N8075|9102|0.980192,0.0139964
N8090|5485|0.952618,N8089|12579|1.42331,0.00461973
N8090|5485|0.952618,N8084|15213|0.362241,0.0108242
N8090|5485|0.952618,N8077|7225|1.930592,0.0124136
N7733|6927|0.02732,N7730|3796|1.018182,0.00773798
N8090|5485|0.952618,N8092|9654|0.063226,0.00850113
N10149|11080|0.160309,N10154|13738|0.207181,0.00774332
N7733|6927|0.02732,N7732|14272|0.92345,0.00230857
N10149|11080|0.160309,N10152|9351|0.056029,0.0100841
N7733|6927|0.02732,N7734|15117|2.158527,0.0101028
N10149|11080|0.160309,N10158|14329|0.227607,0.0100701
N10149|11080|0.160309,N10160|4433|0.171967,0.01007
N10149|11080|0.160309,N10136|6253|0.845949,0.00772836
N10149|11080|0.160309,N10139|5635|0.470954,0.00618503
N7733|6927|0.02732,N7731|3368|0.153734,0.00462039
N7733|6927|0.02732,N7728|3934|0.026172,0.00772827
N10149|11080|0.160309,N10135|3888|1.954201,0.00850122
N13016|10123|1.320235,N13020|13581|1.462115,0.0108147
N13016|10123|1.320235,N13010|2132|0.839645,0.0131919
N12960|14118|2.91166,N12957|3908|1.355432,0.00848492
N12960|14118|2.91166,N12956|11123|9.085021,0.00848651
N12960|14118|2.91166,N12958|10720|7.505851,0.0147394
N13016|10123|1.320235,N13015|7025|0.167928,0.010844
N13016|10123|1.320235,N13013|13077|0.990917,0.0108328
N13016|10123|1.320235,N13019|3661|1.485851,0.00694545
N11944|13179|1.299423,N11943|13571|0.293141,0.0131552
N13016|10123|1.320235,N13017|10320|2.923302,0.00307389
N11944|13179|1.299423,N11947|8372|0.072972,0.0116006
N13016|10123|1.320235,N13021|2121|0.427363,0.00693882
N13016|10123|1.320235,N13024|3542|1.362275,0.0123992
N13016|10123|1.320235,N13027|10423|1.107882,0.0116148
N13016|10123|1.320235,N13026|9197|0.544685,0.010044
N10638|8514|2.79233,N10641|13734|0.125994,0.0100412
N10638|8514|2.79233,N10649|4143|0.33077,0.00849271
N10638|8514|2.79233,N10645|12781|2.186726,0.0116009
N10638|8514|2.79233,N10651|6107|1.702862,0.0116069
N10638|8514|2.79233,N10639|11664|3.280885,0.0108148
N13016|10123|1.320235,N13014|4486|3.492421,0.0147577
N13016|10123|1.320235,N13023|9255|2.431417,0.0100495
N10536|5868|0.748762,N10525|5486|3.135281,0.0131954
N8054|7218|1.969858,N8047|1764|0.633083,0.0123908
N8054|7218|1.969858,N8058|4001|2.797371,0.0147434
N8054|7218|1.969858,N8057|2864|1.836246,0.0108278
N8054|7218|1.969858,N8051|12609|3.009373,0.0116068
N10536|5868|0.748762,N10542|1999|4.01676,0.0100443
N10536|5868|0.748762,N10541|2290|2.197935,0.00693059
N10536|5868|0.748762,N10515|9957|1.828626,0.0131611
N10536|5868|0.748762,N10535|12368|0.523269,0.00230291
N8054|7218|1.969858,N8056|1751|1.722997,0.0116131
N10536|5868|0.748762,N10531|13747|1.12443,0.0108196
N10536|5868|0.748762,N10558|12714|0.308784,0.0132164
N9875|10138|0.143738,N9870|10159|0.43556,0.00538488
N8054|7218|1.969858,N8050|12356|0.711973,0.0108259
N9875|10138|0.143738,N9857|12874|2.319649,0.00848648
N9875|10138|0.143738,N9855|6001|0.173178,0.00926643
N9875|10138|0.143738,N9879|4595|5.543983,0.0123848
N9875|10138|0.143738,N9874|11501|0.244614,0.000767625
N9875|10138|0.143738,N9866|6159|2.918018,0.0108398
N9875|10138|0.143738,N9858|7228|0.829383,0.00616429
N9875|10138|0.143738,N9860|3015|1.032278,0.00849619
N9875|10138|0.143738,N9854|5220|2.64087,0.0108281
N10889|12944|1.138312,N10885|4074|2.282468,0.0124528
N10889|12944|1.138312,N10891|9707|4.080801,0.011609
N13021|2121|0.427363,N13024|3542|1.362275,0.0116149
N13021|2121|0.427363,N13027|10423|1.107882,0.00927413
N13021|2121|0.427363,N13026|9197|0.544685,0.00771137
N10889|12944|1.138312,N10893|14050|5.207701,0.0139615
N13021|2121|0.427363,N13014|4486|3.492421,0.0124084
N13021|2121|0.427363,N13023|9255|2.431417,0.00771318
N10889|12944|1.138312,N10888|6497|3.625147,0.00928566
N10889|12944|1.138312,N10887|12945|3.710148,0.0116371
N8260|13534|0.454751,N8259|6237|1.846607,0.0100573
N8260|13534|0.454751,N8251|4438|0.010981,0.0100528
N8260|13534|0.454751,N8256|10769|0.712805,0.0139641
N8260|13534|0.454751,N8257|14187|1.407286,0.0139641
N8260|13534|0.454751,N8255|8516|4.621123,0.0131748
N8260|13534|0.454751,N8250|9805|2.44573,0.0116142
N8260|13534|0.454751,N8258|12545|0.209232,0.00927564
N10889|12944|1.138312,N10892|3803|0.273582,0.00616728
N10889|12944|1.138312,N10894|8335|1.689416,0.00772832
N10889|12944|1.138312,N10895|13787|0.935012,0.00851221
N10512|3033|1.344728,N10540|3723|0.326189,0.0124243
N10512|3033|1.344728,N10522|5802|1.060222,0.0147706
N10512|3033|1.344728,N10539|3755|0.466474,0.0132167
N10512|3033|1.344728,N10536|5868|0.748762,0.0132034
N8323|11412|0.971271,N8308|14544|1.566783,0.0139642
N8323|11412|0.971271,N8313|5650|1.256693,0.00849263
N8323|11412|0.971271,N8319|8053|1.905724,0.0108449
N8323|11412|0.971271,N8318|5662|3.543446,0.0100842
N8323|11412|0.971271,N8312|5455|0.779465,0.00697143
N8323|11412|0.971271,N8306|12938|2.523605,0.0140079
N7867|6195|1.334354,N7865|13699|13.159582,0.0132356
N10512|3033|1.344728,N10541|2290|2.197935,0.0139672
N10512|3033|1.344728,N10535|12368|0.523269,0.0108592
N9808|9986|2.359659,N9809|3178|1.006109,0.0092967
N7867|6195|1.334354,N7869|13154|5.006402,0.011614
N9808|9986|2.359659,N9812|6933|1.334038,0.0116027
N9808|9986|2.359659,N9811|5228|1.572176,0.0108316
N9808|9986|2.359659,N9813|3730|2.560596,0.0139699
N9808|9986|2.359659,N9814|2184|0.347172,0.0116203
N9808|9986|2.359659,N9810|11054|3.991748,0.0124061
N10060|3824|0.405696,N10058|7641|2.216887,0.00925692
N10060|3824|0.405696,N10062|10532|0.956953,0.0131749
N10060|3824|0.405696,N10061|3384|0.179959,0.00849048
N8069|6521|4.198334,N8051|12609|3.009373,0.0139672
N8069|6521|4.198334,N8050|12356|0.711973,0.0131675
N9783|3885|1.362226,N9784|14679|1.191138,0.010036
N9002|8105|1.585076,N9005|9621|0.184888,0.00849175
N9002|8105|1.585076,N8997|12760|0.707051,0.013962
N8538|4046|2.26E-4,N8531|3848|0.252103,0.00540203
N8538|4046|2.26E-4,N8546|14032|0.813648,0.0147344
N8538|4046|2.26E-4,N8550|14047|2.511542,0.0147223
N8538|4046|2.26E-4,N8548|11085|0.235396,0.0131642
N8228|7326|1.080997,N8227|6831|3.380801,0.0108314
N8538|4046|2.26E-4,N8536|1578|1.200852,0.00307482
N8538|4046|2.26E-4,N8551|9628|1.262071,0.014756
N8228|7326|1.080997,N8230|11367|1.090861,0.0108421
N8228|7326|1.080997,N8223|15199|0.150591,0.00539532
N8538|4046|2.26E-4,N8543|5534|1.731312,0.00850086
N8228|7326|1.080997,N8229|12704|0.376581,0.00462361
N8538|4046|2.26E-4,N8541|13638|8.498028,0.0131745
N8538|4046|2.26E-4,N8545|8408|2.651616,0.00772724
N10726|6909|1.102324,N10727|11162|3.195729,0.00538487
N10726|6909|1.102324,N10740|14410|2.284142,0.010824
N10726|6909|1.102324,N10735|8144|0.65834,0.0123834
N8538|4046|2.26E-4,N8532|3610|2.520584,0.00539531
N8538|4046|2.26E-4,N8529|2948|0.719877,0.0147427
N8538|4046|2.26E-4,N8544|7232|0.87161,0.00849269
N8538|4046|2.26E-4,N8542|14167|3.9748,0.0108353
N8538|4046|2.26E-4,N8547|9642|2.033348,0.0123863
N8538|4046|2.26E-4,N8535|9122|0.13603,0.00230529
N10726|6909|1.102324,N10712|12789|1.346723,0.0116094
N10726|6909|1.102324,N10713|9768|1.55032,0.0131569
N8538|4046|2.26E-4,N8537|12736|0.793561,0.00153689
N8538|4046|2.26E-4,N8539|10972|3.907177,0.0100582
N11179|12364|0.146687,N11170|2779|0.821011,0.0140128
N8538|4046|2.26E-4,N8549|12863|1.403818,0.0139419
N11179|12364|0.146687,N11174|7612|0.80396,0.00850111
N11179|12364|0.146687,N11180|1876|0.387964,0.0116026
N11179|12364|0.146687,N11173|12964|0.86605,0.0100567
N12296|14188|0.460907,N12297|9903|0.340267,0.00230861
N9017|9094|2.029675,N9037|3151|0.565871,0.0147566
N9017|9094|2.029675,N9051|3727|0.752761,0.0139617
N9017|9094|2.029675,N9019|1759|3.21172,0.0108241
N9017|9094|2.029675,N9012|7036|0.144812,0.0147349
N9017|9094|2.029675,N9005|9621|0.184888,0.013947
N9017|9094|2.029675,N9018|7028|1.271107,0.0100485
N9017|9094|2.029675,N9020|4424|0.845904,0.0108454
N9017|9094|2.029675,N9026|1384|1.778624,0.0139942
N9017|9094|2.029675,N9023|13272|1.556355,0.0131864
N7533|13695|0.987302,N7531|12465|1.898525,0.0147681
N7533|13695|0.987302,N7530|5931|0.470247,0.0124103
N7533|13695|0.987302,N7555|11252|0.72638,0.0147901
N12908|6786|1.944159,N12919|9151|0.917177,0.0108246
N12908|6786|1.944159,N12912|6916|0.539543,0.0108195
N12908|6786|1.944159,N12918|10244|5.925615,0.0139342
N10345|9194|5.162912,N10343|1415|0.365954,0.0116142
N10345|9194|5.162912,N10344|12856|0.158929,0.00771335
N9800|3275|1.637768,N9803|3774|0.581018,0.00384399
N9809|3178|1.006109,N9812|6933|1.334038,0.00849163
N9809|3178|1.006109,N9811|5228|1.572176,0.00772
N9800|3275|1.637768,N9801|13690|0.148092,0
N9054|10461|2.648133,N9037|3151|0.565871,0.0123965
N9054|10461|2.648133,N9051|3727|0.752761,0.00771158
N9054|10461|2.648133,N9019|1759|3.21172,0.0139537
N9809|3178|1.006109,N9813|3730|2.560596,0.0108401
N9054|10461|2.648133,N9018|7028|1.271107,0.0131751
N9054|10461|2.648133,N9020|4424|0.845904,0.0123977
N9809|3178|1.006109,N9814|2184|0.347172,0.00851254
N9809|3178|1.006109,N9810|11054|3.991748,0.00927859
N13040|3080|0.190006,N13032|11148|0.692156,0.0100528
N13040|3080|0.190006,N13060|5777|3.189395,0.0108398
N13040|3080|0.190006,N13010|2132|0.839645,0.0124108
N13040|3080|0.190006,N13042|11415|0.646578,0.0023045
N13040|3080|0.190006,N13030|14162|0.229725,0.00927562
N13040|3080|0.190006,N13055|13868|1.589563,0.011615
N13040|3080|0.190006,N13082|1920|1.308468,0.0131763
N13040|3080|0.190006,N13064|2313|0.464264,0.00849617
N10995|8010|0.516194,N10989|5003|1.95155,0.00849632
N13040|3080|0.190006,N13039|7252|7.328065,0.0077199
N10995|8010|0.516194,N10990|2197|1.135652,0.00539524
N13040|3080|0.190006,N13047|2936|1.890519,0.00849263
N13040|3080|0.190006,N13081|11163|0.1151,0.0131745
N13040|3080|0.190006,N13065|9942|3.28249,0.0108323
N11903|5159|0.285236,N11895|2053|3.159721,0.0147918
N13040|3080|0.190006,N13015|7025|0.167928,0.0147574
N13040|3080|0.190006,N13063|12606|0.037579,0.0108422
N11903|5159|0.285236,N11891|11355|0.511365,0.0139563
N13040|3080|0.190006,N13067|12459|0.550295,0.00770873
N13040|3080|0.190006,N13049|2463|0.241606,0.0100513
N11903|5159|0.285236,N11863|6226|0.321138,0.0124019
N13040|3080|0.190006,N13062|8226|0.442183,0.0100496
N11903|5159|0.285236,N11845|7795|0.316845,0.0147583
N11903|5159|0.285236,N11867|7533|0.320478,0.0132367
N11903|5159|0.285236,N11864|12078|0.107577,0.0116384
N11903|5159|0.285236,N11861|11381|2.689023,0.0147583
N13040|3080|0.190006,N13045|8524|3.432792,0.00927851
N13040|3080|0.190006,N13050|8552|0.300629,0.0108312
N13040|3080|0.190006,N13013|13077|0.990917,0.0147496
N13040|3080|0.190006,N13066|11539|2.641891,0.0108282
N13040|3080|0.190006,N13057|8415|0.620575,0.010058
N13040|3080|0.190006,N13035|2966|0.267509,0.0100528
N11903|5159|0.285236,N11869|10918|2.620545,0.0139973
N11903|5159|0.285236,N11866|9059|0.195271,0.0124196
N13040|3080|0.190006,N13044|14894|0.279795,0.0023053
N13040|3080|0.190006,N13058|11167|1.17044,0.00849619
N11903|5159|0.285236,N11865|9837|0.950679,0.014792
N13040|3080|0.190006,N13052|14348|1.81875,0.0131747
N8586|2351|0.429267,N8593|14066|6.884081,0.00772796
N8586|2351|0.429267,N8594|10280|0.478187,0.00694549
N13040|3080|0.190006,N13026|9197|0.544685,0.0139747
N8586|2351|0.429267,N8597|3589|2.374505,0.0108366
N13040|3080|0.190006,N13053|4954|0.008268,0.00771321
N13040|3080|0.190006,N13041|13386|2.491826,0.0108502
N8586|2351|0.429267,N8603|14859|1.315696,0.0069454
N13040|3080|0.190006,N13031|1964|2.547926,0.0124031
N13040|3080|0.190006,N13071|4238|1.966479,0.0139613
N8586|2351|0.429267,N8606|11109|4.121354,0.0108495
N8586|2351|0.429267,N8584|8854|5.97736,0.0147585
N13040|3080|0.190006,N13043|6617|8.289705,0.00849297
N13040|3080|0.190006,N13036|14781|2.59123,0.0147573
N8586|2351|0.429267,N8585|6747|4.03225,0.011607
N8586|2351|0.429267,N8581|6371|0.050036,0.00850414
N8586|2351|0.429267,N8573|5847|3.806004,0.0139744
N13040|3080|0.190006,N13046|7586|0.27506,0.00307482
N13040|3080|0.190006,N13023|9255|2.431417,0.0139911
N8586|2351|0.429267,N8574|1551|0.966694,0.010061
N8586|2351|0.429267,N8600|9314|0.056536,0.0069454
N12177|15210|3.590955,N12183|15376|0.316416,0.0147575
N12888|10409|2.010733,N12892|13492|0.402984,0.00928433
N12888|10409|2.010733,N12881|12202|1.538248,0.0124405
N12888|10409|2.010733,N12879|5607|0.1192,0.0140324
N12888|10409|2.010733,N12893|11684|0.283743,0.0124102
N11056|5943|7.376864,N11057|4736|2.09321,0.0123997
N12888|10409|2.010733,N12891|12862|2.908224,0.0116331
N11056|5943|7.376864,N11058|3590|1.074073,0.0139781
N11251|10061|0.941611,N11253|10802|1.437638,0.00384783
N11251|10061|0.941611,N11241|3858|0.478726,0.0108463
N11251|10061|0.941611,N11259|13651|4.526962,0.0124131
N11251|10061|0.941611,N11174|7612|0.80396,0.01474
N11251|10061|0.941611,N11173|12964|0.86605,0.0147401
N11251|10061|0.941611,N11256|8782|2.978578,0.00849656
N10547|7175|0.207334,N10545|2003|0.042819,0.00153688
N10547|7175|0.207334,N10551|13498|1.227284,0.013184
N10547|7175|0.207334,N10555|15365|0.330492,0.0147795
N10547|7175|0.207334,N10560|4175|0.28726,0.0116317
N10547|7175|0.207334,N10535|12368|0.523269,0.0140131
N10547|7175|0.207334,N10558|12714|0.308784,0.0108467
N8931|3457|1.301212,N8936|13455|0.090924,0.00851241
N8931|3457|1.301212,N8932|5751|0.944335,0.00384523
N8145|13936|3.470108,N8142|5696|3.433193,0.0147725
N8931|3457|1.301212,N8930|12431|0.095986,0.00461514
N8145|13936|3.470108,N8163|5056|0.324114,0.0139781
N8931|3457|1.301212,N8929|11852|1.588682,0.0123856
N8492|1374|1.103492,N8490|9253|0.016372,0.00693897
N8807|8584|4.621111,N8810|5792|1.654842,0.01005
N8807|8584|4.621111,N8812|5341|1.19168,0.0116021
N8807|8584|4.621111,N8806|11980|0.102757,0.00771085
N8807|8584|4.621111,N8811|9539|0.100221,0.00849125
N8382|11492|1.764649,N8377|4310|0.039595,0.00462047
N8382|11492|1.764649,N8363|7636|0.882553,0.0132193
N8382|11492|1.764649,N8383|13994|3.54899,0.00850213
N8807|8584|4.621111,N8808|7597|2.501861,0.0100418
N8382|11492|1.764649,N8381|9511|0.167241,0.00230452
N8807|8584|4.621111,N8813|2637|0.544467,0.0139584
N8382|11492|1.764649,N8373|6621|4.001402,0.00539067
N8807|8584|4.621111,N8809|7652|0.05461,0.00849128
N8382|11492|1.764649,N8374|10238|9.3E-5,0.00461621
N8382|11492|1.764649,N8362|1898|0.341441,0.014772
N12667|12755|1.374185,N12678|5549|0.607867,0.0123943
N12667|12755|1.374185,N12656|3489|0.856322,0.0116154
N11374|15212|0.725506,N11376|5789|2.167538,0.00926694
N12667|12755|1.374185,N12679|14019|1.181258,0.0123849
N11374|15212|0.725506,N11377|6057|0.712908,0.00615767
N12667|12755|1.374185,N12673|4752|1.088216,0.00849043
N11374|15212|0.725506,N11379|10625|5.50537,0.014726
N12667|12755|1.374185,N12663|2204|1.369974,0.00849304
N12667|12755|1.374185,N12675|3288|2.397704,0.0131612
N11374|15212|0.725506,N11380|13281|0.01983,0.008481
N12667|12755|1.374185,N12668|15202|0.179902,0.0069382
N12667|12755|1.374185,N12670|10894|2.37048,0.0077132
N12667|12755|1.374185,N12735|13411|1.300204,0.0147248
N12667|12755|1.374185,N12684|5768|0.171538,0.0147506
N12667|12755|1.374185,N12660|6563|0.037792,0.0139943
N11374|15212|0.725506,N11389|5327|0.431325,0.0092594
N11374|15212|0.725506,N11359|1668|1.581908,0.014725
N11374|15212|0.725506,N11368|5646|1.05269,0.00693028
N11374|15212|0.725506,N11369|6481|3.764338,0.0147589
N11374|15212|0.725506,N11378|12634|1.329419,0.00693061
N11374|15212|0.725506,N11388|9433|0.079396,0.0116002
N11374|15212|0.725506,N11367|6891|0.732076,0.00693377
N7777|12890|0.95141,N7794|1492|0.202883,0.00926419
N7777|12890|0.95141,N7789|7892|0.064587,0.0061582
N11374|15212|0.725506,N11365|7096|0.63038,0.00925511
N7777|12890|0.95141,N7780|11268|5.5285,0.0116172
N7777|12890|0.95141,N7779|11337|5.795378,0.0108247
N11374|15212|0.725506,N11363|15066|0.637353,0.0084781
N11374|15212|0.725506,N11371|5903|1.512719,0.00538742
N7777|12890|0.95141,N7795|5061|2.843486,0.0100418
N11374|15212|0.725506,N11373|7146|0.687377,0.00538494
N11374|15212|0.725506,N11366|6591|5.541124,0.00848014
N11374|15212|0.725506,N11358|3722|2.637675,0.0123849
N7777|12890|0.95141,N7781|2797|2.301592,0.00461767
N11374|15212|0.725506,N11375|8477|0.703535,0.00770672
N11374|15212|0.725506,N11384|2281|1.186815,0.00770382
N7777|12890|0.95141,N7778|3705|0.300916,0.00230279
N11374|15212|0.725506,N11361|9367|0.658486,0.00925692
N8729|9385|1.222648,N8715|1711|0.13758,0.0140089
N8729|9385|1.222648,N8728|8836|1.084428,0.0123914
N13032|11148|0.692156,N13060|5777|3.189395,0.0132032
N13032|11148|0.692156,N13010|2132|0.839645,0.013195
N13032|11148|0.692156,N13042|11415|0.646578,0.0108311
N13032|11148|0.692156,N13030|14162|0.229725,0.000767359
N8729|9385|1.222648,N8731|10125|1.25572,0.00230597
N13032|11148|0.692156,N13055|13868|1.589563,0.01398
N13032|11148|0.692156,N13082|1920|1.308468,0.0139668
N13032|11148|0.692156,N13064|2313|0.464264,0.010846
N8729|9385|1.222648,N8724|1934|0.376952,0.0139611
N13032|11148|0.692156,N13047|2936|1.890519,0.0139557
N13032|11148|0.692156,N13081|11163|0.1151,0.0139773
N13032|11148|0.692156,N13065|9942|3.28249,0.0131837
N13032|11148|0.692156,N13063|12606|0.037579,0.013192
N11113|10029|0.854518,N11106|12769|0.259315,0.0131957
N13032|11148|0.692156,N13067|12459|0.550295,0.0100484
N13032|11148|0.692156,N13049|2463|0.241606,0.0124095
N13032|11148|0.692156,N13062|8226|0.442183,0.0124011
N11113|10029|0.854518,N11118|3441|0.266943,0.00772406
N11113|10029|0.854518,N11119|6343|0.137069,0.00928378
N11113|10029|0.854518,N11101|7070|0.946171,0.0131752
N13032|11148|0.692156,N13050|8552|0.300629,0.0131894
N13032|11148|0.692156,N13066|11539|2.641891,0.0131746
N13032|11148|0.692156,N13038|5659|0.004577,0.0139722
N13032|11148|0.692156,N13057|8415|0.620575,0.012423
N13032|11148|0.692156,N13035|2966|0.267509,0.00616912
N13032|11148|0.692156,N13037|5916|0.842589,0.0147576
N13032|11148|0.692156,N13044|14894|0.279795,0.0108322
N13032|11148|0.692156,N13058|11167|1.17044,0.010846
N11113|10029|0.854518,N11127|10312|2.573578,0.0147404
N11113|10029|0.854518,N11108|5884|0.77288,0.009276
N11113|10029|0.854518,N11097|12564|1.398948,0.00927051
N13032|11148|0.692156,N13026|9197|0.544685,0.0147471
N13032|11148|0.692156,N13053|4954|0.008268,0.010058
N8189|11388|1.488916,N8205|11108|3.60963,0.0108442
N8189|11388|1.488916,N8204|8732|5.697496,0.0108238
N13032|11148|0.692156,N13031|1964|2.547926,0.00384393
N13032|11148|0.692156,N13071|4238|1.966479,0.0147395
N8189|11388|1.488916,N8179|5845|2.87042,0.0139776
N13032|11148|0.692156,N13036|14781|2.59123,0.0108464
N8189|11388|1.488916,N8178|6829|5.024306,0.0139795
N8189|11388|1.488916,N8230|11367|1.090861,0.013202
N8189|11388|1.488916,N8200|14143|0.460304,0.00615673
N13032|11148|0.692156,N13046|7586|0.27506,0.0116138
N13032|11148|0.692156,N13023|9255|2.431417,0.0147573
N8189|11388|1.488916,N8206|5109|0.82291,0.00929824
N8189|11388|1.488916,N8174|6184|1.425553,0.0147559
N8189|11388|1.488916,N8197|3640|2.261794,0.0115968
N8189|11388|1.488916,N8203|11050|0.018259,0.00693888
N11068|6324|7.809222,N11071|4197|0.05893,0.0124075
N7203|6151|0.533891,N7216|13402|0.665164,0.0147433
N7203|6151|0.533891,N7209|3424|0.568831,0.009274
N7203|6151|0.533891,N7213|9538|0.153531,0.0124107
N10792|4678|0.278792,N10791|5095|0.101859,0.0108238
N10792|4678|0.278792,N10799|8691|1.813873,0.0108462
N10792|4678|0.278792,N10800|12324|1.582389,0.0139794
N10792|4678|0.278792,N10783|8417|1.969961,0.0147399
N10792|4678|0.278792,N10806|8085|0.809489,0.011634
N10792|4678|0.278792,N10794|4196|1.198788,0.0116326
N10792|4678|0.278792,N10795|7247|1.411132,0.0124131
N7195|13450|3.26925,N7198|9962|0.693999,0.0139677
N10792|4678|0.278792,N10802|5614|0.119248,0.0108352
N10792|4678|0.278792,N10803|14417|0.009516,0.0108576
N10792|4678|0.278792,N10786|7868|1.275439,0.0116023
N10792|4678|0.278792,N10796|4868|0.355894,0.00928424
N7195|13450|3.26925,N7194|14234|0.767278,0.0100445
N7195|13450|3.26925,N7197|10063|0.501954,0.00849292
N7195|13450|3.26925,N7200|14423|0.008304,0.0131786
N11553|8000|0.589907,N11557|10219|4.330345,0.010825
N11553|8000|0.589907,N11522|6810|0.157009,0.0108449
N11553|8000|0.589907,N11527|3922|0.260128,0.0116333
N11553|8000|0.589907,N11512|5617|0.436129,0.0132008
N11553|8000|0.589907,N11544|14963|1.302651,0.0108266
N11553|8000|0.589907,N11513|14873|1.613532,0.0131902
N11553|8000|0.589907,N11521|2839|0.149121,0.0085012
N11553|8000|0.589907,N11507|6607|1.978532,0.0147745
N11553|8000|0.589907,N11556|10035|3.080027,0.00461397
N11553|8000|0.589907,N11519|4528|1.340794,0.0139787
N11553|8000|0.589907,N11545|12365|0.79407,0.0100586
N11057|4736|2.09321,N11031|10429|0.063655,0.0147316
N11553|8000|0.589907,N11549|2223|0.51089,0.00926991
N11057|4736|2.09321,N11058|3590|1.074073,0.00926727
N11553|8000|0.589907,N11546|4490|1.028815,0.0108267
N11553|8000|0.589907,N11551|2027|0.878688,0.010859
N8161|5815|2.657205,N8148|6205|0.019809,0.0147725
N8161|5815|2.657205,N8149|3784|0.221216,0.0139786
N11553|8000|0.589907,N11524|6585|0.421476,0.0116113
N11553|8000|0.589907,N11563|10056|0.209228,0.0147584
N8161|5815|2.657205,N8139|6836|1.288953,0.0139695
N8161|5815|2.657205,N8170|12462|1.287377,0.0108507
N11553|8000|0.589907,N11558|4971|0.648042,0.00539648
N11553|8000|0.589907,N11539|11393|0.198572,0.0147629
N8161|5815|2.657205,N8154|11693|1.349062,0.0124066
N8161|5815|2.657205,N8159|14322|1.114167,0.0116771
N8161|5815|2.657205,N8156|9303|2.047012,0.0124361
N8161|5815|2.657205,N8163|5056|0.324114,0.00617369
N11553|8000|0.589907,N11509|7537|0.30586,0.0116113
N11553|8000|0.589907,N11536|8711|0.193032,0.0147581
N11553|8000|0.589907,N11526|15011|1.043239,0.0116347
N11553|8000|0.589907,N11529|10443|1.930225,0.0132174
N11553|8000|0.589907,N11543|4427|0.832731,0.0116071
N11553|8000|0.589907,N11552|14034|0.499465,0.00230472
N11553|8000|0.589907,N11555|3021|1.953023,0.00461639
N11553|8000|0.589907,N11548|11137|5.21459,0.0139528
N7740|15368|3.879213,N7736|15145|2.560498,0.0116138
N9341|11718|4.206502,N9333|13054|1.645774,0.0100526
N9341|11718|4.206502,N9344|3471|0.361147,0.00850489
N9341|11718|4.206502,N9332|12098|1.613069,0.0123977
N9341|11718|4.206502,N9342|14450|0.850897,0.00772368
N9341|11718|4.206502,N9334|8076|0.202191,0.00772368
N10021|3367|1.749419,N10031|9388|0.138167,0.0131899
N7740|15368|3.879213,N7739|13418|0.005701,0.00616916
N10021|3367|1.749419,N10024|11221|2.732505,0.00616731
N7740|15368|3.879213,N7743|9731|0.299603,0.0139713
N7531|12465|1.898525,N7530|5931|0.470247,0.00852803
N10120|14797|0.689443,N10125|13211|1.537075,0.00928432
N10120|14797|0.689443,N10118|13187|0.232964,0.0139938
N11895|2053|3.159721,N11891|11355|0.511365,0.013165
N11895|2053|3.159721,N11863|6226|0.321138,0.0147725
N11895|2053|3.159721,N11864|12078|0.107577,0.012425
N10120|14797|0.689443,N10122|2041|0.602855,0.00927746
N11895|2053|3.159721,N11888|2289|1.048972,0.0147567
N10120|14797|0.689443,N10124|12667|2.251802,0.00928428
N10120|14797|0.689443,N10094|7322|3.27339,0.0139673
N11895|2053|3.159721,N11866|9059|0.195271,0.0132041
N10120|14797|0.689443,N10096|4634|3.033585,0.0139672
N10120|14797|0.689443,N10126|7006|1.472433,0.0108579
N11895|2053|3.159721,N11890|9921|2.525315,0.0147458
N10120|14797|0.689443,N10127|9599|0.325855,0.0123976
N10120|14797|0.689443,N10121|9339|3.613094,0.014789
N8619|8016|1.529343,N8622|5565|0.483006,0.0100582
N8619|8016|1.529343,N8617|12262|1.10584,0.0100563
N8619|8016|1.529343,N8623|12267|0.077572,0.00928421
N10120|14797|0.689443,N10119|10803|0.316622,0.0139938
N10120|14797|0.689443,N10105|6840|2.06747,0.0139618
N10120|14797|0.689443,N10061|3384|0.179959,0.013996
N8619|8016|1.529343,N8620|5340|1.858164,0.00925924
N11095|2155|1.783157,N11094|6636|2.689557,0.00772397
N8960|4831|0.445665,N8956|15297|1.548554,0.00852579
N8960|4831|0.445665,N8948|7351|0.152822,0.0147704
N11095|2155|1.783157,N11086|12257|0.367577,0.0147783
N8960|4831|0.445665,N8942|9028|0.173101,0.01084
N11095|2155|1.783157,N11062|6482|0.412079,0.0147581
N8960|4831|0.445665,N8957|5722|3.760041,0.00771998
N11095|2155|1.783157,N11092|9904|3.486172,0.0108386
N11095|2155|1.783157,N11091|3872|1.408748,0.0100657
N11095|2155|1.783157,N11085|11943|0.601861,0.0131841
N11095|2155|1.783157,N11066|10755|0.62982,0.0147634
N11885|8742|4.861418,N11891|11355|0.511365,0.014743
N11885|8742|4.861418,N11878|13279|2.578469,0.00850177
N11095|2155|1.783157,N11093|1870|0.968187,0.0124064
N11095|2155|1.783157,N11089|10657|4.238321,0.0123916
N7720|12830|0.135074,N7722|13535|0.473686,0.00153463
N7720|12830|0.135074,N7724|5018|2.132801,0.0116327
N7720|12830|0.135074,N7716|5741|1.662901,0.0147189
N11534|10703|0.757553,N11539|11393|0.198572,0.00616118
N7720|12830|0.135074,N7723|10507|2.937403,0.0053906
N11534|10703|0.757553,N11531|8005|0.409323,0.00771829
N11534|10703|0.757553,N11536|8711|0.193032,0.0077185
N11534|10703|0.757553,N11526|15011|1.043239,0.014748
N7720|12830|0.135074,N7726|9736|0.783632,0.00926643
N7720|12830|0.135074,N7732|14272|0.92345,0.0139557
N12009|8663|4.038994,N12010|8885|0.16324,0.0092606
N7720|12830|0.135074,N7719|3155|0.90712,0.00307482
N12009|8663|4.038994,N12008|3071|0.647892,0.00771212
N7720|12830|0.135074,N7728|3934|0.026172,0.0147559
N10659|9843|3.675748,N10657|13538|1.741755,0.01239
N7805|7989|1.888494,N7804|13189|0.223528,0.0124237
N7805|7989|1.888494,N7800|3710|0.647854,0.0139643
N7805|7989|1.888494,N7797|10340|0.068652,0.0139614
N7390|11676|1.495667,N7387|6738|2.555496,0.00616962
N7805|7989|1.888494,N7806|2564|3.18549,0.0108248
N7390|11676|1.495667,N7391|13342|0.340533,0.00462373
N7390|11676|1.495667,N7397|13737|4.966742,0.0139853
N7730|3796|1.018182,N7732|14272|0.92345,0.00539645
N7805|7989|1.888494,N7803|3227|0.236022,0.0124235
N7730|3796|1.018182,N7734|15117|2.158527,0.0116475
N7805|7989|1.888494,N7801|12937|0.554222,0.0131866
N7730|3796|1.018182,N7731|3368|0.153734,0.00772356
N7730|3796|1.018182,N7728|3934|0.026172,0.00927424
N12871|3891|3.524599,N12870|12610|0.992737,0.0100564
N12871|3891|3.524599,N12869|8519|0.682923,0.0147495
N12871|3891|3.524599,N12874|15200|0.833692,0.0116229
N11743|3215|3.866698,N11754|6675|0.041293,0.0139618
N12871|3891|3.524599,N12872|13249|0.725588,0.0108319
N11743|3215|3.866698,N11749|5038|0.065333,0.0147478
N11743|3215|3.866698,N11739|8773|0.76672,0.00927023
N11743|3215|3.866698,N11742|13166|1.442792,0.00461623
N11743|3215|3.866698,N11746|4226|2.010055,0.0147579
N11743|3215|3.866698,N11740|12167|0.065432,0.00771794
N9513|10514|1.389128,N9522|12988|0.9686,0.0124088
N9513|10514|1.389128,N9520|14813|8.180982,0.0131759
N9513|10514|1.389128,N9517|14682|3.914798,0.00618798
N9513|10514|1.389128,N9542|13337|0.791992,0.012366
N9513|10514|1.389128,N9491|12440|0.015674,0.0123811
N9513|10514|1.389128,N9511|4037|0.11695,0.0147204
N7928|4206|1.23356,N7933|12329|0.329844,0.0092698
N9513|10514|1.389128,N9484|8231|2.243047,0.013149
N7928|4206|1.23356,N7924|2809|0.852026,0.0116025
N7928|4206|1.23356,N7930|9325|1.129762,0.00693892
N9513|10514|1.389128,N9486|1956|0.766508,0.0139409
N7928|4206|1.23356,N7935|2256|2.732472,0.0147535
N9513|10514|1.389128,N9507|10649|0.049628,0.014714
N10154|13738|0.207181,N10152|9351|0.056029,0.00694617
N10154|13738|0.207181,N10158|14329|0.227607,0.00693897
N10154|13738|0.207181,N10160|4433|0.171967,0.00694105
N7928|4206|1.23356,N7939|7625|0.365152,0.0100443
N10154|13738|0.207181,N10136|6253|0.845949,0.00771201
N7928|4206|1.23356,N7931|6344|1.385912,0.0131832
N10154|13738|0.207181,N10139|5635|0.470954,0.00616729
N7928|4206|1.23356,N7938|14556|0.459662,0.0100528
N10154|13738|0.207181,N10135|3888|1.954201,0.00848565
N11643|10735|0.125534,N11642|3844|2.519686,0.00773227
N11643|10735|0.125534,N11644|8422|0.74399,0
N7928|4206|1.23356,N7929|8368|0.436093,0.00539014
N11643|10735|0.125534,N11655|12860|0.463801,0.0085116
N11643|10735|0.125534,N11653|13779|1.337948,0.00694544
N11643|10735|0.125534,N11654|7696|3.757235,0.0131957
N11643|10735|0.125534,N11649|15386|1.430713,0.00693384
N11643|10735|0.125534,N11645|4531|0.087086,0.00230453
N11494|2389|9.997742,N11498|4681|0.223728,0.0139475
N11643|10735|0.125534,N11660|13089|0.382191,0.00927755
N11643|10735|0.125534,N11646|7298|2.906628,0.00617541
N11643|10735|0.125534,N11648|14770|4.004292,0.00852381
N10922|11934|1.797118,N10913|3810|1.22067,0.00616635
N11494|2389|9.997742,N11497|11219|0.521564,0.0147292
N11494|2389|9.997742,N11496|11525|1.862433,0.0100514
N10911|4392|3.798264,N10908|10652|1.045014,0.0116071
N11494|2389|9.997742,N11495|2272|1.610782,0.00929109
N10911|4392|3.798264,N10909|10151|1.042798,0.00616113
N8860|10099|1.374133,N8859|4263|0.786852,0.00772866
N8860|10099|1.374133,N8861|1846|2.103312,0.00927467
N8860|10099|1.374133,N8868|14599|0.735291,0.0100587
N8715|1711|0.13758,N8712|8641|0.234128,0.00616106
N8715|1711|0.13758,N8713|12991|2.122045,0.0100447
N8715|1711|0.13758,N8719|4916|3.015596,0.0123812
N8715|1711|0.13758,N8728|8836|1.084428,0.00928329
N8715|1711|0.13758,N8721|12798|0.181439,0.0116008
N8715|1711|0.13758,N8706|10211|1.95804,0.0100503
N8715|1711|0.13758,N8731|10125|1.25572,0.0132306
N8715|1711|0.13758,N8724|1934|0.376952,0.0108643
N9509|12759|8.464011,N9511|4037|0.11695,0.0131954
N9594|15339|0.104497,N9596|11204|1.565518,0.0108196
N9594|15339|0.104497,N9572|15044|0.508102,0.0147346
N9594|15339|0.104497,N9576|3682|0.302481,0.0139747
N9594|15339|0.104497,N9567|1682|1.220902,0.0147344
N9594|15339|0.104497,N9577|1514|0.131079,0.0139747
N9594|15339|0.104497,N9587|9860|0.866979,0.0124012
N9594|15339|0.104497,N9563|10572|0.466155,0.0123814
N9594|15339|0.104497,N9569|14020|1.47538,0.0139396
N9594|15339|0.104497,N9595|11314|1.260827,0.00771098
N9594|15339|0.104497,N9564|8190|1.697426,0.0147402
N9594|15339|0.104497,N9593|10073|1.9401,0.00695948
N9594|15339|0.104497,N9590|11555|0.798512,0.0116201
N9594|15339|0.104497,N9579|13228|0.364303,0.0139748
N9594|15339|0.104497,N9568|6979|2.778294,0.0123814
N9594|15339|0.104497,N9582|12847|0.091103,0.0147684
N9594|15339|0.104497,N9560|8544|0.447709,0.0116135
N9594|15339|0.104497,N9592|3731|1.555093,0.00772731
N8451|1803|4.723301,N8460|14148|1.728008,0.00851224
N8451|1803|4.723301,N8459|13625|6.312552,0.0124235
N8451|1803|4.723301,N8452|11623|1.6017,0.00539651
N9594|15339|0.104497,N9566|1874|1.386538,0.0131682
N8451|1803|4.723301,N8453|3056|0.990996,0.00849272
N8451|1803|4.723301,N8461|4708|0.70719,0.00695628
N11699|8260|0.716946,N11696|6974|3.630097,0.0100497
N9594|15339|0.104497,N9580|11726|1.403425,0.0147684
N11699|8260|0.716946,N11714|12412|4.098774,0.0147584
N9574|10850|1.360122,N9576|3682|0.302481,0.00307484
N9574|10850|1.360122,N9577|1514|0.131079,0.00307484
N11699|8260|0.716946,N11711|5342|0.529197,0.0131763
N9574|10850|1.360122,N9579|13228|0.364303,0.00616927
N9574|10850|1.360122,N9578|1815|7.096758,0.0124101
N9574|10850|1.360122,N9582|12847|0.091103,0.00771999
N9574|10850|1.360122,N9560|8544|0.447709,0.014809
N8325|3657|1.26967,N8324|10337|0.580733,0.0092839
N8325|3657|1.26967,N8331|13917|0.106613,0.0140119
N11785|7370|0.623601,N11782|2523|0.488763,0.00307387
N11785|7370|0.623601,N11789|8688|1.087506,0.00927758
N11785|7370|0.623601,N11787|2861|0.090931,0.00461519
N11785|7370|0.623601,N11784|11902|1.191376,0.00307387
N11785|7370|0.623601,N11777|9609|0.992037,0.010049
N9574|10850|1.360122,N9583|9172|0.762913,0.0124065
N9574|10850|1.360122,N9580|11726|1.403425,0.00771999
N7349|13916|4.558712,N7353|10399|1.083388,0.013219
N11795|11647|0.638361,N11796|14497|1.160662,0.00307302
N11795|11647|0.638361,N11821|8630|1.302247,0.0131959
N11795|11647|0.638361,N11832|5076|0.375143,0.010066
N11795|11647|0.638361,N11818|14577|0.522973,0.0131959
N11795|11647|0.638361,N11845|7795|0.316845,0.0100854
N11795|11647|0.638361,N11833|10670|4.114445,0.0140166
N11795|11647|0.638361,N11829|6136|3.535808,0.0147793
N11795|11647|0.638361,N11810|3510|0.371168,0.0124902
N11795|11647|0.638361,N11826|10781|1.093903,0.0124066
N11795|11647|0.638361,N11835|1559|2.226693,0.0140348
N11795|11647|0.638361,N11805|9530|2.079066,0.0101016
N11795|11647|0.638361,N11824|12275|0.381059,0.013973
N11795|11647|0.638361,N11799|11006|0.930139,0.00153695
N11795|11647|0.638361,N11812|8304|1.873095,0.0124257
N11795|11647|0.638361,N11801|13264|1.168057,0.00694718
N11795|11647|0.638361,N11844|10359|0.208095,0.0108589
N11232|6222|0.380412,N11223|12570|0.505049,0.0139672
N11796|14497|1.160662,N11832|5076|0.375143,0.0131961
N11796|14497|1.160662,N11845|7795|0.316845,0.0132184
N11796|14497|1.160662,N11805|9530|2.079066,0.013237
N11796|14497|1.160662,N11799|11006|0.930139,0.00461987
N11232|6222|0.380412,N11224|13295|0.098866,0.0147585
N11796|14497|1.160662,N11801|13264|1.168057,0.0100589
N11796|14497|1.160662,N11844|10359|0.208095,0.0139953
N11407|1428|0.80075,N11391|12341|0.045623,0.0100484
N11407|1428|0.80075,N11411|13952|0.296443,0.0147271
N11407|1428|0.80075,N11397|12633|1.136891,0.0123851
N11407|1428|0.80075,N11398|1232|1.681972,0.0108198
N11232|6222|0.380412,N11225|13378|0.022558,0.0147586
N9260|6145|0.076925,N9261|7591|0.788508,0.0116129
N9260|6145|0.076925,N9283|2900|1.711204,0.0139456
N9260|6145|0.076925,N9277|9808|2.488212,0.0100495
N9260|6145|0.076925,N9278|8324|0.126293,0.00849267
N9260|6145|0.076925,N9297|9509|0.576101,0.0139606
N9260|6145|0.076925,N9280|1878|0.108319,0.00926419
N9260|6145|0.076925,N9285|12311|0.666863,0.0147247
N9260|6145|0.076925,N9380|13987|0.013952,0.0139542
N9260|6145|0.076925,N9270|11008|0.082626,0.0108332
N9260|6145|0.076925,N9274|10577|0.532175,0.00927432
N10313|9230|1.208993,N10339|3305|1.988433,0.0147343
N10313|9230|1.208993,N10326|9873|2.510876,0.0123769
N10313|9230|1.208993,N10325|4335|2.758753,0.0123769
N9260|6145|0.076925,N9269|3551|0.831065,0.01241
N10313|9230|1.208993,N10316|9769|0.632086,0.010048
N9260|6145|0.076925,N9393|2307|0.682241,0.0123939
N10313|9230|1.208993,N10324|6913|0.741067,0.0131645
N10313|9230|1.208993,N10331|14268|0.255619,0.0123854
N9260|6145|0.076925,N9265|6867|2.063789,0.0116138
N9260|6145|0.076925,N9359|13859|0.138749,0.0123874
N10313|9230|1.208993,N10304|10827|0.144852,0.0147254
N9260|6145|0.076925,N9368|5528|1.847757,0.0147345
N10313|9230|1.208993,N10314|1679|0.052918,0.00615819
N10313|9230|1.208993,N10317|11010|1.250049,0.0108263
N9260|6145|0.076925,N9259|8520|0.048263,0.00384301
N10313|9230|1.208993,N10320|2151|2.016699,0.0123791
N9260|6145|0.076925,N9282|10971|1.28364,0.0139636
N9260|6145|0.076925,N9256|2757|2.040753,0.00615764
N9260|6145|0.076925,N9257|6339|0.058928,0.00461635
N10313|9230|1.208993,N10329|13495|2.243571,0.0115948
N9260|6145|0.076925,N9286|1853|1.74475,0.0124104
N9260|6145|0.076925,N9267|10389|2.109554,0.0139541
N9260|6145|0.076925,N9268|8263|0.021383,0.0108352
N10313|9230|1.208993,N10327|6676|3.397759,0.0147419
N9260|6145|0.076925,N9255|14771|0.350205,0.00461636
N9260|6145|0.076925,N9382|3614|0.131365,0.0147436
N10313|9230|1.208993,N10299|10444|2.378877,0.00925534
N10313|9230|1.208993,N10315|6133|1.421078,0.00771139
N12589|4455|2.489465,N12550|8083|0.027918,0.0116108
N9260|6145|0.076925,N9281|5602|0.079699,0.00848648
N9260|6145|0.076925,N9370|6191|0.044663,0.0139559
N12589|4455|2.489465,N12588|14367|1.187912,0.00849272
N9260|6145|0.076925,N9294|15120|0.75094,0.0147329
N9260|6145|0.076925,N9266|13703|1.254768,0.0116261
N12589|4455|2.489465,N12554|10454|0.637343,0.0116023
N9260|6145|0.076925,N9263|4414|1.894238,0.0123939
N9260|6145|0.076925,N9264|5275|1.087171,0.0124167
N9260|6145|0.076925,N9273|13046|0.2787,0.0100582
N9260|6145|0.076925,N9358|15303|1.043357,0.0131685
N9260|6145|0.076925,N9272|7257|0.692674,0.0100581
N10420|12519|2.497745,N10421|1621|0.185784,0.00693609
N10420|12519|2.497745,N10432|5320|1.445576,0.0100443
N10420|12519|2.497745,N10422|3726|1.772569,0.0131841
N10420|12519|2.497745,N10414|11960|1.623667,0.013961
N8557|3708|1.262066,N8544|7232|0.87161,0.014729
N8557|3708|1.262066,N8547|9642|2.033348,0.00616107
N8557|3708|1.262066,N8535|9122|0.13603,0.0147396
N8557|3708|1.262066,N8552|6239|1.256476,0.0100654
N8557|3708|1.262066,N8549|12863|1.403818,0.00771092
N12830|10626|2.596426,N12820|10510|1.053005,0.00694773
N12830|10626|2.596426,N12836|2163|0.698963,0.0123976
N12830|10626|2.596426,N12818|8757|0.486387,0.0123912
N12830|10626|2.596426,N12816|3814|0.423491,0.00539535
N12830|10626|2.596426,N12823|9813|0.830819,0.00694776
N12830|10626|2.596426,N12828|12550|1.212722,0.00694774
N12830|10626|2.596426,N12815|11358|1.139968,0.00850208
N12830|10626|2.596426,N12841|14215|0.661025,0.00616921
N12830|10626|2.596426,N12821|14257|0.767312,0.00851095
N12830|10626|2.596426,N12832|10581|0.014099,0.00771824
N12830|10626|2.596426,N12817|13932|1.254999,0.0131778
N12830|10626|2.596426,N12835|5032|0.52659,0.0139693
N12830|10626|2.596426,N12831|6709|1.504096,0.00307618
N10182|1858|1.078629,N10185|6649|6.921108,0.0108355
N12830|10626|2.596426,N12827|7021|0.494991,0.00693607
N12830|10626|2.596426,N12839|3259|2.23288,0.0124065
N10182|1858|1.078629,N10183|1929|0.073881,0.00153464
N12830|10626|2.596426,N12822|1932|2.476291,0.0100653
N12830|10626|2.596426,N12829|15189|0.468004,0.00385006
N12830|10626|2.596426,N12826|10353|2.203998,0.0100574
N12830|10626|2.596426,N12819|6009|0.132923,0.0131778
N12830|10626|2.596426,N12824|13110|5.024155,0.0147939
N12830|10626|2.596426,N12837|3001|4.039749,0.0139797
N12830|10626|2.596426,N12840|8247|1.106403,0.00771734
N12830|10626|2.596426,N12834|6657|0.028154,0.00616917
N12830|10626|2.596426,N12842|5983|3.233808,0.00927864
N12830|10626|2.596426,N12838|7539|1.101225,0.0116308
N12830|10626|2.596426,N12812|2089|1.926513,0.011615
N10695|7785|3.695465,N10698|12792|3.053573,0.012409
N7253|12457|4.157358,N7254|6299|0.918044,0.00694631
N10174|4399|1.879423,N10176|12958|2.724231,0.0132014
N10174|4399|1.879423,N10175|13084|0.779505,0.00616439
N7253|12457|4.157358,N7256|2634|6.571065,0.0139563
N7253|12457|4.157358,N7262|2821|1.430439,0.0147443
N10752|3660|2.730505,N10756|14201|0.794564,0.0108323
N10752|3660|2.730505,N10744|15106|0.931125,0.00771992
N10752|3660|2.730505,N10745|5703|0.574657,0.00771992
N10752|3660|2.730505,N10757|13478|4.282374,0.014758
N10752|3660|2.730505,N10755|9910|0.092655,0.0123837
N10752|3660|2.730505,N10747|6612|0.988886,0.00927741
N8973|10145|2.089194,N8971|9569|0.51094,0.0046162
N9720|12318|1.019096,N9718|3089|1.589766,0.00927451
N9720|12318|1.019096,N9724|12926|0.820052,0.0139884
N9720|12318|1.019096,N9716|11708|2.376221,0.0108256
N9720|12318|1.019096,N9726|8488|0.687493,0.0147857
N9720|12318|1.019096,N9722|11084|0.167069,0.0124028
N9720|12318|1.019096,N9748|7503|0.077164,0.0147676
N9720|12318|1.019096,N9728|15310|0.085393,0.0147399
N9720|12318|1.019096,N9717|6100|7.537105,0.0147527
N9720|12318|1.019096,N9727|2654|0.637465,0.0131676
N12649|2098|1.034296,N12646|13270|0.39972,0.0124195
N12649|2098|1.034296,N12369|13497|0.468312,0.0147453
N12649|2098|1.034296,N12639|5176|2.615927,0.0139959
N8043|9865|0.63246,N8044|9099|2.65147,0.0123776
N8043|9865|0.63246,N8045|8813|1.774773,0.0139356
N8043|9865|0.63246,N8042|14900|0.883668,0.00462808
N12870|12610|0.992737,N12869|8519|0.682923,0.0139783
N12870|12610|0.992737,N12874|15200|0.833692,0.00928315
N12870|12610|0.992737,N12876|12962|3.113938,0.0139791
N12870|12610|0.992737,N12872|13249|0.725588,0.00849635
N11212|1937|0.207728,N11213|6878|0.573284,0.0123996
N11212|1937|0.207728,N11214|1991|2.311136,0.014763
N11212|1937|0.207728,N11216|9423|0.027099,0.0124063
N10641|13734|0.125994,N10649|4143|0.33077,0.0108333
N10641|13734|0.125994,N10645|12781|2.186726,0.00926087
N10903|6213|2.355075,N10902|3258|0.585236,0.00926554
N10641|13734|0.125994,N10651|6107|1.702862,0.0139527
N10641|13734|0.125994,N10639|11664|3.280885,0.0131552
N10641|13734|0.125994,N10644|14088|2.503778,0.0131834
N10903|6213|2.355075,N10901|13755|3.29533,0.010845
N11893|13009|1.076048,N11891|11355|0.511365,0.00538872
N11893|13009|1.076048,N11888|2289|1.048972,0.0100359
N11893|13009|1.076048,N11892|11963|0.741992,0.00770577
N11588|10648|1.731461,N11584|2146|2.577156,0.0100611
N11893|13009|1.076048,N11890|9921|2.525315,0.0100497
N11588|10648|1.731461,N11624|6571|0.228305,0.0116115
N11588|10648|1.731461,N11605|4602|3.361874,0.013169
N11588|10648|1.731461,N11587|4473|0.848148,0.0108421
N11588|10648|1.731461,N11603|11797|1.655793,0.0116322
N11588|10648|1.731461,N11599|10603|1.183727,0.0124141
N11588|10648|1.731461,N11616|10945|0.229646,0.0131679
N11588|10648|1.731461,N11610|4641|2.194546,0.0116221
N11588|10648|1.731461,N11612|7607|5.393571,0.0116337
N11588|10648|1.731461,N11602|1469|0.068194,0.0100658
N11588|10648|1.731461,N11591|13159|3.538013,0.01397
N11588|10648|1.731461,N11589|3883|4.024833,0.00616755
N11588|10648|1.731461,N11623|8724|0.045337,0.0139953
N11588|10648|1.731461,N11604|14042|0.61391,0.00926675
N11588|10648|1.731461,N11590|5683|3.705132,0.0108456
N11588|10648|1.731461,N11595|5624|0.527232,0.00928736
N11588|10648|1.731461,N11596|10816|0.692399,0.00928738
N11588|10648|1.731461,N11592|6662|0.082858,0.00694815
N11588|10648|1.731461,N11606|7388|0.162691,0.00849297
N11588|10648|1.731461,N11613|13304|1.663156,0.0108243
N11588|10648|1.731461,N11611|3842|2.309476,0.00926675
N9990|8796|0.29883,N9986|3239|0.136725,0.00694071
N9990|8796|0.29883,N9989|12587|5.539199,0.00538676
N9990|8796|0.29883,N9991|3356|4.003899,0.00694623
N11588|10648|1.731461,N11600|4625|0.576178,0.0100726
N9990|8796|0.29883,N9998|13481|1.227033,0.0116175
N11588|10648|1.731461,N11593|9226|1.599335,0.0108403
N11588|10648|1.731461,N11618|14976|1.619459,0.0148151
N11588|10648|1.731461,N11586|11857|2.323915,0.0131836
N11588|10648|1.731461,N11607|13674|2.220092,0.0108359
N10339|3305|1.988433,N10314|1679|0.052918,0.0131895
N11588|10648|1.731461,N11614|15324|0.132472,0.0108358
N11588|10648|1.731461,N11620|14204|1.80573,0.0147735
N9053|4283|4.77E-4,N9024|12922|0.37453,0.0116154
N9053|4283|4.77E-4,N9052|14584|0.768909,0.00385017
N9053|4283|4.77E-4,N9055|8837|0.029904,0.00307299
N9053|4283|4.77E-4,N8994|15030|1.499435,0.0139856
N9053|4283|4.77E-4,N9042|4508|0.255122,0.0100489
N9053|4283|4.77E-4,N9015|1762|1.460395,0.0139804
N9053|4283|4.77E-4,N9000|2661|1.128144,0.0139698
N9053|4283|4.77E-4,N9010|5896|0.079458,0.014759
N8859|4263|0.786852,N8861|1846|2.103312,0.00928416
N9053|4283|4.77E-4,N9035|8717|1.582124,0.0108334
N9053|4283|4.77E-4,N9044|5166|2.117901,0.0123904
N9053|4283|4.77E-4,N9036|15289|0.836622,0.00694105
N8859|4263|0.786852,N8868|14599|0.735291,0.00850023
N9053|4283|4.77E-4,N9050|14172|5.451576,0.011601
N9053|4283|4.77E-4,N9021|7955|0.469038,0.0108591
N9053|4283|4.77E-4,N9045|13243|0.113371,0.0131749
N9053|4283|4.77E-4,N9008|6572|1.500492,0.0139809
N10244|1673|0.374106,N10251|4593|1.663771,0.0139938
N9053|4283|4.77E-4,N9041|13663|0.42431,0.00927749
N9053|4283|4.77E-4,N9017|9094|2.029675,0.0131871
N9053|4283|4.77E-4,N9054|10461|2.648133,0.00384302
N10244|1673|0.374106,N10253|13358|0.566741,0.0116338
N9053|4283|4.77E-4,N9037|3151|0.565871,0.00850112
N9053|4283|4.77E-4,N9049|10265|3.185581,0.0147505
N9053|4283|4.77E-4,N9033|6190|1.42565,0.0139611
N9053|4283|4.77E-4,N9009|14787|1.215625,0.0147901
N9053|4283|4.77E-4,N9051|3727|0.752761,0.00384655
N9053|4283|4.77E-4,N9019|1759|3.21172,0.0100486
N9053|4283|4.77E-4,N9012|7036|0.144812,0.0131902
N10244|1673|0.374106,N10243|3916|0.411198,0.00538488
N8480|13341|0.082904,N8482|6029|0.305383,0.00694626
N9053|4283|4.77E-4,N9005|9621|0.184888,0.0124017
N9053|4283|4.77E-4,N9018|7028|1.271107,0.00927393
N8480|13341|0.082904,N8483|13013|1.452695,0.00849159
N9053|4283|4.77E-4,N9020|4424|0.845904,0.00850034
N9053|4283|4.77E-4,N9026|1384|1.778624,0.0132172
N8480|13341|0.082904,N8487|11714|0.291764,0.0116002
N9053|4283|4.77E-4,N9023|13272|1.556355,0.0124094
N8480|13341|0.082904,N8464|6997|0.845618,0.0108241
N7710|11480|1.858283,N7711|1601|0.185578,0.00461979
N7710|11480|1.858283,N7696|6211|2.346475,0.0124032
N8211|8123|0.377723,N8208|6083|2.403218,0.0116047
N7450|4514|0.348837,N7440|4221|1.427708,0.00927839
N7450|4514|0.348837,N7451|13616|0.92384,0.00384336
N7450|4514|0.348837,N7439|8645|0.933322,0.0084965
N7450|4514|0.348837,N7466|3451|0.070638,0.0139609
N7450|4514|0.348837,N7453|14226|3.199795,0.00462397
N7450|4514|0.348837,N7437|6623|2.839089,0.0147722
N7450|4514|0.348837,N7441|15268|1.890086,0.0100496
N7450|4514|0.348837,N7445|3439|0.825649,0.0023053
N7710|11480|1.858283,N7712|14567|5.434348,0.0131685
N11106|12769|0.259315,N11118|3441|0.266943,0.0139964
N11106|12769|0.259315,N11101|7070|0.946171,0.00617781
N7710|11480|1.858283,N7700|13769|0.192904,0.0139751
N7710|11480|1.858283,N7703|6455|2.844013,0.0147606
N7710|11480|1.858283,N7709|11706|0.15315,0.00693326
N7710|11480|1.858283,N7714|3550|0.106017,0.00929128
N7710|11480|1.858283,N7713|13298|0.510114,0.0108261
N9089|7407|0.673672,N9092|7977|0.640735,0.00927456
N11106|12769|0.259315,N11108|5884|0.77288,0.0131957
N9089|7407|0.673672,N8994|15030|1.499435,0.0123979
N11106|12769|0.259315,N11097|12564|1.398948,0.00695643
N9089|7407|0.673672,N9078|11705|0.814549,0.0116203
N9089|7407|0.673672,N9071|9717|1.854277,0.00928274
N9089|7407|0.673672,N9080|9415|4.226647,0.0139781
N10950|13305|2.123607,N10934|13815|0.189545,0.0116293
N9089|7407|0.673672,N9061|11039|0.602917,0.00771338
N10950|13305|2.123607,N10952|8842|2.528475,0.0124197
N9089|7407|0.673672,N9062|2969|4.753182,0.0100413
N10950|13305|2.123607,N10936|3645|4.274939,0.0147578
N9089|7407|0.673672,N9085|3354|5.903963,0.0139674
N10950|13305|2.123607,N10939|4559|0.840806,0.0124064
N9089|7407|0.673672,N9091|13968|0.501484,0.00926985
N9089|7407|0.673672,N9064|14935|3.181566,0.012398
N9089|7407|0.673672,N9077|2409|0.356179,0.0108335
N9089|7407|0.673672,N9081|8706|1.386561,0.0108355
N9089|7407|0.673672,N9072|4235|1.055492,0.00771996
N9089|7407|0.673672,N9082|6397|0.367536,0.00928449
N9089|7407|0.673672,N9086|13394|0.878173,0.00230453
N9089|7407|0.673672,N9063|14968|3.46223,0.011622
N9089|7407|0.673672,N9060|5017|1.651897,0.00849044
N9089|7407|0.673672,N9079|12702|0.242011,0.0116334
N9089|7407|0.673672,N9093|4904|4.408737,0.0147699
N9089|7407|0.673672,N9070|12994|1.368415,0.0108386
N9089|7407|0.673672,N9066|8542|2.20717,0.0108736
N9089|7407|0.673672,N9073|8685|2.253138,0.0147848
N9089|7407|0.673672,N9076|5982|3.03622,0.0147562
N9089|7407|0.673672,N9059|3952|0.117079,0.00694106
N9089|7407|0.673672,N9090|5865|0.111667,0.00616923
N9089|7407|0.673672,N9069|8647|2.490183,0.0108421
N9089|7407|0.673672,N9075|13959|2.641422,0.0116233
N9089|7407|0.673672,N9058|3054|0.871612,0.0100443
N9089|7407|0.673672,N9074|12197|2.750243,0.0123904
N9156|13966|0.714533,N9153|7987|3.861358,0.0061644
N9156|13966|0.714533,N9154|8775|1.938037,0.00461621
N11129|6420|3.029763,N11128|15329|2.078366,0.00615676
N11129|6420|3.029763,N11122|13125|0.808548,0.0147506
N11129|6420|3.029763,N11123|11876|0.935761,0.0131905
N11129|6420|3.029763,N11125|15318|0.689442,0.0139564
N11129|6420|3.029763,N11130|3135|1.45532,0.00927003
N7625|3016|0.312799,N7603|12566|1.558334,0.0131713
N7625|3016|0.312799,N7623|1912|0.329254,0.0077179
N7625|3016|0.312799,N7624|8697|0.719776,0.0131827
N7625|3016|0.312799,N7618|8594|1.069863,0.0147396
N7625|3016|0.312799,N7616|10188|1.521941,0.0147399
N7831|7277|0.377138,N7811|13428|1.645986,0.0147453
N7831|7277|0.377138,N7819|13882|1.436249,0.0124014
N7831|7277|0.377138,N7814|5279|0.380088,0.0100514
N7831|7277|0.377138,N7832|9416|0.759916,0.00772829
N7831|7277|0.377138,N7813|11090|0.345574,0.0147504
N7831|7277|0.377138,N7825|10194|4.905259,0.0147702
N9466|11318|0.33769,N9473|13517|0.761633,0.00694595
N9466|11318|0.33769,N9471|3158|0.581705,0.00230449
N10727|11162|3.195729,N10740|14410|2.284142,0.0116069
N10727|11162|3.195729,N10735|8144|0.65834,0.0147472
N9466|11318|0.33769,N9468|13363|1.827368,0.00230467
N10727|11162|3.195729,N10712|12789|1.346723,0.0139641
N9466|11318|0.33769,N9475|2667|0.359735,0.000767357
N9466|11318|0.33769,N9474|9017|1.451983,0.00539054
N11821|8630|1.302247,N11832|5076|0.375143,0.0124193
N9466|11318|0.33769,N9464|5466|2.500258,0.00928353
N11821|8630|1.302247,N11818|14577|0.522973,0.00771306
N11821|8630|1.302247,N11816|5165|3.807683,0.0131824
N11821|8630|1.302247,N11845|7795|0.316845,0.0108321
N11821|8630|1.302247,N11822|13844|1.50106,0.00384235
N11821|8630|1.302247,N11833|10670|4.114445,0.0131751
N9466|11318|0.33769,N9463|10192|2.595043,0.0123833
N11821|8630|1.302247,N11829|6136|3.535808,0.0108358
N9466|11318|0.33769,N9469|8841|0.631808,0.00695609
N11821|8630|1.302247,N11820|2273|0.700337,0.0108175
N11821|8630|1.302247,N11826|10781|1.093903,0.00771765
N11821|8630|1.302247,N11835|1559|2.226693,0.0147581
N9466|11318|0.33769,N9472|2578|0.263727,0.00539052
N9466|11318|0.33769,N9461|6816|1.325411,0.00772805
N11821|8630|1.302247,N11805|9530|2.079066,0.0131922
N11821|8630|1.302247,N11824|12275|0.381059,0.00230592
N11821|8630|1.302247,N11799|11006|0.930139,0.0131959
N11821|8630|1.302247,N11812|8304|1.873095,0.0131871
N11821|8630|1.302247,N11801|13264|1.168057,0.0131749
N11821|8630|1.302247,N11844|10359|0.208095,0.0116175
N9466|11318|0.33769,N9465|7044|0.718834,0.00307295
N9466|11318|0.33769,N9476|7780|0.27861,0.00230467
N7375|12172|2.42398,N7380|1923|4.353238,0.0148352
N7508|7495|2.341424,N7510|14463|2.682284,0.0100696
N7508|7495|2.341424,N7509|13164|6.100028,0.0100695
N7508|7495|2.341424,N7507|11063|0.809837,0.00926536
N7508|7495|2.341424,N7512|7683|1.2369,0.0147583
N12311|3713|2.175775,N12304|2562|0.235725,0.00539649
N12311|3713|2.175775,N12319|7679|1.193238,0.013978
N12311|3713|2.175775,N12308|5775|1.252486,0.00852312
N12311|3713|2.175775,N12315|15139|2.647388,0.0140002
N8944|9132|1.394551,N8939|12608|0.033444,0.00849273
N8944|9132|1.394551,N8941|14203|1.307343,0.0100495
N12311|3713|2.175775,N12309|10166|0.928832,0.000767361
N8944|9132|1.394551,N8938|12763|3.197821,0.0123979
N12678|5549|0.607867,N12656|3489|0.856322,0.0100608
N12678|5549|0.607867,N12679|14019|1.181258,0.0061733
N12678|5549|0.607867,N12673|4752|1.088216,0.00694101
N12678|5549|0.607867,N12663|2204|1.369974,0.0147499
N12678|5549|0.607867,N12675|3288|2.397704,0.00849043
N12678|5549|0.607867,N12668|15202|0.179902,0.0053899
N12678|5549|0.607867,N12670|10894|2.37048,0.00616434
N12678|5549|0.607867,N12684|5768|0.171538,0.013956
N8944|9132|1.394551,N8947|9745|0.337258,0.0108399
N12678|5549|0.607867,N12676|14361|6.138787,0.0108249
N12678|5549|0.607867,N12660|6563|0.037792,0.0131877
N8944|9132|1.394551,N8963|5098|2.636494,0.0139708
N7921|13942|2.702204,N7909|4014|2.262508,0.0100607
N7921|13942|2.702204,N7910|2934|1.169772,0.0139724
N8944|9132|1.394551,N8946|6380|0.862479,0.0108278
N7921|13942|2.702204,N7912|10772|0.239024,0.0108196
N7921|13942|2.702204,N7919|12802|6.068616,0.00851218
N8944|9132|1.394551,N8948|7351|0.152822,0.0108416
N8944|9132|1.394551,N8942|9028|0.173101,0.00694516
N8944|9132|1.394551,N8943|13221|3.526765,0.0100525
N9261|7591|0.788508,N9278|8324|0.126293,0.0139648
N9654|10789|0.361412,N9653|6696|0.376834,0.00462395
N9654|10789|0.361412,N9666|10428|0.678849,0.0147399
N9654|10789|0.361412,N9663|7866|2.070923,0.0131922
N9261|7591|0.788508,N9270|11008|0.082626,0.0147343
N9261|7591|0.788508,N9274|10577|0.532175,0.0131745
N9261|7591|0.788508,N9262|6125|2.291039,0.0100404
N9261|7591|0.788508,N9265|6867|2.063789,0.00461352
N12443|9845|0.533965,N12431|9022|3.267187,0.0124025
N9261|7591|0.788508,N9259|8520|0.048263,0.0108362
N9261|7591|0.788508,N9256|2757|2.040753,0.0131798
N12443|9845|0.533965,N12444|4137|0.107218,0.0038439
N12443|9845|0.533965,N12454|9739|0.606509,0.00693601
N9261|7591|0.788508,N9257|6339|0.058928,0.0116123
N9261|7591|0.788508,N9267|10389|2.109554,0.008496
N9261|7591|0.788508,N9268|8263|0.021383,0.0147472
N12443|9845|0.533965,N12428|3118|1.22185,0.0092861
N9261|7591|0.788508,N9255|14771|0.350205,0.0116123
N12443|9845|0.533965,N12432|11765|4.38801,0.0124243
N12443|9845|0.533965,N12447|13631|1.752321,0.00616424
N12443|9845|0.533965,N12441|15258|0.530176,0.00849268
N9261|7591|0.788508,N9281|5602|0.079699,0.0147436
N12443|9845|0.533965,N12430|11924|0.617032,0.00927826
N9261|7591|0.788508,N9266|13703|1.254768,0.00461259
N9261|7591|0.788508,N9263|4414|1.894238,0.00538742
N9261|7591|0.788508,N9264|5275|1.087171,0.00538499
N12431|9022|3.267187,N12444|4137|0.107218,0.0116256
N12431|9022|3.267187,N12454|9739|0.606509,0.0139494
N9261|7591|0.788508,N9273|13046|0.2787,0.0139612
N9261|7591|0.788508,N9272|7257|0.692674,0.0139557
N12431|9022|3.267187,N12428|3118|1.22185,0.0139725
N12431|9022|3.267187,N12432|11765|4.38801,0.0139643
N12431|9022|3.267187,N12447|13631|1.752321,0.0123906
N12431|9022|3.267187,N12441|15258|0.530176,0.0147328
N11671|8207|1.773179,N11710|2454|2.974964,0.014751
N11671|8207|1.773179,N11668|8814|0.241117,0.0084845
N12431|9022|3.267187,N12430|11924|0.617032,0.00926072
N11671|8207|1.773179,N11709|8765|2.407597,0.0147436
N8424|9554|1.692868,N8444|2159|1.045095,0.0139467
N8424|9554|1.692868,N8422|6992|3.41521,0.010039
N11671|8207|1.773179,N11665|4465|1.044819,0.0116072
N8424|9554|1.692868,N8487|11714|0.291764,0.0139804
N8424|9554|1.692868,N8452|11623|1.6017,0.0139525
N8424|9554|1.692868,N8421|4691|2.121792,0.0100356
N8424|9554|1.692868,N8448|8509|0.921513,0.0147558
N8424|9554|1.692868,N8461|4708|0.70719,0.0139776
N11671|8207|1.773179,N11661|1883|0.916116,0.00615978
N11671|8207|1.773179,N11666|12127|1.023498,0.0100444
N11671|8207|1.773179,N11679|11343|0.672931,0.0115914
N11671|8207|1.773179,N11681|13181|1.679551,0.0108119
N11671|8207|1.773179,N11664|11254|0.625896,0.0108248
N11671|8207|1.773179,N11662|14010|1.873188,0.0100408
N11671|8207|1.773179,N11670|2581|1.385504,0.00616611
N11671|8207|1.773179,N11682|5969|0.745534,0.0131721
N7679|5496|1.093833,N7682|6530|0.602967,0.00153689
N10525|5486|3.135281,N10541|2290|2.197935,0.0139476
N10525|5486|3.135281,N10535|12368|0.523269,0.0108502
N11213|6878|0.573284,N11214|1991|2.311136,0.00230532
N11213|6878|0.573284,N11216|9423|0.027099,0.00153499
N11213|6878|0.573284,N11199|2139|0.525467,0.0139671
N7679|5496|1.093833,N7681|13095|0.579372,0.00307694
N12879|5607|0.1192,N12884|13010|4.320356,0.0139784
N12879|5607|0.1192,N12893|11684|0.283743,0.0124137
N7679|5496|1.093833,N7680|2234|1.066566,0.00461766
N7679|5496|1.093833,N7678|14971|2.708855,0.0100582
N12879|5607|0.1192,N12891|12862|2.908224,0.0116345
N7679|5496|1.093833,N7684|6871|1.591664,0.00384521
N10491|10314|2.891016,N10482|5922|0.535341,0.00771844
N10491|10314|2.891016,N10486|7408|2.057458,0.0132171
N10491|10314|2.891016,N10504|14885|0.410614,0.0139692
N10491|10314|2.891016,N10483|12438|7.061558,0.0132593
N10491|10314|2.891016,N10487|12981|0.426877,0.0116654
N10491|10314|2.891016,N10505|8617|0.171908,0.0147577
N10144|10318|0.620825,N10134|10164|0.493397,0.0116214
N10144|10318|0.620825,N10143|6541|0.293384,0.0116378
N10144|10318|0.620825,N10142|7934|0.750452,0.0123905
N10144|10318|0.620825,N10166|2973|2.002367,0.0139963
N10144|10318|0.620825,N10138|2567|0.548902,0.0092836
N10144|10318|0.620825,N10164|13306|0.449205,0.0100869
N10144|10318|0.620825,N10165|9426|0.030185,0.0124291
N11891|11355|0.511365,N11863|6226|0.321138,0.0139434
N11891|11355|0.511365,N11867|7533|0.320478,0.0131866
N11891|11355|0.511365,N11864|12078|0.107577,0.0131751
N10144|10318|0.620825,N10159|5347|1.089161,0.011611
N11891|11355|0.511365,N11899|5125|0.206034,0.0139397
N10144|10318|0.620825,N10169|2065|3.860674,0.0108742
N11891|11355|0.511365,N11888|2289|1.048972,0.0061674
N10144|10318|0.620825,N10151|6496|1.236271,0.0132002
N10144|10318|0.620825,N10148|14970|1.835456,0.00694785
N11891|11355|0.511365,N11892|11963|0.741992,0.00384623
N11891|11355|0.511365,N11866|9059|0.195271,0.0139562
N10144|10318|0.620825,N10141|15388|1.388087,0.0116152
N11891|11355|0.511365,N11890|9921|2.525315,0.00616436
N10144|10318|0.620825,N10150|8448|0.63063,0.00462619
N10144|10318|0.620825,N10140|13774|1.624122,0.00695531
N10144|10318|0.620825,N10145|8073|2.673846,0.00616953
N10131|5890|0.363928,N10133|8848|1.209366,0.011618
N10144|10318|0.620825,N10153|2144|0.895476,0.00850136
N10144|10318|0.620825,N10146|10997|1.204118,0.00616926
N10144|10318|0.620825,N10147|10051|1.378086,0.00539348
N10144|10318|0.620825,N10149|11080|0.160309,0.0038501
N10144|10318|0.620825,N10154|13738|0.207181,0.00851219
N10144|10318|0.620825,N10152|9351|0.056029,0.0108577
N10144|10318|0.620825,N10158|14329|0.227607,0.0108444
N10144|10318|0.620825,N10160|4433|0.171967,0.0108464
N10144|10318|0.620825,N10136|6253|0.845949,0.00849996
N10326|9873|2.510876,N10325|4335|2.758753,0.00462101
N10326|9873|2.510876,N10335|7022|4.080779,0.0139768
N10326|9873|2.510876,N10331|14268|0.255619,0.0092734
N10144|10318|0.620825,N10139|5635|0.470954,0.00695531
N10326|9873|2.510876,N10314|1679|0.052918,0.0108328
N10144|10318|0.620825,N10135|3888|1.954201,0.0092735
N10326|9873|2.510876,N10329|13495|2.243571,0.00693057
N10002|7476|0.502707,N10003|8179|1.034743,0.00926076
N10326|9873|2.510876,N10327|6676|3.397759,0.00695906
N10326|9873|2.510876,N10328|7748|7.056543,0.0123835
N10326|9873|2.510876,N10299|10444|2.378877,0.0139356
N10326|9873|2.510876,N10315|6133|1.421078,0.0131861
N10350|11191|0.820068,N10359|3528|0.718846,0.0116108
N10350|11191|0.820068,N10362|6018|3.823563,0.0124134
N10350|11191|0.820068,N10361|6407|0.442998,0.0124248
N10002|7476|0.502707,N10007|2209|1.244396,0.0116003
N10002|7476|0.502707,N10008|2048|0.176038,0.00770672
N10002|7476|0.502707,N10005|1981|0.776109,0.00926429
N10002|7476|0.502707,N10004|5892|0.777952,0.00926656
N8268|8648|0.845495,N8290|2568|1.4958,0.013967
N8268|8648|0.845495,N8270|12417|0.104344,0.0131647
N8268|8648|0.845495,N8293|1656|0.456544,0.0147891
N8268|8648|0.845495,N8276|7340|0.140385,0.0123834
N11809|3248|2.180797,N11810|3510|0.371168,0.0077199
N8268|8648|0.845495,N8271|14464|0.211769,0.0116108
N8268|8648|0.845495,N8278|12996|0.77561,0.0139465
N8268|8648|0.845495,N8294|7565|3.15105,0.0147891
N8268|8648|0.845495,N8295|11083|0.439892,0.0147735
N8268|8648|0.845495,N8274|11759|1.247002,0.0147735
N8036|14795|5.15202,N8034|11942|0.98519,0.0116304
N8036|14795|5.15202,N8039|4402|0.429196,0.00927528
N8036|14795|5.15202,N8022|12003|0.569686,0.0131838
N8268|8648|0.845495,N8269|4029|0.03278,0.0147736
N8268|8648|0.845495,N8272|10761|0.822104,0.0116078
N8268|8648|0.845495,N8281|15228|0.040968,0.0147454
N8268|8648|0.845495,N8280|5972|1.604295,0.0139455
N8268|8648|0.845495,N8266|9494|2.242049,0.0139692
N10381|6615|3.480243,N10378|5783|3.546923,0.00849274
N9653|6696|0.376834,N9649|12671|0.640512,0.0147675
N9653|6696|0.376834,N9666|10428|0.678849,0.0131747
N9653|6696|0.376834,N9645|7861|2.229129,0.0147778
N9653|6696|0.376834,N9663|7866|2.070923,0.0116307
N9653|6696|0.376834,N9648|3195|1.423632,0.0131952
N8593|14066|6.884081,N8594|10280|0.478187,0.00230291
N8593|14066|6.884081,N8597|3589|2.374505,0.00926641
N8593|14066|6.884081,N8603|14859|1.315696,0.0084915
N8593|14066|6.884081,N8606|11109|4.121354,0.0124035
N10381|6615|3.480243,N10379|8555|1.286615,0.00616152
N8593|14066|6.884081,N8585|6747|4.03225,0.0131611
N10381|6615|3.480243,N10383|2736|1.774963,0.00927521
N8593|14066|6.884081,N8581|6371|0.050036,0.0100514
N8593|14066|6.884081,N8574|1551|0.966694,0.0116128
N8593|14066|6.884081,N8600|9314|0.056536,0.0084915
N8670|11686|1.623364,N8674|9719|0.296966,0.0100564
N8670|11686|1.623364,N8661|10851|1.961822,0.0147313
N8670|11686|1.623364,N8672|2210|0.469018,0.00927828
N8670|11686|1.623364,N8673|13767|0.155844,0.00849032
N8670|11686|1.623364,N8675|12520|4.641865,0.0139692
N8670|11686|1.623364,N8678|10511|0.772648,0.0123991
N10242|8611|0.634697,N10241|8761|4.51581,0.00693616
N10014|13860|4.116099,N10015|10392|4.725212,0.0131831
N12615|10228|1.212348,N12621|1623|1.449089,0.0100494
N10242|8611|0.634697,N10254|5148|2.583065,0.0147586
N13052|14348|1.81875,N13053|4954|0.008268,0.0069409
N10242|8611|0.634697,N10251|4593|1.663771,0.0147677
N10242|8611|0.634697,N10253|13358|0.566741,0.0124067
N13052|14348|1.81875,N13046|7586|0.27506,0.0147502
N11832|5076|0.375143,N11818|14577|0.522973,0.0124194
N11832|5076|0.375143,N11845|7795|0.316845,0.00927553
N11832|5076|0.375143,N11822|13844|1.50106,0.0147495
N11832|5076|0.375143,N11833|10670|4.114445,0.0131787
N11832|5076|0.375143,N11820|2273|0.700337,0.014753
N11832|5076|0.375143,N11810|3510|0.371168,0.0147792
N11832|5076|0.375143,N11826|10781|1.093903,0.0124331
N11832|5076|0.375143,N11835|1559|2.226693,0.013196
N11832|5076|0.375143,N11805|9530|2.079066,0.0124161
N11832|5076|0.375143,N11824|12275|0.381059,0.0131964
N11832|5076|0.375143,N11799|11006|0.930139,0.010066
N11832|5076|0.375143,N11812|8304|1.873095,0.0116232
N11832|5076|0.375143,N11801|13264|1.168057,0.0123982
N11832|5076|0.375143,N11844|10359|0.208095,0.0100575
N10232|14736|2.171854,N10235|1812|3.471862,0.0100841
N8679|11931|0.669346,N8686|3829|3.228244,0.00616626
N10130|10452|1.038436,N10128|9429|4.939596,0.0139397
N8679|11931|0.669346,N8687|12321|2.324755,0.00770875
N8679|11931|0.669346,N8680|4515|3.231541,0.00770625
N8679|11931|0.669346,N8691|3049|1.408434,0.00926648
N11558|4971|0.648042,N11559|6495|3.813551,0.0139788
N11558|4971|0.648042,N11509|7537|0.30586,0.0124019
N11558|4971|0.648042,N11526|15011|1.043239,0.0124282
N11558|4971|0.648042,N11529|10443|1.930225,0.0140144
N11558|4971|0.648042,N11543|4427|0.832731,0.0123981
N11558|4971|0.648042,N11552|14034|0.499465,0.00462638
N11558|4971|0.648042,N11555|3021|1.953023,0.00694697
N11558|4971|0.648042,N11548|11137|5.21459,0.0147479
N8110|15337|3.848228,N8107|6063|0.03488,0.0131748
N8110|15337|3.848228,N8109|8483|1.323114,0.00928427
N9536|5834|0.684354,N9542|13337|0.791992,0.0123873
N9536|5834|0.684354,N9539|6002|0.511961,0.00230858
N9536|5834|0.684354,N9540|4800|2.029471,0.00929605
N12919|9151|0.917177,N12912|6916|0.539543,0.0108362
N12919|9151|0.917177,N12918|10244|5.925615,0.010812
N12919|9151|0.917177,N12915|11312|1.031759,0.0131687
N10366|10328|2.178433,N10363|6770|0.75263,0.00849047
N12142|11873|0.070284,N12137|7572|4.235254,0.0147902
N12142|11873|0.070284,N12139|3882|0.80361,0.00928303
N12142|11873|0.070284,N12140|2962|4.443683,0.0123974
N10366|10328|2.178433,N10364|9025|0.732719,0.012418
N10366|10328|2.178433,N10365|14245|1.181506,0.0123916
N7985|11817|0.231441,N7991|2953|0.737916,0.0131676
N7985|11817|0.231441,N7994|6866|0.804501,0.0131827
N7985|11817|0.231441,N7990|14025|4.32546,0.0139676
N12467|9793|0.066911,N12592|8206|0.170497,0.0139723
N12467|9793|0.066911,N12502|12993|0.028039,0.0100447
N12467|9793|0.066911,N12552|5170|0.349724,0.0108419
N12467|9793|0.066911,N12499|6146|0.539863,0.0123941
N12467|9793|0.066911,N12549|2456|1.816008,0.0131874
N12467|9793|0.066911,N12577|3266|1.65453,0.0139652
N12467|9793|0.066911,N12485|3996|0.147552,0.0116264
N12467|9793|0.066911,N12468|6375|0.086601,0.00693885
N12467|9793|0.066911,N12604|13785|0.97067,0.0147569
N12467|9793|0.066911,N12479|3780|1.151415,0.0139556
N11432|8564|1.106573,N11440|9498|2.349682,0.014735
N11432|8564|1.106573,N11472|6578|0.483504,0.013947
N12467|9793|0.066911,N12490|9625|0.023124,0.0108365
N12467|9793|0.066911,N12556|12239|0.061929,0.0100563
N12467|9793|0.066911,N12547|6940|0.836952,0.0108322
N11432|8564|1.106573,N11447|15071|0.379129,0.011596
N12467|9793|0.066911,N12471|14150|0.434018,0.00771825
N12467|9793|0.066911,N12540|12220|1.135966,0.0132308
N12467|9793|0.066911,N12466|6767|1.259225,0.000767358
N11432|8564|1.106573,N11471|13768|0.711381,0.014726
N12467|9793|0.066911,N12533|7974|0.244196,0.0108507
N11432|8564|1.106573,N11434|2008|6.10435,0.014727
N12467|9793|0.066911,N12591|8487|2.116312,0.0147574
N11432|8564|1.106573,N11452|2698|0.399768,0.0123811
N12467|9793|0.066911,N12516|10422|1.975828,0.0147396
N12467|9793|0.066911,N12597|12730|0.443169,0.0139608
N12467|9793|0.066911,N12551|7510|0.251933,0.0100572
N12467|9793|0.066911,N12584|7383|0.524904,0.0139653
N12467|9793|0.066911,N12566|9121|0.08259,0.013213
N12467|9793|0.066911,N12498|9476|0.063085,0.010042
N12467|9793|0.066911,N12488|12101|1.121635,0.0116175
N12467|9793|0.066911,N12475|4624|0.137927,0.00617768
N12467|9793|0.066911,N12459|10633|0.178368,0.00926074
N10325|4335|2.758753,N10335|7022|4.080779,0.0139767
N10325|4335|2.758753,N10331|14268|0.255619,0.00927337
N12467|9793|0.066911,N12530|10028|0.70269,0.0147576
N12467|9793|0.066911,N12564|8090|2.029125,0.0131747
N12467|9793|0.066911,N12507|9063|0.371893,0.0131807
N12467|9793|0.066911,N12563|8865|1.422802,0.0131761
N12467|9793|0.066911,N12535|11736|0.394495,0.0123976
N12467|9793|0.066911,N12541|4819|2.172499,0.0140083
N12467|9793|0.066911,N12508|14807|0.41106,0.0100441
N10325|4335|2.758753,N10314|1679|0.052918,0.0108327
N12467|9793|0.066911,N12555|4208|2.598968,0.0123776
N12467|9793|0.066911,N12524|7348|0.12227,0.0108246
N12467|9793|0.066911,N12603|6671|3.050434,0.0147496
N12467|9793|0.066911,N12531|6368|0.808906,0.0131919
N12467|9793|0.066911,N12465|9663|3.510964,0.00461616
N12467|9793|0.066911,N12462|6718|0.293305,0.0100411
N12467|9793|0.066911,N12522|10383|1.195617,0.0139712
N12467|9793|0.066911,N12473|13030|2.051846,0.00694089
N12467|9793|0.066911,N12472|2949|0.315673,0.00848648
N10325|4335|2.758753,N10329|13495|2.243571,0.00693056
N12467|9793|0.066911,N12460|14159|2.404334,0.0131684
N12467|9793|0.066911,N12481|5745|0.140218,0.0139613
N12467|9793|0.066911,N12553|5590|1.684612,0.0131745
N10325|4335|2.758753,N10327|6676|3.397759,0.00695904
N12467|9793|0.066911,N12482|15143|0.193936,0.0124031
N12467|9793|0.066911,N12527|9237|0.448218,0.0124025
N10325|4335|2.758753,N10328|7748|7.056543,0.0123835
N10325|4335|2.758753,N10299|10444|2.378877,0.0139355
N12467|9793|0.066911,N12518|9895|2.414444,0.0100741
N12467|9793|0.066911,N12504|8693|0.601243,0.0124031
N10325|4335|2.758753,N10315|6133|1.421078,0.013186
N12519|10480|2.16617,N12550|8083|0.027918,0.0108465
N12519|10480|2.16617,N12514|10912|1.103138,0.0147777
N12519|10480|2.16617,N12602|14045|0.864212,0.0139724
N12467|9793|0.066911,N12519|10480|2.16617,0.00850179
N12467|9793|0.066911,N12550|8083|0.027918,0.0100572
N12467|9793|0.066911,N12602|14045|0.864212,0.0147496
N12519|10480|2.16617,N12588|14367|1.187912,0.0124064
N12467|9793|0.066911,N12588|14367|1.187912,0.0131831
N12519|10480|2.16617,N12492|6139|1.973109,0.0139612
N12467|9793|0.066911,N12492|6139|1.973109,0.0131674
N12467|9793|0.066911,N12600|4349|1.436957,0.0147498
N12519|10480|2.16617,N12554|10454|0.637343,0.0108383
N12519|10480|2.16617,N12500|10430|1.273377,0.0139608
N12519|10480|2.16617,N12534|12395|1.442349,0.0124106
N12519|10480|2.16617,N12369|13497|0.468312,0.0147502
N12467|9793|0.066911,N12554|10454|0.637343,0.0100527
N12467|9793|0.066911,N12500|10430|1.273377,0.0131716
N12519|10480|2.16617,N12569|10700|0.180908,0.0131919
N12467|9793|0.066911,N12534|12395|1.442349,0.0116264
N12519|10480|2.16617,N12497|5875|0.074333,0.0108247
N12467|9793|0.066911,N12505|6802|1.904995,0.0147255
N12467|9793|0.066911,N12569|10700|0.180908,0.0139785
N12519|10480|2.16617,N12483|3059|1.085798,0.0139613
N12467|9793|0.066911,N12497|5875|0.074333,0.0100419
N12519|10480|2.16617,N12513|6383|0.180784,0.0132084
N12519|10480|2.16617,N12480|6588|1.156968,0.0131863
N12519|10480|2.16617,N12517|2545|1.034848,0.00076736
N12467|9793|0.066911,N12545|9734|2.533836,0.0147575
N12467|9793|0.066911,N12483|3059|1.085798,0.0147438
N12519|10480|2.16617,N12529|4469|3.56161,0.0132024
N12467|9793|0.066911,N12513|6383|0.180784,0.0139794
N12519|10480|2.16617,N12528|11921|2.139033,0.0139996
N12519|10480|2.16617,N12476|9967|1.35257,0.0139924
N12519|10480|2.16617,N12461|3483|0.725069,0.0139543
N12467|9793|0.066911,N12480|6588|1.156968,0.0139524
N12467|9793|0.066911,N12517|2545|1.034848,0.00927841
N12519|10480|2.16617,N12546|6374|0.291382,0.0139795
N12467|9793|0.066911,N12529|4469|3.56161,0.0124106
N12467|9793|0.066911,N12528|11921|2.139033,0.0132131
N12467|9793|0.066911,N12476|9967|1.35257,0.00852499
N12467|9793|0.066911,N12461|3483|0.725069,0.0115966
N12467|9793|0.066911,N12546|6374|0.291382,0.0147574
N12467|9793|0.066911,N12487|6538|4.703612,0.0147474
N12386|11372|0.669104,N12391|7250|0.533801,0.0108332
N12656|3489|0.856322,N12679|14019|1.181258,0.0100584
N12656|3489|0.856322,N12673|4752|1.088216,0.00772847
N12656|3489|0.856322,N12663|2204|1.369974,0.0139726
N12656|3489|0.856322,N12675|3288|2.397704,0.010845
N12656|3489|0.856322,N12668|15202|0.179902,0.00616734
N12656|3489|0.856322,N12670|10894|2.37048,0.00694676
N12386|11372|0.669104,N12393|6350|0.37277,0.0147315
N12656|3489|0.856322,N12735|13411|1.300204,0.0139395
N12656|3489|0.856322,N12684|5768|0.171538,0.013994
N12656|3489|0.856322,N12676|14361|6.138787,0.0131859
N12656|3489|0.856322,N12660|6563|0.037792,0.00927853
N8835|5310|1.371126,N8843|1873|0.526106,0.0084917
N8835|5310|1.371126,N8841|12883|1.997299,0.00926665
N8835|5310|1.371126,N8846|12367|2.895876,0.0123837
N12386|11372|0.669104,N12387|10709|1.719147,0.00693899
N8835|5310|1.371126,N8840|7206|2.272763,0.0131787
N8835|5310|1.371126,N8834|4471|2.616645,0.00461515
N8785|10466|1.038498,N8784|1702|3.594054,0.0108325
N8785|10466|1.038498,N8778|15073|3.971629,0.010824
N8785|10466|1.038498,N8779|10442|0.344821,0.00461621
N8785|10466|1.038498,N8786|14179|0.213573,0.01163
N12386|11372|0.669104,N12396|15125|0.104996,0.0147561
N8785|10466|1.038498,N8783|12045|0.175354,0.00461965
N8377|4310|0.039595,N8363|7636|0.882553,0.013187
N9098|7653|1.181511,N9096|14043|0.595258,0.00307825
N8377|4310|0.039595,N8383|13994|3.54899,0.0100655
N9098|7653|1.181511,N9100|9623|2.801365,0.00539394
N8377|4310|0.039595,N8381|9511|0.167241,0.00385016
N9098|7653|1.181511,N9103|13597|1.006136,0.00616109
N8377|4310|0.039595,N8373|6621|4.001402,0.00384395
N9098|7653|1.181511,N9095|15014|0.566255,0.00461396
N8377|4310|0.039595,N8374|10238|9.3E-5,0.00307387
N8377|4310|0.039595,N8362|1898|0.341441,0.0147507
N9098|7653|1.181511,N9105|3123|0.415101,0.00538597
N9098|7653|1.181511,N9097|14457|2.272619,0.00307626
N8877|8049|1.981826,N8876|4101|0.779135,0.003854
N9098|7653|1.181511,N9106|8766|0.804263,0.0131901
N9098|7653|1.181511,N9099|13761|0.672927,0.00153464
N7254|6299|0.918044,N7256|2634|6.571065,0.0116206
N9098|7653|1.181511,N9102|7580|0.64718,0.00694068
N7254|6299|0.918044,N7262|2821|1.430439,0.0123906
N12371|13404|1.919869,N12372|8808|10.900969,0.0123894
N10854|14304|2.852567,N10852|6007|1.931538,0.0116147
N12371|13404|1.919869,N12369|13497|0.468312,0.00850017
N12371|13404|1.919869,N12373|12163|1.077838,0.00851576
N12371|13404|1.919869,N12344|12378|1.266372,0.0147862
N10854|14304|2.852567,N10853|15279|0.529249,0.00539059
N12372|8808|10.900969,N12369|13497|0.468312,0.013176
N12372|8808|10.900969,N12373|12163|1.077838,0.0131801
N10854|14304|2.852567,N10847|5161|0.025112,0.0147536
N10854|14304|2.852567,N10857|9616|1.678103,0.0139414
N10854|14304|2.852567,N10858|9126|1.627575,0.0147252
N8594|10280|0.478187,N8597|3589|2.374505,0.00849989
N8594|10280|0.478187,N8603|14859|1.315696,0.00771315
N8594|10280|0.478187,N8606|11109|4.121354,0.0116126
N8594|10280|0.478187,N8585|6747|4.03225,0.0123874
N8594|10280|0.478187,N8581|6371|0.050036,0.00928421
N8594|10280|0.478187,N8573|5847|3.806004,0.0147437
N8594|10280|0.478187,N8574|1551|0.966694,0.0108281
N8594|10280|0.478187,N8600|9314|0.056536,0.00771315
N11299|2288|1.660374,N11305|3738|1.465005,0.0139633
N9024|12922|0.37453,N9052|14584|0.768909,0.012398
N9024|12922|0.37453,N9055|8837|0.029904,0.0131749
N9024|12922|0.37453,N8994|15030|1.499435,0.0131765
N9024|12922|0.37453,N9042|4508|0.255122,0.0131613
N9024|12922|0.37453,N9015|1762|1.460395,0.0131739
N9024|12922|0.37453,N9000|2661|1.128144,0.0139615
N9024|12922|0.37453,N9010|5896|0.079458,0.013947
N9024|12922|0.37453,N9036|15289|0.836622,0.0116072
N11637|13977|0.394042,N11635|7975|0.702985,0.00384235
N9024|12922|0.37453,N9021|7955|0.469038,0.0100586
N11637|13977|0.394042,N11636|3750|0.574522,0.0023053
N11637|13977|0.394042,N11634|11288|0.334484,0.0131652
N11637|13977|0.394042,N11660|13089|0.382191,0.0147259
N11637|13977|0.394042,N11630|1763|1.271438,0.014735
N9024|12922|0.37453,N9008|6572|1.500492,0.0139527
N9024|12922|0.37453,N9025|2859|3.118515,0.00694081
N9024|12922|0.37453,N9041|13663|0.42431,0.0123905
N9024|12922|0.37453,N9017|9094|2.029675,0.0123917
N9024|12922|0.37453,N9037|3151|0.565871,0.0131785
N9024|12922|0.37453,N9009|14787|1.215625,0.0139648
N9024|12922|0.37453,N9051|3727|0.752761,0.0123994
N9024|12922|0.37453,N9019|1759|3.21172,0.00926078
N9024|12922|0.37453,N9012|7036|0.144812,0.0131677
N9024|12922|0.37453,N9031|14288|3.428243,0.00849286
N9024|12922|0.37453,N9005|9621|0.184888,0.0108198
N9024|12922|0.37453,N9018|7028|1.271107,0.00848662
N9024|12922|0.37453,N9020|4424|0.845904,0.00927464
N9024|12922|0.37453,N9026|1384|1.778624,0.00616436
N9024|12922|0.37453,N9023|13272|1.556355,0.0116112
N7787|8719|5.036862,N7790|14930|0.010534,0.00926557
N7787|8719|5.036862,N7784|10059|2.329542,0.0108354
N7787|8719|5.036862,N7788|5823|4.006263,0.0100488
N12416|7471|4.218489,N12415|14255|3.33958,0.0108248
N7787|8719|5.036862,N7783|3468|0.059187,0.00926419
N7787|8719|5.036862,N7782|5036|1.32555,0.013183
N7787|8719|5.036862,N7785|2154|0.041507,0.00538674
N13024|3542|1.362275,N13027|10423|1.107882,0.0116136
N13024|3542|1.362275,N13026|9197|0.544685,0.0100447
N7787|8719|5.036862,N7792|9946|0.224628,0.0123965
N7787|8719|5.036862,N7777|12890|0.95141,0.00926421
N7787|8719|5.036862,N7794|1492|0.202883,0.0123875
N7787|8719|5.036862,N7789|7892|0.064587,0.00926557
N13024|3542|1.362275,N13014|4486|3.492421,0.0147499
N13024|3542|1.362275,N13023|9255|2.431417,0.0069452
N7787|8719|5.036862,N7795|5061|2.843486,0.013161
N7787|8719|5.036862,N7781|2797|2.301592,0.00926691
N11782|2523|0.488763,N11789|8688|1.087506,0.00772377
N11782|2523|0.488763,N11787|2861|0.090931,0.003073
N7787|8719|5.036862,N7778|3705|0.300916,0.0100442
N11782|2523|0.488763,N11784|11902|1.191376,0.00153792
N11782|2523|0.488763,N11777|9609|0.992037,0.0084929
N8712|8641|0.234128,N8713|12991|2.122045,0.00384392
N8712|8641|0.234128,N8719|4916|3.015596,0.0139343
N8712|8641|0.234128,N8728|8836|1.084428,0.0108312
N8712|8641|0.234128,N8721|12798|0.181439,0.0131569
N8712|8641|0.234128,N8706|10211|1.95804,0.0115966
N8712|8641|0.234128,N8731|10125|1.25572,0.014768
N8712|8641|0.234128,N8724|1934|0.376952,0.0124029
N8713|12991|2.122045,N8728|8836|1.084428,0.0147474
N7790|14930|0.010534,N7784|10059|2.329542,0.00928397
N7790|14930|0.010534,N7753|12672|0.056726,0.0139961
N7790|14930|0.010534,N7788|5823|4.006263,0.00850151
N7790|14930|0.010534,N7783|3468|0.059187,0.0061582
N7790|14930|0.010534,N7754|13241|0.630826,0.0147746
N7790|14930|0.010534,N7793|1531|4.589582,0.010072
N7790|14930|0.010534,N7782|5036|1.32555,0.00926973
N7790|14930|0.010534,N7750|11450|2.280366,0.0139961
N7790|14930|0.010534,N7785|2154|0.041507,0.00384621
N10240|3543|0.53474,N10254|5148|2.583065,0.014756
N7790|14930|0.010534,N7792|9946|0.224628,0.00618514
N10240|3543|0.53474,N10202|10267|0.04449,0.014763
N7790|14930|0.010534,N7777|12890|0.95141,0.0061582
N10240|3543|0.53474,N10251|4593|1.663771,0.0139724
N10240|3543|0.53474,N10253|13358|0.566741,0.0116152
N7790|14930|0.010534,N7794|1492|0.202883,0.00617488
N7790|14930|0.010534,N7789|7892|0.064587,0
N7790|14930|0.010534,N7780|11268|5.5285,0.0147563
N7790|14930|0.010534,N7779|11337|5.795378,0.0139541
N7790|14930|0.010534,N7795|5061|2.843486,0.00694096
N7790|14930|0.010534,N7781|2797|2.301592,0.00538486
N7790|14930|0.010534,N7778|3705|0.300916,0.00693375
N9674|1606|0.378322,N9684|6273|0.64384,0.0139697
N9674|1606|0.378322,N9677|2452|3.425616,0.01244
N9674|1606|0.378322,N9685|7705|1.114641,0.0147507
N8689|6827|0.102923,N8681|2943|1.590694,0.0108196
N8689|6827|0.102923,N8690|5129|2.343712,0.0100584
N7666|7799|1.798255,N7668|12471|1.776381,0.00307691
N7931|6344|1.385912,N7938|14556|0.459662,0.00617376
N8689|6827|0.102923,N8688|4850|0.262757,0.00693928
N7931|6344|1.385912,N7934|4849|4.14871,0.0116232
N8689|6827|0.102923,N8682|2017|0.76434,0.0131675
N7931|6344|1.385912,N7929|8368|0.436093,0.00927556
N8689|6827|0.102923,N8679|11931|0.669346,0.0108264
N8689|6827|0.102923,N8686|3829|3.228244,0.00616177
N8689|6827|0.102923,N8687|12321|2.324755,0.00615767
N8689|6827|0.102923,N8680|4515|3.231541,0.0147189
N8689|6827|0.102923,N8691|3049|1.408434,0.00927539
N12592|8206|0.170497,N12585|1924|2.31405,0.00926982
N12592|8206|0.170497,N12502|12993|0.028039,0.0108331
N12592|8206|0.170497,N12552|5170|0.349724,0.00928426
N12592|8206|0.170497,N12499|6146|0.539863,0.011607
N12592|8206|0.170497,N12549|2456|1.816008,0.0116215
N12592|8206|0.170497,N12572|7169|0.173595,0.0123836
N12592|8206|0.170497,N12577|3266|1.65453,0.0123976
N12592|8206|0.170497,N12485|3996|0.147552,0.0139724
N12592|8206|0.170497,N12604|13785|0.97067,0.0131783
N10738|14341|8.730667,N10740|14410|2.284142,0.0124088
N12592|8206|0.170497,N12490|9625|0.023124,0.0131781
N12592|8206|0.170497,N12556|12239|0.061929,0.00852521
N12592|8206|0.170497,N12547|6940|0.836952,0.00928384
N12592|8206|0.170497,N12466|6767|1.259225,0.0147629
N12592|8206|0.170497,N12533|7974|0.244196,0.0139854
N12592|8206|0.170497,N12591|8487|2.116312,0.00695548
N12592|8206|0.170497,N12582|14168|5.093782,0.0132352
N12592|8206|0.170497,N12580|12887|2.18989,0.0108595
N12592|8206|0.170497,N12579|10639|3.700121,0.0116654
N12592|8206|0.170497,N12597|12730|0.443169,0.0108332
N12592|8206|0.170497,N12581|2924|1.449166,0.00773833
N12592|8206|0.170497,N12551|7510|0.251933,0.00851056
N12592|8206|0.170497,N12584|7383|0.524904,0.0061673
N12592|8206|0.170497,N12566|9121|0.08259,0.0116217
N12592|8206|0.170497,N12498|9476|0.063085,0.0123962
N12592|8206|0.170497,N12488|12101|1.121635,0.0139805
N12592|8206|0.170497,N12583|10786|1.413978,0.00850103
N12592|8206|0.170497,N12590|11354|6.176478,0.0124406
N12592|8206|0.170497,N12564|8090|2.029125,0.0131867
N12592|8206|0.170497,N12563|8865|1.422802,0.0116198
N12592|8206|0.170497,N12508|14807|0.41106,0.0139778
N12592|8206|0.170497,N12555|4208|2.598968,0.0108356
N12592|8206|0.170497,N12562|4529|0.61832,0.0139779
N12592|8206|0.170497,N12524|7348|0.12227,0.0147713
N12592|8206|0.170497,N12603|6671|3.050434,0.0131747
N12592|8206|0.170497,N12571|8941|1.241029,0.0139779
N12592|8206|0.170497,N12599|8353|1.454529,0.0147477
N12592|8206|0.170497,N12586|9119|0.317787,0.00928434
N12592|8206|0.170497,N12553|5590|1.684612,0.0116338
N12592|8206|0.170497,N12482|15143|0.193936,0.0147504
N12592|8206|0.170497,N12504|8693|0.601243,0.0131747
N12592|8206|0.170497,N12589|4455|2.489465,0.00928398
N12592|8206|0.170497,N12519|10480|2.16617,0.0147778
N12592|8206|0.170497,N12550|8083|0.027918,0.00851056
N12592|8206|0.170497,N12602|14045|0.864212,0.0131748
N12592|8206|0.170497,N12588|14367|1.187912,0.0054046
N12592|8206|0.170497,N12594|12877|0.083073,0.0147632
N12592|8206|0.170497,N12600|4349|1.436957,0.0131748
N10740|14410|2.284142,N10735|8144|0.65834,0.0116023
N12592|8206|0.170497,N12554|10454|0.637343,0.00850003
N12592|8206|0.170497,N12500|10430|1.273377,0.013956
N12592|8206|0.170497,N12534|12395|1.442349,0.014763
N12592|8206|0.170497,N12505|6802|1.904995,0.0147582
N12592|8206|0.170497,N12587|3469|3.820824,0.0132196
N12592|8206|0.170497,N12569|10700|0.180908,0.0108312
N12592|8206|0.170497,N12497|5875|0.074333,0.0123963
N12592|8206|0.170497,N12545|9734|2.533836,0.0132168
N12592|8206|0.170497,N12574|12439|0.14536,0.0139394
N12592|8206|0.170497,N12546|6374|0.291382,0.0132007
N12592|8206|0.170497,N12543|10805|3.530949,0.014763
N10740|14410|2.284142,N10712|12789|1.346723,0.0132063
N10740|14410|2.284142,N10713|9768|1.55032,0.0147425
N8719|4916|3.015596,N8721|12798|0.181439,0.0131611
N8107|6063|0.03488,N8170|12462|1.287377,0.0147458
N8107|6063|0.03488,N8109|8483|1.323114,0.00693753
N8107|6063|0.03488,N8115|7316|3.675933,0.0139544
N8107|6063|0.03488,N8100|4227|1.318436,0.00772864
N8854|12770|4.283253,N8853|2677|4.449466,0.0131877
N7572|15384|2.459501,N7568|1526|0.096161,0.0123917
N7572|15384|2.459501,N7578|13870|0.956822,0.00694558
N7572|15384|2.459501,N7577|3297|0.36233,0.00617328
N7572|15384|2.459501,N7555|11252|0.72638,0.0139858
N10987|6616|1.840719,N10999|2906|0.173692,0.0131831
N12550|8083|0.027918,N12514|10912|1.103138,0.0147777
N12550|8083|0.027918,N12602|14045|0.864212,0.0108322
N12550|8083|0.027918,N12588|14367|1.187912,0.0077198
N12550|8083|0.027918,N12491|14941|6.537729,0.0147498
N12550|8083|0.027918,N12594|12877|0.083073,0.0131951
N12550|8083|0.027918,N12492|6139|1.973109,0.0123974
N12550|8083|0.027918,N12600|4349|1.436957,0.0108322
N12550|8083|0.027918,N12396|15125|0.104996,0.0147451
N12550|8083|0.027918,N12554|10454|0.637343,0.00230596
N12550|8083|0.027918,N12565|3942|2.216347,0.0124199
N12550|8083|0.027918,N12500|10430|1.273377,0.0123914
N12550|8083|0.027918,N12534|12395|1.442349,0.0108383
N12550|8083|0.027918,N12369|13497|0.468312,0.0147713
N12550|8083|0.027918,N12595|11041|1.186994,0.0131897
N12550|8083|0.027918,N12505|6802|1.904995,0.0139633
N12550|8083|0.027918,N12569|10700|0.180908,0.00849646
N12550|8083|0.027918,N12497|5875|0.074333,0.00926642
N12550|8083|0.027918,N12545|9734|2.533836,0.0092842
N12550|8083|0.027918,N12483|3059|1.085798,0.0139613
N12550|8083|0.027918,N12513|6383|0.180784,0.0132083
N12550|8083|0.027918,N12480|6588|1.156968,0.0131862
N12550|8083|0.027918,N12574|12439|0.14536,0.00926674
N12550|8083|0.027918,N12517|2545|1.034848,0.0116315
N12550|8083|0.027918,N12529|4469|3.56161,0.0116315
N12550|8083|0.027918,N12528|11921|2.139033,0.0124174
N12550|8083|0.027918,N12476|9967|1.35257,0.0124155
N12550|8083|0.027918,N12523|10368|1.348094,0.0147396
N12550|8083|0.027918,N12461|3483|0.725069,0.0131715
N12550|8083|0.027918,N12344|12378|1.266372,0.0147472
N12550|8083|0.027918,N12546|6374|0.291382,0.00771731
N12550|8083|0.027918,N12487|6538|4.703612,0.0139803
N12550|8083|0.027918,N12543|10805|3.530949,0.0108382
N12550|8083|0.027918,N12424|10163|0.680695,0.0147315
N10987|6616|1.840719,N10957|7904|0.350226,0.0139726
N9281|5602|0.079699,N9266|13703|1.254768,0.0147697
N9281|5602|0.079699,N9273|13046|0.2787,0.0132167
N9281|5602|0.079699,N9358|15303|1.043357,0.0147503
N9281|5602|0.079699,N9272|7257|0.692674,0.0132164
N11460|4546|1.523002,N11463|14878|1.463977,0.00848656
N10980|4450|0.851786,N10983|13533|1.480351,0.0124251
N10980|4450|0.851786,N10974|9318|1.298003,0.00851157
N11460|4546|1.523002,N11472|6578|0.483504,0.0147626
N11460|4546|1.523002,N11447|15071|0.379129,0.0116261
N10980|4450|0.851786,N10985|15019|3.4288,0.014791
N10980|4450|0.851786,N10986|14709|4.906949,0.010049
N10980|4450|0.851786,N10978|5694|1.783151,0.0124669
N11460|4546|1.523002,N11455|6968|3.156725,0.0124029
N11460|4546|1.523002,N11452|2698|0.399768,0.0108322
N10980|4450|0.851786,N10972|5908|1.0265,0.011654
N10980|4450|0.851786,N10977|12075|0.613135,0.00852369
N10980|4450|0.851786,N10970|10530|0.525396,0.0100706
N10980|4450|0.851786,N10982|11914|1.803269,0.00851091
N10980|4450|0.851786,N10975|10794|2.249125,0.0100849
N9370|6191|0.044663,N9411|12961|0.776325,0.011633
N10980|4450|0.851786,N10979|12278|3.152954,0.0101038
N9370|6191|0.044663,N9333|13054|1.645774,0.0131783
N10980|4450|0.851786,N10981|2731|0.266376,0.00695565
N9370|6191|0.044663,N9372|7984|0.880108,0.00693377
N9370|6191|0.044663,N9344|3471|0.361147,0.0116255
N9370|6191|0.044663,N9374|14933|0.113524,0.0131834
N9370|6191|0.044663,N9367|13918|2.215421,0.0061673
N9370|6191|0.044663,N9417|14062|0.337818,0.0124244
N9370|6191|0.044663,N9332|12098|1.613069,0.0147715
N9370|6191|0.044663,N9364|2834|1.320972,0.0147579
N10980|4450|0.851786,N10984|9782|0.397387,0.00850161
N9370|6191|0.044663,N9425|10731|0.354384,0.0139854
N9370|6191|0.044663,N9358|15303|1.043357,0.00852322
N9370|6191|0.044663,N9342|14450|0.850897,0.0108463
N9370|6191|0.044663,N9361|6873|1.129772,0.0116377
N9370|6191|0.044663,N9404|11969|0.138192,0.0131859
N9370|6191|0.044663,N9410|13851|2.199643,0.013994
N9370|6191|0.044663,N9363|2727|3.279489,0.0108586
N9370|6191|0.044663,N9334|8076|0.202191,0.0108463
N10980|4450|0.851786,N10973|10114|1.49298,0.0116383
N8728|8836|1.084428,N8721|12798|0.181439,0.0147455
N8728|8836|1.084428,N8727|13012|0.793639,0.0147454
N8074|3143|0.604581,N8078|11641|2.544248,0.00617529
N8728|8836|1.084428,N8706|10211|1.95804,0.0147497
N8728|8836|1.084428,N8731|10125|1.25572,0.0116152
N8728|8836|1.084428,N8724|1934|0.376952,0.00928424
N12807|10535|3.801011,N12808|2415|0.289304,0.00925936
N8074|3143|0.604581,N8073|3128|0.364227,0.00461975
N8074|3143|0.604581,N8088|10928|0.056422,0.0124241
N8074|3143|0.604581,N8093|5261|3.066135,0.0116218
N8074|3143|0.604581,N8083|9553|1.485977,0.0116203
N12807|10535|3.801011,N12806|3517|1.956552,0.00848051
N8074|3143|0.604581,N8095|5237|1.987944,0.014758
N9037|3151|0.565871,N9049|10265|3.185581,0.0124237
N8074|3143|0.604581,N8091|6232|0.813067,0.0108336
N9037|3151|0.565871,N9033|6190|1.42565,0.0116218
N8074|3143|0.604581,N8090|5485|0.952618,0.0132173
N9037|3151|0.565871,N9048|5200|0.926094,0.01479
N9037|3151|0.565871,N9051|3727|0.752761,0.0108401
N9037|3151|0.565871,N9019|1759|3.21172,0.0116097
N9037|3151|0.565871,N9012|7036|0.144812,0.0147589
N9037|3151|0.565871,N9040|9243|5.5331,0.0116002
N8074|3143|0.604581,N8087|13268|0.069492,0.0108465
N8074|3143|0.604581,N8075|9102|0.980192,0.000767618
N8074|3143|0.604581,N8076|10089|19.477244,0.0108323
N8074|3143|0.604581,N8089|12579|1.42331,0.0116332
N9037|3151|0.565871,N9005|9621|0.184888,0.0123918
N9037|3151|0.565871,N9018|7028|1.271107,0.0108336
N8074|3143|0.604581,N8084|15213|0.362241,0.013174
N8074|3143|0.604581,N8077|7225|1.930592,0.00385018
N9037|3151|0.565871,N9020|4424|0.845904,0.0116345
N9037|3151|0.565871,N9026|1384|1.778624,0.0147895
N8074|3143|0.604581,N8082|8867|2.053827,0.00850023
N8074|3143|0.604581,N8072|3618|3.874166,0.00771337
N9037|3151|0.565871,N9023|13272|1.556355,0.0139783
N11279|13880|0.575043,N11265|11932|2.622816,0.0123939
N8074|3143|0.604581,N8115|7316|3.675933,0.0139726
N8074|3143|0.604581,N8079|7241|5.15054,0.0139946
N11279|13880|0.575043,N11276|2917|0.721746,0.0100443
N8074|3143|0.604581,N8092|9654|0.063226,0.0108448
N11279|13880|0.575043,N11274|11186|2.075797,0.0116008
N13020|13581|1.462115,N13010|2132|0.839645,0.0147392
N11279|13880|0.575043,N11287|1604|0.798294,0.0147402
N13020|13581|1.462115,N13015|7025|0.167928,0.0123855
N13020|13581|1.462115,N13013|13077|0.990917,0.012377
N13020|13581|1.462115,N13019|3661|1.485851,0.00849195
N13020|13581|1.462115,N13017|10320|2.923302,0.00926073
N13020|13581|1.462115,N13021|2121|0.427363,0.00384475
N13020|13581|1.462115,N13027|10423|1.107882,0.0131608
N13020|13581|1.462115,N13026|9197|0.544685,0.0115913
N13020|13581|1.462115,N13023|9255|2.431417,0.0115966
N12853|3249|5.712825,N12856|8964|1.055569,0.0139528
N11349|10202|0.90621,N11350|2365|1.175804,0.0092706
N12853|3249|5.712825,N12850|7151|0.053308,0.0108313
N12853|3249|5.712825,N12859|14780|1.39741,0.0116218
N12853|3249|5.712825,N12857|10799|0.693869,0.0124016
N11349|10202|0.90621,N11352|6705|2.913347,0.0147273
N11349|10202|0.90621,N11355|14316|5.248091,0.0123988
N12853|3249|5.712825,N12858|10261|0.161876,0.0100585
N12853|3249|5.712825,N12851|11893|0.472655,0.0123836
N11349|10202|0.90621,N11348|14473|0.632811,0.0100849
N12359|6201|6.962004,N12353|8771|0.123274,0.0147399
N12853|3249|5.712825,N12855|12932|0.121879,0.00850015
N12359|6201|6.962004,N12362|2705|2.227795,0.0108502
N12853|3249|5.712825,N12860|14526|0.857363,0.0131783
N12853|3249|5.712825,N12854|10321|0.961383,0.0116091
N12359|6201|6.962004,N12346|12410|0.372866,0.0147634
N12359|6201|6.962004,N12354|3530|2.800901,0.0147437
N12359|6201|6.962004,N12344|12378|1.266372,0.0147769
N12853|3249|5.712825,N12847|11170|0.171541,0.0108334
N12853|3249|5.712825,N12849|2927|0.153846,0.0108313
N8477|8543|0.052277,N8472|4577|0.037671,0.00849304
N8477|8543|0.052277,N8478|13256|0.962904,0.00307484
N8477|8543|0.052277,N8468|11216|0.71844,0.0131748
N11696|6974|3.630097,N11705|2251|3.628118,0.0147786
N8477|8543|0.052277,N8481|6409|1.149436,0.00385146
N11696|6974|3.630097,N11704|4938|0.136408,0.0147394
N11696|6974|3.630097,N11714|12412|4.098774,0.013973
N11696|6974|3.630097,N11711|5342|0.529197,0.0123904
N8477|8543|0.052277,N8470|5934|3.397941,0.0147394
N8477|8543|0.052277,N8469|11656|0.733795,0.0100391
N8477|8543|0.052277,N8486|8715|1.616419,0.0139527
N8477|8543|0.052277,N8479|14258|4.666982,0.00618355
N11463|14878|1.463977,N11447|15071|0.379129,0.0123904
N8477|8543|0.052277,N8473|12230|1.783264,0.013961
N8477|8543|0.052277,N8474|13424|0.489979,0.0139673
N11463|14878|1.463977,N11455|6968|3.156725,0.0131678
N8477|8543|0.052277,N8480|13341|0.082904,0.00153463
N11463|14878|1.463977,N11452|2698|0.399768,0.0116113
N8477|8543|0.052277,N8482|6029|0.305383,0.0069555
N8477|8543|0.052277,N8483|13013|1.452695,0.00850013
N8808|7597|2.501861,N8813|2637|0.544467,0.0108256
N8477|8543|0.052277,N8487|11714|0.291764,0.0116091
N8808|7597|2.501861,N8809|7652|0.05461,0.003077
N8477|8543|0.052277,N8464|6997|0.845618,0.0108333
N12585|1924|2.31405,N12552|5170|0.349724,0.0123942
N12585|1924|2.31405,N12549|2456|1.816008,0.0131676
N12585|1924|2.31405,N12556|12239|0.061929,0.0116069
N12585|1924|2.31405,N12547|6940|0.836952,0.0123848
N10359|3528|0.718846,N10362|6018|3.823563,0.0084823
N10359|3528|0.718846,N10361|6407|0.442998,0.0069381
N12585|1924|2.31405,N12591|8487|2.116312,0.0100529
N12585|1924|2.31405,N12582|14168|5.093782,0.0131841
N12585|1924|2.31405,N12580|12887|2.18989,0.0139715
N12585|1924|2.31405,N12579|10639|3.700121,0.0147579
N12585|1924|2.31405,N12597|12730|0.443169,0.0139501
N12585|1924|2.31405,N12581|2924|1.449166,0.0108323
N12585|1924|2.31405,N12551|7510|0.251933,0.0116081
N12585|1924|2.31405,N12584|7383|0.524904,0.00307389
N12585|1924|2.31405,N12566|9121|0.08259,0.0147695
N12585|1924|2.31405,N12583|10786|1.413978,0.006941
N12585|1924|2.31405,N12563|8865|1.422802,0.0147332
N12585|1924|2.31405,N12555|4208|2.598968,0.0139344
N12585|1924|2.31405,N12586|9119|0.317787,0.00616433
N12585|1924|2.31405,N12553|5590|1.684612,0.0147313
N9803|3774|0.581018,N9801|13690|0.148092,0.00384399
N12585|1924|2.31405,N12589|4455|2.489465,0.0123848
N12585|1924|2.31405,N12550|8083|0.027918,0.0116081
N12585|1924|2.31405,N12588|14367|1.187912,0.00849305
N7915|10867|3.088435,N7909|4014|2.262508,0.0116152
N7915|10867|3.088435,N7910|2934|1.169772,0.0139673
N7915|10867|3.088435,N7914|14725|2.388759,0.00616179
N7915|10867|3.088435,N7912|10772|0.239024,0.0108333
N12585|1924|2.31405,N12554|10454|0.637343,0.0116042
N8759|4690|2.319409,N8758|8777|0.09301,0.00931767
N8978|13417|2.528862,N8979|8510|2.142018,0.0100517
N8759|4690|2.319409,N8764|12685|0.934665,0.00618508
N8978|13417|2.528862,N8980|6715|1.676288,0.00771975
N8759|4690|2.319409,N8760|12347|3.160725,0.010076
N8759|4690|2.319409,N8761|11781|3.509813,0.0108642
N8978|13417|2.528862,N8981|9251|0.289305,0.00616914
N10482|5922|0.535341,N10486|7408|2.057458,0.0100606
N10482|5922|0.535341,N10504|14885|0.410614,0.013956
N10482|5922|0.535341,N10483|12438|7.061558,0.0100924
N10482|5922|0.535341,N10487|12981|0.426877,0.0085125
N10482|5922|0.535341,N10505|8617|0.171908,0.0147457
N12514|10912|1.103138,N12511|4140|1.967101,0.00772834
N12514|10912|1.103138,N12554|10454|0.637343,0.014763
N12514|10912|1.103138,N12497|5875|0.074333,0.0147454
N12514|10912|1.103138,N12513|6383|0.180784,0.00307695
N10203|4872|1.242529,N10208|13155|1.073619,0.00617479
N12623|2555|0.182071,N12624|3511|0.290651,0.00384522
N12623|2555|0.182071,N12627|9775|1.022169,0.00539629
N10203|4872|1.242529,N10198|2995|0.99406,0.00849306
N12623|2555|0.182071,N12626|14506|0.320709,0.00461622
N10203|4872|1.242529,N10201|9651|0.207264,0.00693823
N10171|14841|0.432267,N10173|13296|2.511543,0.00926555
N10203|4872|1.242529,N10205|9265|4.839806,0.0108423
N10203|4872|1.242529,N10199|9067|2.041819,0.0116082
N10203|4872|1.242529,N10200|13655|9.445277,0.012406
N8133|7958|2.065495,N8170|12462|1.287377,0.0108266
N8133|7958|2.065495,N8154|11693|1.349062,0.0139676
N8133|7958|2.065495,N8159|14322|1.114167,0.0147628
N10203|4872|1.242529,N10202|10267|0.04449,0.0077132
N8133|7958|2.065495,N8163|5056|0.324114,0.0139809
N10203|4872|1.242529,N10253|13358|0.566741,0.0139558
N10203|4872|1.242529,N10206|7264|0.209338,0.00462408
N10203|4872|1.242529,N10207|15177|1.031946,0.0092869
N12281|5227|0.377566,N12265|13006|0.725666,0.0147397
N12281|5227|0.377566,N12266|5430|2.464993,0.00849143
N12281|5227|0.377566,N12287|7526|3.375562,0.0100484
N12281|5227|0.377566,N12274|1564|2.603046,0.0123772
N12281|5227|0.377566,N12268|5064|2.239905,0.0139638
N8102|1634|4.987075,N8103|14862|1.202524,0.00933037
N8102|1634|4.987075,N8099|8880|0.361876,0.0116536
N7604|7734|1.196841,N7603|12566|1.558334,0.0038502
N7604|7734|1.196841,N7623|1912|0.329254,0.0139695
N8102|1634|4.987075,N8113|3616|0.602729,0.0140212
N7604|7734|1.196841,N7608|2641|2.682375,0.0131924
N7604|7734|1.196841,N7618|8594|1.069863,0.00849635
N7604|7734|1.196841,N7616|10188|1.521941,0.00849636
N7604|7734|1.196841,N7620|13891|0.667006,0.00927755
N10083|10662|0.54533,N10062|10532|0.956953,0.0147679
N10083|10662|0.54533,N10088|8467|3.918434,0.0108465
N10083|10662|0.54533,N10119|10803|0.316622,0.0147707
N10083|10662|0.54533,N10105|6840|2.06747,0.0147633
N8102|1634|4.987075,N8107|6063|0.03488,0.0108966
N10083|10662|0.54533,N10061|3384|0.179959,0.0100642
N10083|10662|0.54533,N10087|7836|0.189476,0.0100699
N10083|10662|0.54533,N10076|15281|0.628564,0.00772409
N10083|10662|0.54533,N10081|3877|1.475931,0.00694087
N8102|1634|4.987075,N8109|8483|1.323114,0.0147726
N10083|10662|0.54533,N10057|13681|0.686815,0.0116221
N8102|1634|4.987075,N8100|4227|1.318436,0.0140593
N8799|11668|1.481135,N8801|3206|0.419781,0.0139726
N8799|11668|1.481135,N8791|10412|2.069768,0.00930316
N8544|7232|0.87161,N8542|14167|3.9748,0.00849296
N8544|7232|0.87161,N8547|9642|2.033348,0.0115858
N8544|7232|0.87161,N8535|9122|0.13603,0.00771326
N8544|7232|0.87161,N8537|12736|0.793561,0.0100582
N8544|7232|0.87161,N8539|10972|3.907177,0.00771315
N7452|3176|0.290639,N7443|2138|0.266162,0.00384785
N7452|3176|0.290639,N7449|6178|1.983259,0.00307296
N8544|7232|0.87161,N8549|12863|1.403818,0.0131457
N7452|3176|0.290639,N7448|5474|0.236799,0
N7452|3176|0.290639,N7463|10682|1.316954,0.0147453
N7452|3176|0.290639,N7455|14064|1.217367,0.0147424
N7452|3176|0.290639,N7442|6669|2.495459,0.0124087
N7452|3176|0.290639,N7436|15309|1.420543,0.0115958
N7452|3176|0.290639,N7429|11592|1.24546,0.0139558
N7663|4454|1.64803,N7668|12471|1.776381,0.0139558
N7452|3176|0.290639,N7459|6492|0.052297,0.0147256
N7452|3176|0.290639,N7431|14762|1.952458,0.0139395
N7452|3176|0.290639,N7447|9983|3.052163,0.00230291
N7452|3176|0.290639,N7444|4231|5.518606,0.0100654
N7452|3176|0.290639,N7438|5804|1.092133,0.00849135
N7452|3176|0.290639,N7426|3108|1.291881,0.0123992
N7452|3176|0.290639,N7454|2711|0.057998,0.00230451
N7452|3176|0.290639,N7450|4514|0.348837,0.00153794
N7452|3176|0.290639,N7440|4221|1.427708,0.00771732
N7452|3176|0.290639,N7451|13616|0.92384,0.00230279
N7452|3176|0.290639,N7439|8645|0.933322,0.00694093
N7452|3176|0.290639,N7470|7144|0.418873,0.0147455
N7452|3176|0.290639,N7466|3451|0.070638,0.0123915
N7452|3176|0.290639,N7453|14226|3.199795,0.00307387
N7452|3176|0.290639,N7460|3127|0.163535,0.0147315
N7452|3176|0.290639,N7437|6623|2.839089,0.0131873
N7452|3176|0.290639,N7441|15268|1.890086,0.00849268
N7452|3176|0.290639,N7445|3439|0.825649,0.000767361
N10983|13533|1.480351,N10974|9318|1.298003,0.0131925
N10983|13533|1.480351,N10986|14709|4.906949,0.0147396
N11642|3844|2.519686,N11644|8422|0.74399,0.00773227
N11642|3844|2.519686,N11653|13779|1.337948,0.0147727
N11642|3844|2.519686,N11649|15386|1.430713,0.0147595
N11642|3844|2.519686,N11645|4531|0.087086,0.0100733
N10983|13533|1.480351,N10977|12075|0.613135,0.0131958
N11642|3844|2.519686,N11646|7298|2.906628,0.0140213
N10367|15352|1.641873,N10377|9618|0.259502,0.00694669
N10983|13533|1.480351,N10970|10530|0.525396,0.0147511
N10983|13533|1.480351,N10982|11914|1.803269,0.00850027
N10367|15352|1.641873,N10372|3539|0.245136,0.00771833
N10983|13533|1.480351,N10975|10794|2.249125,0.014764
N10367|15352|1.641873,N10369|1996|1.854409,0.00848642
N10983|13533|1.480351,N10979|12278|3.152954,0.0147741
N10983|13533|1.480351,N10981|2731|0.266376,0.00694635
N10983|13533|1.480351,N10984|9782|0.397387,0.0131689
N12502|12993|0.028039,N12552|5170|0.349724,0.0100513
N12502|12993|0.028039,N12499|6146|0.539863,0.0023053
N12502|12993|0.028039,N12549|2456|1.816008,0.0123913
N12502|12993|0.028039,N12577|3266|1.65453,0.0131684
N12502|12993|0.028039,N12485|3996|0.147552,0.00617321
N12502|12993|0.028039,N12468|6375|0.086601,0.0139607
N12502|12993|0.028039,N12604|13785|0.97067,0.0139525
N12502|12993|0.028039,N12391|7250|0.533801,0.0147343
N12502|12993|0.028039,N12479|3780|1.151415,0.0131869
N12502|12993|0.028039,N12377|1787|0.942415,0.014733
N12502|12993|0.028039,N12490|9625|0.023124,0.00539481
N12502|12993|0.028039,N12556|12239|0.061929,0.00928376
N12502|12993|0.028039,N12532|13682|3.093834,0.0147311
N12502|12993|0.028039,N12547|6940|0.836952,0.00850123
N12502|12993|0.028039,N12471|14150|0.434018,0.0147474
N12502|12993|0.028039,N12540|12220|1.135966,0.012406
N12502|12993|0.028039,N12466|6767|1.259225,0.0108247
N12502|12993|0.028039,N12533|7974|0.244196,0.0100496
N12502|12993|0.028039,N12509|3933|2.316697,0.0131648
N12502|12993|0.028039,N12591|8487|2.116312,0.0139671
N12502|12993|0.028039,N12597|12730|0.443169,0.0131746
N12502|12993|0.028039,N12581|2924|1.449166,0.0147585
N12502|12993|0.028039,N12551|7510|0.251933,0.00927424
N12502|12993|0.028039,N12584|7383|0.524904,0.0131685
N12502|12993|0.028039,N12566|9121|0.08259,0.0123991
N12502|12993|0.028039,N12498|9476|0.063085,0.00153463
N12502|12993|0.028039,N12488|12101|1.121635,0.00616625
N12502|12993|0.028039,N12475|4624|0.137927,0.013178
N12502|12993|0.028039,N12459|10633|0.178368,0.0100357
N12502|12993|0.028039,N12495|13566|3.461848,0.0092754
N12502|12993|0.028039,N12421|5900|0.599175,0.0147213
N12502|12993|0.028039,N12530|10028|0.70269,0.0139776
N12502|12993|0.028039,N12564|8090|2.029125,0.0116089
N12502|12993|0.028039,N12507|9063|0.371893,0.00928764
N12502|12993|0.028039,N12486|7707|0.199262,0.0108167
N12502|12993|0.028039,N12563|8865|1.422802,0.0123872
N12502|12993|0.028039,N12535|11736|0.394495,0.0108331
N12502|12993|0.028039,N12541|4819|2.172499,0.013183
N12502|12993|0.028039,N12508|14807|0.41106,0.00616108
N12502|12993|0.028039,N12555|4208|2.598968,0.0116
N12502|12993|0.028039,N12562|4529|0.61832,0.0147452
N12502|12993|0.028039,N12524|7348|0.12227,0.0108238
N12502|12993|0.028039,N12603|6671|3.050434,0.0139557
N12502|12993|0.028039,N12531|6368|0.808906,0.0124097
N12502|12993|0.028039,N12465|9663|3.510964,0.0116175
N12502|12993|0.028039,N12462|6718|0.293305,0.0123791
N11715|9563|3.299773,N11727|3472|0.293825,0.0124077
N12502|12993|0.028039,N12473|13030|2.051846,0.0123977
N12502|12993|0.028039,N12472|2949|0.315673,0.0139525
N12502|12993|0.028039,N12481|5745|0.140218,0.0131855
N12502|12993|0.028039,N12553|5590|1.684612,0.0123961
N12502|12993|0.028039,N12482|15143|0.193936,0.00694524
N12502|12993|0.028039,N12506|14424|6.30597,0.0124056
N12502|12993|0.028039,N12527|9237|0.448218,0.0115967
N12502|12993|0.028039,N12518|9895|2.414444,0.0123992
N12502|12993|0.028039,N12504|8693|0.601243,0.00231096
N12502|12993|0.028039,N12519|10480|2.16617,0.0108312
N12502|12993|0.028039,N12550|8083|0.027918,0.00927424
N12502|12993|0.028039,N12514|10912|1.103138,0.0147583
N12502|12993|0.028039,N12602|14045|0.864212,0.0139559
N12502|12993|0.028039,N12489|10602|3.074326,0.0124132
N12502|12993|0.028039,N12588|14367|1.187912,0.0123976
N12502|12993|0.028039,N12491|14941|6.537729,0.0100611
N12502|12993|0.028039,N12492|6139|1.973109,0.00461961
N12502|12993|0.028039,N12600|4349|1.436957,0.0139558
N12502|12993|0.028039,N12554|10454|0.637343,0.00849141
N12502|12993|0.028039,N12500|10430|1.273377,0.00307388
N12502|12993|0.028039,N12534|12395|1.442349,0.0108247
N12502|12993|0.028039,N12505|6802|1.904995,0.0046163
N12602|14045|0.864212,N12588|14367|1.187912,0.012394
N12502|12993|0.028039,N12569|10700|0.180908,0.0131746
N12502|12993|0.028039,N12497|5875|0.074333,0.00153463
N12602|14045|0.864212,N12594|12877|0.083073,0.00927847
N12502|12993|0.028039,N12545|9734|2.533836,0.0139778
N12502|12993|0.028039,N12483|3059|1.085798,0.00926699
N12502|12993|0.028039,N12513|6383|0.180784,0.0131896
N12502|12993|0.028039,N12480|6588|1.156968,0.0131732
N12502|12993|0.028039,N12574|12439|0.14536,0.0147203
N12502|12993|0.028039,N12517|2545|1.034848,0.011615
N12502|12993|0.028039,N12529|4469|3.56161,0.0116151
N12502|12993|0.028039,N12528|11921|2.139033,0.0116138
N12602|14045|0.864212,N12600|4349|1.436957,0.00461397
N12502|12993|0.028039,N12461|3483|0.725069,0.012373
N12502|12993|0.028039,N12546|6374|0.291382,0.013967
N12502|12993|0.028039,N12487|6538|4.703612,0.0108352
N12502|12993|0.028039,N12424|10163|0.680695,0.013943
N12602|14045|0.864212,N12554|10454|0.637343,0.0108279
N12602|14045|0.864212,N12595|11041|1.186994,0.0100496
N12602|14045|0.864212,N12569|10700|0.180908,0.0131763
N12602|14045|0.864212,N12497|5875|0.074333,0.0139467
N12602|14045|0.864212,N12598|13183|4.314759,0.0147538
N12602|14045|0.864212,N12517|2545|1.034848,0.0147631
N7341|6592|1.010284,N7340|10804|0.142584,0.00539547
N7341|6592|1.010284,N7337|10852|0.521503,0.0123999
N7341|6592|1.010284,N7342|14618|1.066006,0.00462376
N10682|12482|0.369964,N10692|3701|1.468518,0.011611
N8290|2568|1.4958,N8270|12417|0.104344,0.0131684
N8290|2568|1.4958,N8293|1656|0.456544,0.00539629
N8290|2568|1.4958,N8284|9545|0.942407,0.0124097
N8290|2568|1.4958,N8282|11307|0.484542,0.00771146
N8290|2568|1.4958,N8305|4538|0.002717,0.0147716
N8290|2568|1.4958,N8279|2342|1.632515,0.0131674
N9186|9758|3.259599,N9182|12799|2.199459,0.0139613
N9186|9758|3.259599,N9189|7492|1.163304,0.0116198
N8290|2568|1.4958,N8283|9462|2.4115,0.0100514
N8290|2568|1.4958,N8276|7340|0.140385,0.00926422
N8290|2568|1.4958,N8271|14464|0.211769,0.011615
N8290|2568|1.4958,N8288|9960|1.501892,0.00928385
N8290|2568|1.4958,N8278|12996|0.77561,0.0108195
N8290|2568|1.4958,N8294|7565|3.15105,0.00539629
N8290|2568|1.4958,N8287|3791|6.88409,0.0131866
N8290|2568|1.4958,N8295|11083|0.439892,0.00539061
N8290|2568|1.4958,N8274|11759|1.247002,0.011634
N8290|2568|1.4958,N8286|9640|2.704707,0.0139721
N8290|2568|1.4958,N8296|2818|5.828162,0.0147713
N8290|2568|1.4958,N8292|6296|4.341422,0.00927538
N12837|3001|4.039749,N12840|8247|1.106403,0.0123978
N8290|2568|1.4958,N8269|4029|0.03278,0.0147777
N8290|2568|1.4958,N8272|10761|0.822104,0.00927013
N8290|2568|1.4958,N8281|15228|0.040968,0.0116109
N12837|3001|4.039749,N12834|6657|0.028154,0.0124108
N8290|2568|1.4958,N8280|5972|1.604295,0.0108202
N8290|2568|1.4958,N8289|1508|1.847277,0.00307482
N8290|2568|1.4958,N8266|9494|2.242049,0.0108384
N12837|3001|4.039749,N12842|5983|3.233808,0.0123979
N8290|2568|1.4958,N8285|13409|1.135024,0.0132188
N12552|5170|0.349724,N12570|13676|2.708832,0.0124097
N12552|5170|0.349724,N12499|6146|0.539863,0.0123977
N12552|5170|0.349724,N12549|2456|1.816008,0.0069454
N12552|5170|0.349724,N12572|7169|0.173595,0.0124032
N12552|5170|0.349724,N12577|3266|1.65453,0.00927016
N12552|5170|0.349724,N12485|3996|0.147552,0.0100631
N12552|5170|0.349724,N12468|6375|0.086601,0.0147697
N11863|6226|0.321138,N11867|7533|0.320478,0.0116339
N11863|6226|0.321138,N11864|12078|0.107577,0.00850043
N12552|5170|0.349724,N12648|4276|0.762228,0.0147423
N12552|5170|0.349724,N12604|13785|0.97067,0.0100527
N12552|5170|0.349724,N12391|7250|0.533801,0.0139669
N12552|5170|0.349724,N12479|3780|1.151415,0.0139775
N12552|5170|0.349724,N12377|1787|0.942415,0.0123939
N12552|5170|0.349724,N12490|9625|0.023124,0.0108322
N12552|5170|0.349724,N12556|12239|0.061929,0.0038465
N12552|5170|0.349724,N12547|6940|0.836952,0.00461762
N12552|5170|0.349724,N12568|5490|3.827395,0.0131762
N12552|5170|0.349724,N12540|12220|1.135966,0.0132171
N12552|5170|0.349724,N12466|6767|1.259225,0.011623
N12552|5170|0.349724,N12533|7974|0.244196,0.0108478
N11863|6226|0.321138,N11869|10918|2.620545,0.0139791
N12552|5170|0.349724,N12557|11072|1.741554,0.0131951
N11863|6226|0.321138,N11866|9059|0.195271,0.00927471
N12552|5170|0.349724,N12591|8487|2.116312,0.0100564
N12552|5170|0.349724,N12580|12887|2.18989,0.0139799
N12552|5170|0.349724,N12579|10639|3.700121,0.0147778
N12552|5170|0.349724,N12597|12730|0.443169,0.00926975
N12552|5170|0.349724,N12376|7415|2.029356,0.0147583
N11863|6226|0.321138,N11865|9837|0.950679,0.0116348
N12552|5170|0.349724,N12581|2924|1.449166,0.0108398
N12552|5170|0.349724,N12647|13618|1.367856,0.0147423
N12552|5170|0.349724,N12551|7510|0.251933,0.00384782
N12552|5170|0.349724,N12584|7383|0.524904,0.00927018
N12992|10856|1.925319,N12993|8275|7.786782,0.0139774
N12552|5170|0.349724,N12566|9121|0.08259,0.00851281
N12552|5170|0.349724,N12498|9476|0.063085,0.0100442
N12552|5170|0.349724,N12488|12101|1.121635,0.0116216
N12552|5170|0.349724,N12475|4624|0.137927,0.0139798
N12552|5170|0.349724,N12583|10786|1.413978,0.013184
N12552|5170|0.349724,N12459|10633|0.178368,0.012394
N12552|5170|0.349724,N12530|10028|0.70269,0.0147775
N12552|5170|0.349724,N12564|8090|2.029125,0.0100496
N12552|5170|0.349724,N12507|9063|0.371893,0.0147569
N12552|5170|0.349724,N12563|8865|1.422802,0.00849027
N12552|5170|0.349724,N12535|11736|0.394495,0.0124131
N12552|5170|0.349724,N12541|4819|2.172499,0.0139941
N12552|5170|0.349724,N12508|14807|0.41106,0.011615
N12552|5170|0.349724,N12558|10752|2.08351,0.013195
N12552|5170|0.349724,N12555|4208|2.598968,0.0061567
N12552|5170|0.349724,N12562|4529|0.61832,0.0108311
N12552|5170|0.349724,N12524|7348|0.12227,0.011615
N12552|5170|0.349724,N12603|6671|3.050434,0.0116175
N12552|5170|0.349724,N12531|6368|0.808906,0.0132083
N12552|5170|0.349724,N12465|9663|3.510964,0.0124242
N12552|5170|0.349724,N12409|11290|1.945856,0.0147455
N12552|5170|0.349724,N12571|8941|1.241029,0.0123991
N12552|5170|0.349724,N12462|6718|0.293305,0.0131746
N12552|5170|0.349724,N12599|8353|1.454529,0.0124058
N12552|5170|0.349724,N12473|13030|2.051846,0.0132023
N12552|5170|0.349724,N12586|9119|0.317787,0.0123977
N12552|5170|0.349724,N12472|2949|0.315673,0.0147574
N12992|10856|1.925319,N12986|8658|4.09695,0.00848643
N12992|10856|1.925319,N12984|4889|4.234202,0.0139768
N12552|5170|0.349724,N12481|5745|0.140218,0.0139802
N12552|5170|0.349724,N12553|5590|1.684612,0.00693605
N12992|10856|1.925319,N12997|12399|1.005863,0.0100485
N12552|5170|0.349724,N12378|10540|0.39814,0.0131871
N12552|5170|0.349724,N12559|3859|4.121142,0.0147343
N12552|5170|0.349724,N12482|15143|0.193936,0.0123992
N12552|5170|0.349724,N12527|9237|0.448218,0.0123941
N12992|10856|1.925319,N12977|12673|1.17305,0.0069337
N12552|5170|0.349724,N12518|9895|2.414444,0.013207
N12552|5170|0.349724,N12504|8693|0.601243,0.0123992
N12552|5170|0.349724,N12589|4455|2.489465,0.0123913
N12552|5170|0.349724,N12519|10480|2.16617,0.0116305
N12552|5170|0.349724,N12550|8083|0.027918,0.00384782
N12552|5170|0.349724,N12602|14045|0.864212,0.0116175
N12552|5170|0.349724,N12588|14367|1.187912,0.0084962
N12552|5170|0.349724,N12594|12877|0.083073,0.0139798
N12552|5170|0.349724,N12492|6139|1.973109,0.0131779
N12552|5170|0.349724,N12600|4349|1.436957,0.0116177
N12552|5170|0.349724,N12554|10454|0.637343,0.00384752
N12552|5170|0.349724,N12565|3942|2.216347,0.0132131
N12552|5170|0.349724,N12500|10430|1.273377,0.0131747
N12552|5170|0.349724,N12534|12395|1.442349,0.011623
N12552|5170|0.349724,N12595|11041|1.186994,0.0139723
N12552|5170|0.349724,N12505|6802|1.904995,0.0147424
N12552|5170|0.349724,N12569|10700|0.180908,0.00927837
N12552|5170|0.349724,N12497|5875|0.074333,0.0100442
N12552|5170|0.349724,N12545|9734|2.533836,0.0100606
N12552|5170|0.349724,N12483|3059|1.085798,0.0147474
N12552|5170|0.349724,N12513|6383|0.180784,0.0139924
N12552|5170|0.349724,N12480|6588|1.156968,0.0139668
N12552|5170|0.349724,N12574|12439|0.14536,0.0108258
N12552|5170|0.349724,N12517|2545|1.034848,0.0124155
N12552|5170|0.349724,N12529|4469|3.56161,0.0124156
N12552|5170|0.349724,N12528|11921|2.139033,0.013207
N12552|5170|0.349724,N12476|9967|1.35257,0.0132023
N12552|5170|0.349724,N12461|3483|0.725069,0.0147438
N12552|5170|0.349724,N12546|6374|0.291382,0.00849647
N12552|5170|0.349724,N12487|6538|4.703612,0.0147629
N12552|5170|0.349724,N12543|10805|3.530949,0.0116229
N9478|1850|0.516272,N9542|13337|0.791992,0.012373
N9478|1850|0.516272,N9480|5579|1.075498,0.00384523
N9478|1850|0.516272,N9484|8231|2.243047,0.0147331
N9478|1850|0.516272,N9486|1956|0.766508,0.0139651
N9547|8895|1.918115,N9546|9791|1.415917,0.00307297
N9547|8895|1.918115,N9555|11655|0.457878,0.013967
N9547|8895|1.918115,N9541|9315|2.046275,0.0139613
N9547|8895|1.918115,N9542|13337|0.791992,0.0092642
N9547|8895|1.918115,N9491|12440|0.015674,0.0139891
N9547|8895|1.918115,N9539|6002|0.511961,0.0147494
N9547|8895|1.918115,N9484|8231|2.243047,0.0131556
N9547|8895|1.918115,N9486|1956|0.766508,0.0139611
N9547|8895|1.918115,N9549|15218|1.855956,0.00694521
N9546|9791|1.415917,N9555|11655|0.457878,0.0139641
N9546|9791|1.415917,N9541|9315|2.046275,0.0139558
N9546|9791|1.415917,N9542|13337|0.791992,0.0092606
N9546|9791|1.415917,N9491|12440|0.015674,0.0139728
N9546|9791|1.415917,N9539|6002|0.511961,0.0147391
N9546|9791|1.415917,N9484|8231|2.243047,0.0131511
N7502|7746|0.135495,N7501|7058|6.640804,0.0139765
N9546|9791|1.415917,N9486|1956|0.766508,0.0139499
N7502|7746|0.135495,N7497|9527|0.329804,0.0139938
N7502|7746|0.135495,N7505|10053|4.144108,0.00308246
N9546|9791|1.415917,N9549|15218|1.855956,0.00694091
N7502|7746|0.135495,N7500|4265|6.319908,0.0131902
N7502|7746|0.135495,N7499|6719|5.70218,0.014746
N8982|12416|0.081628,N8990|2078|0.796041,0.00694957
N12896|5378|1.520829,N12900|12978|0.377253,0.00927381
N11253|10802|1.437638,N11241|3858|0.478726,0.0132035
N11253|10802|1.437638,N11259|13651|4.526962,0.0147775
N10080|5024|2.17992,N10066|5044|1.170769,0.0139804
N11253|10802|1.437638,N11256|8782|2.978578,0.0108385
N10080|5024|2.17992,N10089|1801|0.434429,0.00617491
N10080|5024|2.17992,N10079|14260|1.084337,0.00772838
N10080|5024|2.17992,N10125|13211|1.537075,0.0132036
N10080|5024|2.17992,N10055|11120|1.771627,0.0139726
N10080|5024|2.17992,N10118|13187|0.232964,0.0147683
N10080|5024|2.17992,N10075|10071|1.185983,0.00694554
N11350|2365|1.175804,N11333|15173|0.298044,0.0139533
N11350|2365|1.175804,N11334|12468|1.530882,0.0123782
N11350|2365|1.175804,N11352|6705|2.913347,0.0139305
N10080|5024|2.17992,N10069|12002|1.22255,0.0139658
N11350|2365|1.175804,N11355|14316|5.248091,0.00926727
N10080|5024|2.17992,N10068|11807|1.557756,0.0124135
N10080|5024|2.17992,N10063|11014|3.925773,0.0124194
N10080|5024|2.17992,N10122|2041|0.602855,0.0132032
N10080|5024|2.17992,N10053|7659|0.406937,0.0147717
N11350|2365|1.175804,N11348|14473|0.632811,0.0100521
N10080|5024|2.17992,N10124|12667|2.251802,0.0132035
N10080|5024|2.17992,N10084|5706|2.767464,0.0108387
N10080|5024|2.17992,N10065|8060|1.039306,0.0108486
N10080|5024|2.17992,N10111|11577|0.639357,0.0147803
N10080|5024|2.17992,N10094|7322|3.27339,0.00849325
N10080|5024|2.17992,N10054|3102|1.294006,0.0131859
N10080|5024|2.17992,N10096|4634|3.033585,0.0084933
N10080|5024|2.17992,N10126|7006|1.472433,0.0147852
N7678|14971|2.708855,N7684|6871|1.591664,0.0123976
N10080|5024|2.17992,N10078|2341|1.12871,0.0100603
N10080|5024|2.17992,N10071|1580|0.257818,0.00772944
N10080|5024|2.17992,N10052|2635|1.577136,0.0139618
N10080|5024|2.17992,N10086|10273|6.356528,0.0147502
N10080|5024|2.17992,N10082|5613|2.048412,0.0069362
N10080|5024|2.17992,N10127|9599|0.325855,0.0147634
N10080|5024|2.17992,N10060|3824|0.405696,0.0139796
N10080|5024|2.17992,N10083|10662|0.54533,0.00461965
N10080|5024|2.17992,N10062|10532|0.956953,0.0131926
N10080|5024|2.17992,N10088|8467|3.918434,0.00928445
N10080|5024|2.17992,N10119|10803|0.316622,0.0147683
N10080|5024|2.17992,N10105|6840|2.06747,0.0131883
N10080|5024|2.17992,N10061|3384|0.179959,0.00850236
N8945|12427|2.726987,N8948|7351|0.152822,0.0147565
N10080|5024|2.17992,N10087|7836|0.189476,0.00851061
N10080|5024|2.17992,N10076|15281|0.628564,0.00616944
N8945|12427|2.726987,N8942|9028|0.173101,0.0124106
N10080|5024|2.17992,N10081|3877|1.475931,0.00538998
N10080|5024|2.17992,N10057|13681|0.686815,0.0100568
N9500|2227|1.218307,N9501|12957|4.881441,0.00927871
N9500|2227|1.218307,N9503|4006|0.215152,0.00849314
N9500|2227|1.218307,N9555|11655|0.457878,0.0147523
N9500|2227|1.218307,N9542|13337|0.791992,0.0139803
N9500|2227|1.218307,N9491|12440|0.015674,0.00771824
N9500|2227|1.218307,N9511|4037|0.11695,0.00694563
N9500|2227|1.218307,N9484|8231|2.243047,0.0147732
N9500|2227|1.218307,N9508|3512|0.122202,0.00771833
N9500|2227|1.218307,N9486|1956|0.766508,0.014013
N9500|2227|1.218307,N9507|10649|0.049628,0.00693826
N9501|12957|4.881441,N9503|4006|0.215152,0.0131923
N11779|7972|0.956846,N11792|1642|2.795233,0.0147596
N11779|7972|0.956846,N11791|8077|1.068619,0.0139948
N11779|7972|0.956846,N11780|3360|3.504578,0.00616928
N11779|7972|0.956846,N11774|14374|0.391332,0.0108454
N9501|12957|4.881441,N9491|12440|0.015674,0.0123994
N9501|12957|4.881441,N9511|4037|0.11695,0.0116309
N11779|7972|0.956846,N11781|9068|0.252002,0.0108358
N9501|12957|4.881441,N9508|3512|0.122202,0.0123995
N9501|12957|4.881441,N9507|10649|0.049628,0.0116219
N11779|7972|0.956846,N11785|7370|0.623601,0.010845
N9472|2578|0.263727,N9461|6816|1.325411,0.0116192
N11779|7972|0.956846,N11782|2523|0.488763,0.00928471
N11779|7972|0.956846,N11787|2861|0.090931,0.0108594
N9472|2578|0.263727,N9465|7044|0.718834,0.00693599
N9472|2578|0.263727,N9476|7780|0.27861,0.00616162
N11779|7972|0.956846,N11784|11902|1.191376,0.0092847
N11779|7972|0.956846,N11777|9609|0.992037,0.00385151
N11084|12385|3.436733,N11079|7055|0.791885,0.0108198
N11084|12385|3.436733,N11083|13343|1.817434,0.0100449
N12264|8364|0.363695,N12267|2697|0.281847,0.0131938
N11084|12385|3.436733,N11077|9491|0.19632,0.0123918
N12264|8364|0.363695,N12262|1782|4.30074,0.0140317
N12264|8364|0.363695,N12263|14753|1.330916,0.0140114
N12264|8364|0.363695,N12285|12189|1.973591,0.0147427
N12264|8364|0.363695,N12279|8457|0.616552,0.0123975
N12264|8364|0.363695,N12276|15364|0.213973,0.0108462
N12264|8364|0.363695,N12275|11037|0.312229,0.0116213
N9870|10159|0.43556,N9857|12874|2.319649,0.0108259
N9870|10159|0.43556,N9855|6001|0.173178,0.010042
N12264|8364|0.363695,N12281|5227|0.377566,0.0100486
N9870|10159|0.43556,N9879|4595|5.543983,0.0147224
N12264|8364|0.363695,N12265|13006|0.725666,0.0108577
N9870|10159|0.43556,N9874|11501|0.244614,0.00461259
N9870|10159|0.43556,N9866|6159|2.918018,0.0131858
N9870|10159|0.43556,N9858|7228|0.829383,0.00849252
N12264|8364|0.363695,N12266|5430|2.464993,0.0139713
N9870|10159|0.43556,N9860|3015|1.032278,0.0108333
N9870|10159|0.43556,N9854|5220|2.64087,0.0131569
N11265|11932|2.622816,N11276|2917|0.721746,0.0131714
N11265|11932|2.622816,N11274|11186|2.075797,0.0147398
N10342|10555|0.187188,N10290|12498|1.530341,0.0147451
N10342|10555|0.187188,N10305|5632|1.383602,0.0147393
N10342|10555|0.187188,N10310|2189|2.163687,0.0139523
N8542|14167|3.9748,N8547|9642|2.033348,0.0139302
N8542|14167|3.9748,N8535|9122|0.13603,0.0100514
N10342|10555|0.187188,N10301|14140|0.237663,0.0123835
N10342|10555|0.187188,N10309|9762|0.882892,0.0139613
N10342|10555|0.187188,N10340|4232|1.303956,0.00538834
N8542|14167|3.9748,N8537|12736|0.793561,0.01241
N8542|14167|3.9748,N8539|10972|3.907177,0.00849269
N10342|10555|0.187188,N10308|7071|0.582151,0.0108195
N8674|9719|0.296966,N8661|10851|1.961822,0.0139777
N10342|10555|0.187188,N10307|14002|0.117948,0.0116106
N8674|9719|0.296966,N8635|7231|0.13617,0.0147562
N8674|9719|0.296966,N8672|2210|0.469018,0.00851117
N10342|10555|0.187188,N10313|9230|1.208993,0.0139394
N10342|10555|0.187188,N10339|3305|1.988433,0.0147739
N8674|9719|0.296966,N8673|13767|0.155844,0.00773961
N8674|9719|0.296966,N8675|12520|4.641865,0.00539063
N8674|9719|0.296966,N8678|10511|0.772648,0.00384393
N8674|9719|0.296966,N8639|7321|1.594604,0.0147716
N10342|10555|0.187188,N10314|1679|0.052918,0.0123912
N10342|10555|0.187188,N10315|6133|1.421078,0.0139611
N10567|8150|0.941257,N10565|11930|1.094538,0.00539838
N10567|8150|0.941257,N10580|12481|0.361,0.0108364
N7879|9688|9.223416,N7881|5503|0.713161,0.0148314
N7879|9688|9.223416,N7877|6834|2.985305,0.0132165
N10567|8150|0.941257,N10584|7104|0.366573,0.0124023
N8843|1873|0.526106,N8841|12883|1.997299,0.00384236
N8843|1873|0.526106,N8846|12367|2.895876,0.00693325
N10567|8150|0.941257,N10582|10741|1.762303,0.0116141
N10567|8150|0.941257,N10585|12785|0.199406,0.013973
N8843|1873|0.526106,N8842|8920|6.710586,0.0116213
N8843|1873|0.526106,N8834|4471|2.616645,0.0100731
N10567|8150|0.941257,N10577|2852|0.124301,0.013961
N10567|8150|0.941257,N10566|12908|3.310959,0.00926647
N10567|8150|0.941257,N10586|5873|0.989638,0.0147536
N10567|8150|0.941257,N10591|10257|2.420075,0.013961
N10567|8150|0.941257,N10594|11499|0.093242,0.0116129
N12771|1722|0.237403,N12757|10477|0.075416,0.0139649
N12771|1722|0.237403,N12750|8342|0.943226,0.0131761
N7361|4656|0.357697,N7358|8381|0.416148,0.00777322
N12771|1722|0.237403,N12800|3339|0.55552,0.0124013
N7361|4656|0.357697,N7365|6936|1.085228,0.0116378
N12771|1722|0.237403,N12796|8593|0.43714,0.0139614
N12771|1722|0.237403,N12766|9118|1.357847,0.0139611
N7361|4656|0.357697,N7363|2573|0.103245,0.00933046
N12771|1722|0.237403,N12759|12675|0.102362,0.0147391
N12771|1722|0.237403,N12772|11874|1.975007,0.00771737
N12771|1722|0.237403,N12770|5861|0.616059,0.0108418
N12771|1722|0.237403,N12751|14883|0.545789,0.0147474
N12771|1722|0.237403,N12756|2309|1.276595,0.0147436
N12771|1722|0.237403,N12755|12020|0.149553,0.0139649
N12771|1722|0.237403,N12803|2064|0.265817,0.0147437
N12771|1722|0.237403,N12805|7599|5.251764,0.0139558
N12771|1722|0.237403,N12769|13527|0.825958,0.0100564
N12771|1722|0.237403,N12754|12915|1.230618,0.0147494
N12771|1722|0.237403,N12797|2791|0.77827,0.0124013
N12771|1722|0.237403,N12747|10085|0.02083,0.0139606
N12771|1722|0.237403,N12765|5223|0.290977,0.0108397
N12771|1722|0.237403,N12763|9214|0.250753,0.0147398
N9556|9833|0.170127,N9487|5128|0.140553,0.0131624
N9556|9833|0.170127,N9531|13427|0.792391,0.0131685
N9556|9833|0.170127,N9506|6295|0.279085,0.0147312
N9556|9833|0.170127,N9498|7215|0.598502,0.0147536
N9556|9833|0.170127,N9493|8379|0.638868,0.0139649
N9728|15310|0.085393,N9713|11770|0.47842,0.0100448
N9556|9833|0.170127,N9553|9058|1.067382,0.00461393
N9556|9833|0.170127,N9481|6058|1.683084,0.0147731
N9556|9833|0.170127,N9538|7781|2.32725,0.0147628
N9728|15310|0.085393,N9717|6100|7.537105,0.0139345
N9728|15310|0.085393,N9727|2654|0.637465,0.00307385
N9556|9833|0.170127,N9533|4010|0.908495,0.0131684
N9556|9833|0.170127,N9525|10317|1.701035,0.0116108
N9728|15310|0.085393,N9723|4534|3.162746,0.0123847
N9728|15310|0.085393,N9733|11666|0.117101,0.0100447
N9556|9833|0.170127,N9482|2701|0.778378,0.0147392
N9728|15310|0.085393,N9740|10865|0.999278,0.0116081
N9556|9833|0.170127,N9492|8720|1.571976,0.0147621
N9728|15310|0.085393,N9743|5866|1.262035,0.0131831
N9556|9833|0.170127,N9502|12775|0.091182,0.0139611
N9556|9833|0.170127,N9495|7893|0.163381,0.0147438
N10979|12278|3.152954,N10981|2731|0.266376,0.00928446
N9556|9833|0.170127,N9552|6778|1.175407,0.00461616
N9556|9833|0.170127,N9547|8895|1.918115,0.0147503
N9556|9833|0.170127,N9546|9791|1.415917,0.0147452
N10979|12278|3.152954,N10984|9782|0.397387,0.00926556
N9556|9833|0.170127,N9555|11655|0.457878,0.000767616
N9556|9833|0.170127,N9541|9315|2.046275,0.0139777
N9556|9833|0.170127,N9557|3452|1.915897,0.00230596
N9556|9833|0.170127,N9542|13337|0.791992,0.0100482
N9556|9833|0.170127,N9491|12440|0.015674,0.0123991
N9556|9833|0.170127,N9511|4037|0.11695,0.0147392
N9556|9833|0.170127,N9539|6002|0.511961,0.0139721
N10979|12278|3.152954,N10973|10114|1.49298,0.0124076
N9556|9833|0.170127,N9484|8231|2.243047,0.0139465
N9556|9833|0.170127,N9508|3512|0.122202,0.0147247
N9556|9833|0.170127,N9486|1956|0.766508,0.0131746
N9556|9833|0.170127,N9507|10649|0.049628,0.0147312
N9556|9833|0.170127,N9554|2448|2.434905,0.00849023
N9556|9833|0.170127,N9549|15218|1.855956,0.0139612
N9461|6816|1.325411,N9465|7044|0.718834,0.00927342
N9461|6816|1.325411,N9476|7780|0.27861,0.008501
N7273|5551|0.110078,N7274|1460|0.085973,0.0123917
N7273|5551|0.110078,N7275|4384|1.960031,0.0139563
N13027|10423|1.107882,N13026|9197|0.544685,0.00307295
N7273|5551|0.110078,N7272|8137|0.660077,0.0139469
N13027|10423|1.107882,N13014|4486|3.492421,0.0123972
N13027|10423|1.107882,N13023|9255|2.431417,0.00771309
N13028|11554|48.877558,N13029|1904|59.392395,0.00616729
N9494|4505|0.665901,N9487|5128|0.140553,0.0108354
N9494|4505|0.665901,N9497|14447|3.469354,0.0108503
N9494|4505|0.665901,N9506|6295|0.279085,0.00773942
N9494|4505|0.665901,N9526|4386|4.722378,0.0139608
N9494|4505|0.665901,N9498|7215|0.598502,0.00928679
N9494|4505|0.665901,N9499|11947|3.526181,0.0123974
N9494|4505|0.665901,N9493|8379|0.638868,0.0100486
N9494|4505|0.665901,N9504|4699|0.169281,0.0100698
N9494|4505|0.665901,N9490|3199|3.288106,0.0147713
N9494|4505|0.665901,N9510|12778|1.414192,0.0139956
N9494|4505|0.665901,N9525|10317|1.701035,0.011608
N9494|4505|0.665901,N9492|8720|1.571976,0.0108352
N9494|4505|0.665901,N9502|12775|0.091182,0.00851101
N7543|1554|2.449295,N7555|11252|0.72638,0.0147316
N9494|4505|0.665901,N9495|7893|0.163381,0.00616951
N9494|4505|0.665901,N9500|2227|1.218307,0.0100565
N9494|4505|0.665901,N9501|12957|4.881441,0.0147844
N7543|1554|2.449295,N7545|8538|0.438066,0.00230535
N7543|1554|2.449295,N7544|11783|3.2608,0.00307621
N9494|4505|0.665901,N9503|4006|0.215152,0.00929593
N8784|1702|3.594054,N8778|15073|3.971629,0.0139545
N9494|4505|0.665901,N9542|13337|0.791992,0.0147248
N9494|4505|0.665901,N9491|12440|0.015674,0.00849991
N9494|4505|0.665901,N9511|4037|0.11695,0.00773796
N8784|1702|3.594054,N8779|10442|0.344821,0.00772769
N9494|4505|0.665901,N9508|3512|0.122202,0.00849985
N9494|4505|0.665901,N9507|10649|0.049628,0.00773942
N8784|1702|3.594054,N8783|12045|0.175354,0.00772006
N12353|8771|0.123274,N12362|2705|2.227795,0.0100405
N7691|11179|0.235424,N7711|1601|0.185578,0.012391
N12353|8771|0.123274,N12369|13497|0.468312,0.0124091
N12353|8771|0.123274,N12373|12163|1.077838,0.0139644
N12353|8771|0.123274,N12346|12410|0.372866,0.00772251
N7691|11179|0.235424,N7693|11086|3.609277,0.0123846
N7691|11179|0.235424,N7696|6211|2.346475,0.00927559
N12353|8771|0.123274,N12354|3530|2.800901,0.0123865
N12353|8771|0.123274,N12344|12378|1.266372,0.01239
N12353|8771|0.123274,N12358|2665|0.156469,0.0123859
N12353|8771|0.123274,N12350|9203|3.129607,0.0108241
N12304|2562|0.235725,N12299|10097|11.787224,0.0139712
N12304|2562|0.235725,N12319|7679|1.193238,0.0116109
N12304|2562|0.235725,N12308|5775|1.252486,0.00617481
N12304|2562|0.235725,N12315|15139|2.647388,0.0100637
N7691|11179|0.235424,N7702|1487|0.895309,0.0124059
N7691|11179|0.235424,N7697|5849|2.33713,0.0139609
N12304|2562|0.235725,N12309|10166|0.928832,0.0046204
N7691|11179|0.235424,N7694|4064|2.201154,0.0147578
N7691|11179|0.235424,N7700|13769|0.192904,0.0108382
N7691|11179|0.235424,N7703|6455|2.844013,0.0147271
N7456|14993|0.820287,N7457|12035|1.153954,0.0053899
N7691|11179|0.235424,N7709|11706|0.15315,0.0131832
N7691|11179|0.235424,N7714|3550|0.106017,0.0123942
N7691|11179|0.235424,N7713|13298|0.510114,0.0139615
N8270|12417|0.104344,N8293|1656|0.456544,0.0139778
N8270|12417|0.104344,N8282|11307|0.484542,0.0147343
N8270|12417|0.104344,N8305|4538|0.002717,0.0147423
N8485|1558|3.936767,N8487|11714|0.291764,0.0116206
N8270|12417|0.104344,N8276|7340|0.140385,0.0115966
N8270|12417|0.104344,N8271|14464|0.211769,0.00461549
N8270|12417|0.104344,N8278|12996|0.77561,0.0131555
N8270|12417|0.104344,N8294|7565|3.15105,0.0139778
N8270|12417|0.104344,N8295|11083|0.439892,0.013967
N8270|12417|0.104344,N8274|11759|1.247002,0.013967
N10058|7641|2.216887,N10062|10532|0.956953,0.0147457
N10058|7641|2.216887,N10061|3384|0.179959,0.0100489
N8270|12417|0.104344,N8265|2171|0.945225,0.0131829
N8270|12417|0.104344,N8269|4029|0.03278,0.00770872
N8270|12417|0.104344,N8272|10761|0.822104,0.0116041
N8270|12417|0.104344,N8281|15228|0.040968,0.0139466
N8270|12417|0.104344,N8280|5972|1.604295,0.0131592
N8270|12417|0.104344,N8266|9494|2.242049,0.0131762
N11267|7197|1.086047,N11270|7155|1.685967,0.00928434
N11267|7197|1.086047,N11261|3110|0.877249,0.0139947
N7233|6506|1.924172,N7234|5555|2.762448,0.00851089
N8920|9249|3.22695,N8919|14730|2.073608,0.00461618
N11267|7197|1.086047,N11269|14899|0.38981,0.003073
N11267|7197|1.086047,N11278|7842|1.936678,0.0123904
N11267|7197|1.086047,N11263|9326|0.863094,0.0116676
N11267|7197|1.086047,N11268|1588|0.835826,0.00230454
N11267|7197|1.086047,N11272|7605|0.463027,0.00772755
N10152|9351|0.056029,N10158|14329|0.227607,0.00927747
N10152|9351|0.056029,N10160|4433|0.171967,0.00928286
N10152|9351|0.056029,N10136|6253|0.845949,0.0100487
N11267|7197|1.086047,N11279|13880|0.575043,0.0123904
N11267|7197|1.086047,N11265|11932|2.622816,0.0116335
N10152|9351|0.056029,N10139|5635|0.470954,0.00850096
N11267|7197|1.086047,N11276|2917|0.721746,0.0147402
N10152|9351|0.056029,N10135|3888|1.954201,0.0108239
N8745|9801|1.55755,N8747|6835|2.435311,0.00694078
N10791|5095|0.101859,N10799|8691|1.813873,0.0123913
N10791|5095|0.101859,N10800|12324|1.582389,0.0139416
N10791|5095|0.101859,N10783|8417|1.969961,0.0100411
N10791|5095|0.101859,N10806|8085|0.809489,0.0116069
N10791|5095|0.101859,N10794|4196|1.198788,0.0116022
N10791|5095|0.101859,N10795|7247|1.411132,0.0123903
N10791|5095|0.101859,N10802|5614|0.119248,0.0108203
N10791|5095|0.101859,N10782|9588|4.038503,0.0116
N10791|5095|0.101859,N10803|14417|0.009516,0.0108263
N10791|5095|0.101859,N10786|7868|1.275439,0.00230331
N10791|5095|0.101859,N10796|4868|0.355894,0.0108264
N10195|13202|2.172521,N10192|4290|0.307745,0.010061
N12094|8684|0.190719,N12047|4052|0.982478,0.0147734
N12094|8684|0.190719,N12062|10982|1.689488,0.0139957
N12094|8684|0.190719,N12091|4328|0.976929,0.00461617
N12094|8684|0.190719,N12049|6519|2.771871,0.0140319
N10195|13202|2.172521,N10193|6971|0.125411,0.0061693
N10316|9769|0.632086,N10314|1679|0.052918,0.00928398
N10316|9769|0.632086,N10317|11010|1.250049,0.00539058
N10316|9769|0.632086,N10320|2151|2.016699,0.0108247
N10316|9769|0.632086,N10329|13495|2.243571,0.0147396
N10316|9769|0.632086,N10299|10444|2.378877,0.0123792
N9751|14481|0.648224,N9759|1568|1.925195,0.0053906
N10316|9769|0.632086,N10315|6133|1.421078,0.00230468
N9751|14481|0.648224,N9750|15005|0.111728,0.00230599
N10799|8691|1.813873,N10800|12324|1.582389,0.0124099
N10799|8691|1.813873,N10783|8417|1.969961,0.0147499
N10799|8691|1.813873,N10806|8085|0.809489,0.0116316
N9751|14481|0.648224,N9754|11347|0.337691,0.00461376
N9751|14481|0.648224,N9762|11905|0.538031,0.00693605
N10799|8691|1.813873,N10794|4196|1.198788,0.00695618
N10799|8691|1.813873,N10795|7247|1.411132,0.00772831
N10799|8691|1.813873,N10802|5614|0.119248,0.00927725
N10799|8691|1.813873,N10803|14417|0.009516,0.00929615
N10799|8691|1.813873,N10786|7868|1.275439,0.0131746
N9751|14481|0.648224,N9764|15391|0.503316,0.00617325
N9751|14481|0.648224,N9763|10952|4.892968,0.0132013
N10799|8691|1.813873,N10796|4868|0.355894,0.00307622
N9751|14481|0.648224,N9755|10766|2.735048,0.00927574
N7970|1738|1.769525,N7971|8913|2.621888,0.0139796
N9751|14481|0.648224,N9753|11007|1.439481,0.00461553
N7970|1738|1.769525,N7969|12803|3.220822,0.009267
N9751|14481|0.648224,N9749|4008|1.232941,0.0124011
N9751|14481|0.648224,N9756|14594|0.546742,0.00694552
N10486|7408|2.057458,N10483|12438|7.061558,0.0140417
N10486|7408|2.057458,N10487|12981|0.426877,0.00774367
N8044|9099|2.65147,N8045|8813|1.774773,0.00850017
N8044|9099|2.65147,N8042|14900|0.883668,0.00925524
N7991|2953|0.737916,N7994|6866|0.804501,0.0139649
N7475|7364|0.383068,N7477|7514|11.084761,0.0116476
N10813|13349|0.81071,N10812|8857|0.542029,0.000767362
N10813|13349|0.81071,N10816|11986|0.724767,0.006939
N10813|13349|0.81071,N10809|6337|1.015545,0.0084824
N7600|10922|3.58875,N7597|8505|0.083789,0.0123982
N10813|13349|0.81071,N10819|13459|0.374837,0.00849624
N10813|13349|0.81071,N10811|8321|0.053514,0.00538676
N10813|13349|0.81071,N10817|8634|2.238831,0.00770881
N10813|13349|0.81071,N10808|4223|1.309205,0.01475
N10813|13349|0.81071,N10818|13274|1.510005,0.0139845
N11710|2454|2.974964,N11700|6247|1.747934,0.0139798
N11710|2454|2.974964,N11668|8814|0.241117,0.0139619
N11118|3441|0.266943,N11119|6343|0.137069,0.00307623
N11710|2454|2.974964,N11713|12925|0.623445,0.00850443
N11118|3441|0.266943,N11101|7070|0.946171,0.0139675
N11710|2454|2.974964,N11709|8765|2.407597,0.00926993
N11710|2454|2.974964,N11691|12009|2.664582,0.0139713
N11710|2454|2.974964,N11693|10108|1.755544,0.0132017
N11710|2454|2.974964,N11690|6644|0.131364,0.0116139
N11710|2454|2.974964,N11692|14817|1.040448,0.0116221
N11710|2454|2.974964,N11708|12521|1.374714,0.00927761
N11118|3441|0.266943,N11108|5884|0.77288,0.0100499
N11118|3441|0.266943,N11097|12564|1.398948,0.0100517
N11710|2454|2.974964,N11697|12251|0.022806,0.0139526
N11710|2454|2.974964,N11661|1883|0.916116,0.0116384
N11710|2454|2.974964,N11695|10676|1.05039,0.0147677
N11710|2454|2.974964,N11702|14744|0.617456,0.0108468
N11710|2454|2.974964,N11707|13696|2.522154,0.012414
N11710|2454|2.974964,N11699|8260|0.716946,0.0123992
N11710|2454|2.974964,N11696|6974|3.630097,0.011614
N9063|14968|3.46223,N9060|5017|1.651897,0.00771744
N11710|2454|2.974964,N11705|2251|3.628118,0.0131957
N11710|2454|2.974964,N11712|8949|3.39396,0.0124242
N9063|14968|3.46223,N9066|8542|2.20717,0.0147915
N11710|2454|2.974964,N11704|4938|0.136408,0.0123992
N11710|2454|2.974964,N11681|13181|1.679551,0.0147727
N9063|14968|3.46223,N9059|3952|0.117079,0.00616965
N11710|2454|2.974964,N11714|12412|4.098774,0.00850445
N9063|14968|3.46223,N9090|5865|0.111667,0.011622
N11710|2454|2.974964,N11711|5342|0.529197,0.00539074
N9063|14968|3.46223,N9058|3054|0.871612,0.00926989
N12808|2415|0.289304,N12806|3517|1.956552,0.00230279
N10031|9388|0.138167,N10035|15261|3.085156,0.0100565
N10031|9388|0.138167,N10034|10907|3.50552,0.0100567
N10220|6930|4.024792,N10219|9679|0.886488,0.00926069
N10031|9388|0.138167,N10033|10634|4.451449,0.0139611
N10031|9388|0.138167,N10024|11221|2.732505,0.00850419
N10464|13817|1.982144,N10452|9184|0.524044,0.0147576
N10464|13817|1.982144,N10458|6483|1.010701,0.0147537
N10464|13817|1.982144,N10459|13491|0.273509,0.0116177
N9926|14208|4.078226,N9934|14693|0.790861,0.0139648
N9926|14208|4.078226,N9937|9435|0.389164,0.0139564
N8597|3589|2.374505,N8603|14859|1.315696,0.0131675
N8597|3589|2.374505,N8581|6371|0.050036,0.0147583
N8597|3589|2.374505,N8600|9314|0.056536,0.0131675
N9966|11649|0.812061,N9965|8087|0.85324,0.0131784
N9172|4097|0.914498,N9173|6954|2.168493,0.00538491
N9172|4097|0.914498,N9166|2597|0.752052,0.0108367
N12362|2705|2.227795,N12375|12258|0.198753,0.0147494
N12362|2705|2.227795,N12369|13497|0.468312,0.011615
N12362|2705|2.227795,N12373|12163|1.077838,0.0131745
N12362|2705|2.227795,N12346|12410|0.372866,0.0100584
N12362|2705|2.227795,N12354|3530|2.800901,0.0100358
N12362|2705|2.227795,N12344|12378|1.266372,0.0116258
N8810|5792|1.654842,N8825|14233|0.337683,0.0139802
N8810|5792|1.654842,N8812|5341|1.19168,0.00771304
N12362|2705|2.227795,N12358|2665|0.156469,0.0116007
N8810|5792|1.654842,N8806|11980|0.102757,0.00384654
N8810|5792|1.654842,N8826|10845|0.935953,0.0147676
N8810|5792|1.654842,N8811|9539|0.100221,0.00153498
N12444|4137|0.107218,N12454|9739|0.606509,0.00693313
N12444|4137|0.107218,N12428|3118|1.22185,0.00851276
N12444|4137|0.107218,N12432|11765|4.38801,0.0116215
N8810|5792|1.654842,N8816|11877|6.49092,0.0147577
N12444|4137|0.107218,N12447|13631|1.752321,0.00538821
N12444|4137|0.107218,N12441|15258|0.530176,0.00770869
N8810|5792|1.654842,N8814|6773|4.388186,0.0139584
N8810|5792|1.654842,N8828|2039|1.535477,0.0147676
N12444|4137|0.107218,N12430|11924|0.617032,0.00850037
N8810|5792|1.654842,N8808|7597|2.501861,0.00616431
N8810|5792|1.654842,N8813|2637|0.544467,0.0108359
N8810|5792|1.654842,N8809|7652|0.05461,0.00461951
N12195|11376|0.590085,N12180|2451|2.75645,0.0123912
N10714|2025|0.027363,N10715|14538|4.523294,0.0147503
N10714|2025|0.027363,N10734|1378|2.016343,0.013954
N10714|2025|0.027363,N10719|10926|0.02991,0.0100441
N10714|2025|0.027363,N10737|12068|0.497491,0.0116078
N10714|2025|0.027363,N10722|10623|1.28223,0.0108444
N10714|2025|0.027363,N10728|5088|3.10689,0.0131745
N10714|2025|0.027363,N10717|5155|1.713998,0.013967
N10714|2025|0.027363,N10718|7313|0.915261,0.0108263
N10714|2025|0.027363,N10716|5404|0.583346,0.00849133
N10714|2025|0.027363,N10710|3869|5.917943,0.0100441
N10714|2025|0.027363,N10724|3500|0.101707,0.00926688
N10714|2025|0.027363,N10732|12967|0.670641,0.00927531
N10714|2025|0.027363,N10725|9276|3.451623,0.0116173
N10800|12324|1.582389,N10806|8085|0.809489,0.0116023
N10714|2025|0.027363,N10726|6909|1.102324,0.00926691
N10714|2025|0.027363,N10727|11162|3.195729,0.0116175
N10800|12324|1.582389,N10794|4196|1.198788,0.0100499
N10800|12324|1.582389,N10795|7247|1.411132,0.0108238
N10714|2025|0.027363,N10740|14410|2.284142,0.00926419
N10800|12324|1.582389,N10802|5614|0.119248,0.00770385
N10800|12324|1.582389,N10803|14417|0.009516,0.00927518
N10800|12324|1.582389,N10786|7868|1.275439,0.0147221
N10714|2025|0.027363,N10735|8144|0.65834,0.01239
N10800|12324|1.582389,N10796|4868|0.355894,0.0108474
N8034|11942|0.98519,N8007|9686|0.849915,0.0131672
N8034|11942|0.98519,N8039|4402|0.429196,0.0069406
N10714|2025|0.027363,N10712|12789|1.346723,0.0108333
N8034|11942|0.98519,N8014|11541|1.407573,0.0124099
N10714|2025|0.027363,N10713|9768|1.55032,0.0131609
N8034|11942|0.98519,N8022|12003|0.569686,0.00927426
N8034|11942|0.98519,N8008|8037|2.076879,0.0131759
N8034|11942|0.98519,N8030|1826|4.32662,0.0100605
N8034|11942|0.98519,N8020|4770|0.329201,0.0108311
N7574|1556|0.025932,N7576|12989|0.238265,0.00771341
N7574|1556|0.025932,N7581|2522|2.105634,0.0147584
N8034|11942|0.98519,N8011|6303|3.222924,0.0108246
N8034|11942|0.98519,N8012|12050|0.024109,0.0108353
N7574|1556|0.025932,N7583|8184|0.774372,0.0139612
N7574|1556|0.025932,N7585|9212|1.060281,0.0147458
N7574|1556|0.025932,N7573|12128|0.908489,0.00461399
N9049|10265|3.185581,N9048|5200|0.926094,0.00854479
N9049|10265|3.185581,N9018|7028|1.271107,0.0139396
N7574|1556|0.025932,N7572|15384|2.459501,0.011618
N7574|1556|0.025932,N7578|13870|0.956822,0.00771752
N8841|12883|1.997299,N8846|12367|2.895876,0.00771097
N7574|1556|0.025932,N7577|3297|0.36233,0.00694083
N8841|12883|1.997299,N8842|8920|6.710586,0.0123968
N8841|12883|1.997299,N8834|4471|2.616645,0.0108452
N12511|4140|1.967101,N12513|6383|0.180784,0.00617511
N10546|4733|3.182592,N10550|6562|1.791754,0.0148088
N10546|4733|3.182592,N10548|5236|2.259254,0.0116108
N12454|9739|0.606509,N12428|3118|1.22185,0.00927441
N12454|9739|0.606509,N12432|11765|4.38801,0.012409
N10546|4733|3.182592,N10549|6129|2.090029,0.00929594
N12454|9739|0.606509,N12447|13631|1.752321,0.00307383
N12454|9739|0.606509,N12441|15258|0.530176,0.0100483
N12454|9739|0.606509,N12430|11924|0.617032,0.0108246
N10546|4733|3.182592,N10547|7175|0.207334,0.0069561
N13009|7240|0.01128,N13026|9197|0.544685,0.0139612
N10546|4733|3.182592,N10545|2003|0.042819,0.00539624
N13009|7240|0.01128,N13008|10910|0.505102,0.0131568
N13009|7240|0.01128,N13023|9255|2.431417,0.0139752
N7811|13428|1.645986,N7819|13882|1.436249,0.0131746
N7811|13428|1.645986,N7814|5279|0.380088,0.0108238
N7811|13428|1.645986,N7832|9416|0.759916,0.0147313
N9038|1696|3.392067,N9042|4508|0.255122,0.0147722
N7811|13428|1.645986,N7825|10194|4.905259,0.0147583
N9038|1696|3.392067,N9036|15289|0.836622,0.0116331
N9038|1696|3.392067,N9041|13663|0.42431,0.0108355
N12942|5153|0.602411,N12941|9337|0.554667,0.00384392
N12942|5153|0.602411,N12935|8245|0.75658,0.0100581
N9038|1696|3.392067,N9037|3151|0.565871,0.0116331
N12942|5153|0.602411,N12938|6210|0.131432,0.00927517
N12942|5153|0.602411,N12944|4268|0.462966,0.0131917
N9153|7987|3.861358,N9154|8775|1.938037,0.00461963
N11036|4167|1.631939,N11043|12889|1.207492,0.0139397
N11036|4167|1.631939,N11041|10839|3.014523,0.0147251
N11036|4167|1.631939,N11031|10429|0.063655,0.0108118
N11036|4167|1.631939,N11034|10822|0.322623,0.0023028
N10441|12065|2.54058,N10421|1621|0.185784,0.0139651
N10441|12065|2.54058,N10432|5320|1.445576,0.0139544
N9407|10014|2.87042,N9406|9757|1.246202,0.00694769
N9407|10014|2.87042,N9400|10181|1.115884,0.0131676
N9407|10014|2.87042,N9402|14702|1.463795,0.00926982
N9407|10014|2.87042,N9422|9014|1.448228,0.0124015
N9407|10014|2.87042,N9397|14957|1.010538,0.0123873
N9407|10014|2.87042,N9418|11659|0.082455,0.0100565
N9407|10014|2.87042,N9408|9665|0.673645,0.010824
N9407|10014|2.87042,N9423|6527|0.148587,0.00929623
N9407|10014|2.87042,N9398|2413|1.127416,0.00926982
N9407|10014|2.87042,N9394|7196|2.769976,0.0123962
N9407|10014|2.87042,N9416|3982|2.127591,0.0108399
N11818|14577|0.522973,N11816|5165|3.807683,0.00539386
N11818|14577|0.522973,N11845|7795|0.316845,0.0108321
N11818|14577|0.522973,N11822|13844|1.50106,0.0100414
N11818|14577|0.522973,N11833|10670|4.114445,0.0131752
N9407|10014|2.87042,N9359|13859|0.138749,0.0139806
N9407|10014|2.87042,N9429|6293|0.044463,0.00928435
N11818|14577|0.522973,N11829|6136|3.535808,0.0108358
N11818|14577|0.522973,N11820|2273|0.700337,0.00461962
N11818|14577|0.522973,N11826|10781|1.093903,0.00771768
N11818|14577|0.522973,N11835|1559|2.226693,0.0147582
N9407|10014|2.87042,N9419|8042|1.209773,0.0124101
N11818|14577|0.522973,N11805|9530|2.079066,0.0139796
N9407|10014|2.87042,N9420|3100|3.388402,0.0131899
N11818|14577|0.522973,N11824|12275|0.381059,0.00848644
N11818|14577|0.522973,N11799|11006|0.930139,0.0131959
N9407|10014|2.87042,N9413|7854|2.302913,0.0131899
N11818|14577|0.522973,N11812|8304|1.873095,0.0124054
N11818|14577|0.522973,N11801|13264|1.168057,0.0139609
N11818|14577|0.522973,N11844|10359|0.208095,0.0116176
N9407|10014|2.87042,N9370|6191|0.044663,0.0147737
N9407|10014|2.87042,N9411|12961|0.776325,0.00771332
N9407|10014|2.87042,N9414|3729|3.038117,0.0132009
N9407|10014|2.87042,N9405|11433|2.621768,0.0100675
N9407|10014|2.87042,N9426|2312|2.112556,0.0147475
N9407|10014|2.87042,N9417|14062|0.337818,0.0100565
N9407|10014|2.87042,N9425|10731|0.354384,0.0100565
N9407|10014|2.87042,N9358|15303|1.043357,0.0147632
N9407|10014|2.87042,N9399|10757|3.06532,0.0108399
N8622|5565|0.483006,N8613|14565|1.836866,0.0123835
N9407|10014|2.87042,N9404|11969|0.138192,0.00616176
N9407|10014|2.87042,N9410|13851|2.199643,0.0100515
N8622|5565|0.483006,N8617|12262|1.10584,0.00927725
N12570|13676|2.708832,N12549|2456|1.816008,0.0147582
N12570|13676|2.708832,N12572|7169|0.173595,0.0139613
N12570|13676|2.708832,N12577|3266|1.65453,0.0108441
N8622|5565|0.483006,N8623|12267|0.077572,0.0023047
N12570|13676|2.708832,N12604|13785|0.97067,0.014756
N12570|13676|2.708832,N12556|12239|0.061929,0.0116489
N12570|13676|2.708832,N12547|6940|0.836952,0.0124085
N8622|5565|0.483006,N8620|5340|1.858164,0.0139529
N12570|13676|2.708832,N12551|7510|0.251933,0.0116325
N12570|13676|2.708832,N12566|9121|0.08259,0.0131895
N7726|9736|0.783632,N7719|3155|0.90712,0.0108248
N12570|13676|2.708832,N12564|8090|2.029125,0.0147716
N12570|13676|2.708832,N12563|8865|1.422802,0.0147557
N12570|13676|2.708832,N12555|4208|2.598968,0.0139649
N12570|13676|2.708832,N12571|8941|1.241029,0.0139801
N12570|13676|2.708832,N12553|5590|1.684612,0.0147714
N8613|14565|1.836866,N8616|13094|2.043361,0.014733
N8613|14565|1.836866,N8623|12267|0.077572,0.0116069
N12570|13676|2.708832,N12550|8083|0.027918,0.0116325
N12570|13676|2.708832,N12588|14367|1.187912,0.0147714
N12570|13676|2.708832,N12554|10454|0.637343,0.0116197
N12570|13676|2.708832,N12569|10700|0.180908,0.0139775
N12570|13676|2.708832,N12574|12439|0.14536,0.012379
N11094|6636|2.689557,N11086|12257|0.367577,0.0132017
N11094|6636|2.689557,N11062|6482|0.412079,0.014758
N11094|6636|2.689557,N11067|10135|0.02901,0.0147508
N11094|6636|2.689557,N11088|15162|1.846457,0.013985
N11094|6636|2.689557,N11092|9904|3.486172,0.00772004
N11094|6636|2.689557,N11091|3872|1.408748,0.00850428
N9125|9038|4.287508,N9133|10512|0.63993,0.0139778
N11094|6636|2.689557,N11085|11943|0.601861,0.0116152
N11094|6636|2.689557,N11066|10755|0.62982,0.0147581
N12221|3152|0.62217,N12220|4713|0.170377,0.00153498
N11094|6636|2.689557,N11093|1870|0.968187,0.00928647
N11094|6636|2.689557,N11089|10657|4.238321,0.0123977
N11673|5800|0.170139,N11679|11343|0.672931,0.0108451
N11673|5800|0.170139,N11681|13181|1.679551,0.0100587
N11673|5800|0.170139,N11682|5969|0.745534,0.0123848
N11673|5800|0.170139,N11676|10604|3.072656,0.00852383
N11673|5800|0.170139,N11677|8271|1.234584,0.00851125
N9294|15120|0.75094,N9296|6067|0.4015,0.00307488
N10981|2731|0.266376,N10984|9782|0.397387,0.00770883
N11082|8181|1.338966,N11078|9311|0.593782,0.00773983
N10981|2731|0.266376,N10973|10114|1.49298,0.0108481
N11082|8181|1.338966,N11062|6482|0.412079,0.0147893
N11082|8181|1.338966,N11067|10135|0.02901,0.0148136
N10844|10976|2.862646,N10843|5292|6.029104,0.0108311
N10844|10976|2.862646,N10838|8147|1.139579,0.0147583
N11082|8181|1.338966,N11085|11943|0.601861,0.0147718
N10844|10976|2.862646,N10835|1635|1.232712,0.0139722
N10844|10976|2.862646,N10834|12219|2.173906,0.0131837
N11082|8181|1.338966,N11076|10479|4.100479,0.0077435
N11082|8181|1.338966,N11080|14040|0.942666,0.00462048
N8701|8740|2.271598,N8702|15050|2.692224,0.00926655
N11082|8181|1.338966,N11066|10755|0.62982,0.0132169
N11082|8181|1.338966,N11081|12283|1.753851,0.00616737
N8701|8740|2.271598,N8686|3829|3.228244,0.0147439
N8701|8740|2.271598,N8697|5329|0.327644,0.0124015
N8701|8740|2.271598,N8698|3792|1.008455,0.01319
N11082|8181|1.338966,N11084|12385|3.436733,0.0100517
N8702|15050|2.692224,N8686|3829|3.228244,0.0147331
N11082|8181|1.338966,N11079|7055|0.791885,0.00539843
N11082|8181|1.338966,N11083|13343|1.817434,0.00771994
N8702|15050|2.692224,N8697|5329|0.327644,0.0123978
N11082|8181|1.338966,N11077|9491|0.19632,0.00695645
N8702|15050|2.692224,N8698|3792|1.008455,0.0131868
N11907|6153|0.548176,N11909|7686|0.051918,0.00849613
N8813|2637|0.544467,N8809|7652|0.05461,0.00927442
N10756|14201|0.794564,N10744|15106|0.931125,0.00927546
N10756|14201|0.794564,N10745|5703|0.574657,0.00927546
N10756|14201|0.794564,N10757|13478|4.282374,0.0131842
N10756|14201|0.794564,N10755|9910|0.092655,0.00461207
N10756|14201|0.794564,N10747|6612|0.988886,0.0108384
N11907|6153|0.548176,N11910|9375|3.090878,0.0131829
N11539|11393|0.198572,N11531|8005|0.409323,0.0062178
N11539|11393|0.198572,N11537|9896|5.27525,0.0123918
N11907|6153|0.548176,N11906|4722|2.062717,0.013967
N11539|11393|0.198572,N11509|7537|0.30586,0.0124177
N11539|11393|0.198572,N11536|8711|0.193032,0.00461962
N11539|11393|0.198572,N11526|15011|1.043239,0.0124203
N11539|11393|0.198572,N11529|10443|1.930225,0.0139846
N11539|11393|0.198572,N11552|14034|0.499465,0.0139847
N8547|9642|2.033348,N8535|9122|0.13603,0.0116001
N8547|9642|2.033348,N8635|7231|0.13617,0.0147392
N8668|13134|0.216159,N8664|4714|0.622674,0.013967
N8547|9642|2.033348,N8528|6714|2.0197,0.0139691
N8668|13134|0.216159,N8660|3004|0.530455,0.0147583
N8668|13134|0.216159,N8665|4011|0.724426,0.0108329
N8547|9642|2.033348,N8537|12736|0.793561,0.0139655
N8547|9642|2.033348,N8539|10972|3.907177,0.013149
N8668|13134|0.216159,N8663|11239|1.72174,0.0147344
N8547|9642|2.033348,N8552|6239|1.256476,0.00850007
N8547|9642|2.033348,N8549|12863|1.403818,0.001535
N8668|13134|0.216159,N8667|5850|1.086772,0.0124012
N8547|9642|2.033348,N8639|7321|1.594604,0.0147475
N8742|13436|2.073331,N8736|3196|1.154293,0.0139395
N8742|13436|2.073331,N8740|8574|0.953211,0.00539017
N8668|13134|0.216159,N8666|13078|0.559671,0.0108384
N11644|8422|0.74399,N11655|12860|0.463801,0.0085116
N11644|8422|0.74399,N11653|13779|1.337948,0.00694544
N11644|8422|0.74399,N11654|7696|3.757235,0.0131957
N8668|13134|0.216159,N8670|11686|1.623364,0.0147496
N8668|13134|0.216159,N8674|9719|0.296966,0.0147733
N11644|8422|0.74399,N11649|15386|1.430713,0.00693384
N11644|8422|0.74399,N11645|4531|0.087086,0.00230453
N11644|8422|0.74399,N11660|13089|0.382191,0.00927755
N11644|8422|0.74399,N11646|7298|2.906628,0.00617541
N8668|13134|0.216159,N8672|2210|0.469018,0.0139722
N11644|8422|0.74399,N11648|14770|4.004292,0.00852381
N8668|13134|0.216159,N8673|13767|0.155844,0.0131864
N7336|2311|0.824328,N7335|11053|0.25511,0.00539001
N7336|2311|0.824328,N7339|11789|0.963465,0.0108402
N7336|2311|0.824328,N7352|7772|0.679227,0.0147578
N7507|11063|0.809837,N7512|7683|1.2369,0.0100568
N7507|11063|0.809837,N7497|9527|0.329804,0.0132018
N7336|2311|0.824328,N7333|14081|0.114831,0.00771347
N7336|2311|0.824328,N7344|13885|2.911292,0.0116481
N7336|2311|0.824328,N7343|6288|0.018884,0.0131753
N10783|8417|1.969961,N10806|8085|0.809489,0.0139654
N10783|8417|1.969961,N10794|4196|1.198788,0.0139544
N10783|8417|1.969961,N10795|7247|1.411132,0.0147573
N7336|2311|0.824328,N7334|2761|0.788392,0.00926455
N10783|8417|1.969961,N10802|5614|0.119248,0.0131809
N10783|8417|1.969961,N10782|9588|4.038503,0.013946
N10783|8417|1.969961,N10803|14417|0.009516,0.0131764
N10783|8417|1.969961,N10786|7868|1.275439,0.0108196
N7336|2311|0.824328,N7341|6592|1.010284,0.0131949
N10783|8417|1.969961,N10796|4868|0.355894,0.0131765
N7336|2311|0.824328,N7340|10804|0.142584,0.0108465
N7336|2311|0.824328,N7337|10852|0.521503,0.00230292
N7336|2311|0.824328,N7342|14618|1.066006,0.0100609
N11600|4625|0.576178,N11593|9226|1.599335,0.00694111
N12991|5822|0.477255,N13003|5409|0.615798,0.0123871
N12991|5822|0.477255,N12989|14824|0.718334,0.00230532
N12991|5822|0.477255,N12980|11454|2.467428,0.0123913
N12991|5822|0.477255,N12979|10967|5.097833,0.0131745
N12991|5822|0.477255,N13004|6360|0.690787,0.0139502
N12991|5822|0.477255,N12990|6157|5.811933,0.00772706
N12991|5822|0.477255,N13001|13178|0.76269,0.0139524
N12991|5822|0.477255,N13006|7909|1.475456,0.0123973
N11600|4625|0.576178,N11607|13674|2.220092,0.0116221
N11600|4625|0.576178,N11614|15324|0.132472,0.0116221
N12991|5822|0.477255,N13005|4444|1.174449,0.0116086
N12991|5822|0.477255,N12982|14252|0.33309,0.0147336
N12991|5822|0.477255,N13000|10768|0.660106,0.0147393
N7794|1492|0.202883,N7789|7892|0.064587,0.00617488
N12991|5822|0.477255,N12995|3030|0.832701,0.00384396
N12991|5822|0.477255,N12994|3856|13.449074,0.0131686
N12991|5822|0.477255,N12978|8669|5.795832,0.0123974
N7794|1492|0.202883,N7795|5061|2.843486,0.00694098
N12991|5822|0.477255,N12985|2038|1.072247,0.0123791
N7794|1492|0.202883,N7781|2797|2.301592,0.00848644
N12991|5822|0.477255,N12988|5294|0.324096,0.00462366
N7794|1492|0.202883,N7778|3705|0.300916,0.0100442
N12991|5822|0.477255,N12998|8221|0.848825,0.0100411
N12991|5822|0.477255,N12996|11426|0.862639,0.0100442
N12991|5822|0.477255,N12987|13617|0.236659,0.00926536
N11050|8626|2.343972,N11052|3771|2.234426,0.0116145
N12991|5822|0.477255,N12992|10856|1.925319,0.00616113
N11050|8626|2.343972,N11046|4421|1.078292,0.0108316
N11050|8626|2.343972,N11047|6258|0.08308,0.00927048
N11050|8626|2.343972,N11051|13838|0.533166,0.00849059
N11050|8626|2.343972,N11048|3370|1.599257,0.00771333
N12991|5822|0.477255,N12986|8658|4.09695,0.0100441
N12991|5822|0.477255,N12997|12399|1.005863,0.0116108
N8308|14544|1.566783,N8313|5650|1.256693,0.0147391
N12991|5822|0.477255,N12977|12673|1.17305,0.00848647
N8863|9869|0.238128,N8858|14691|0.918651,0.0061754
N8308|14544|1.566783,N8312|5455|0.779465,0.0131866
N8863|9869|0.238128,N8864|12287|1.765175,0.0147567
N8863|9869|0.238128,N8862|6062|0.990088,0.00615826
N8863|9869|0.238128,N8856|1379|0.777535,0.0061754
N8863|9869|0.238128,N8857|13223|6.916342,0.00927466
N8863|9869|0.238128,N8870|4132|3.188034,0.0147402
N9411|12961|0.776325,N9414|3729|3.038117,0.0116496
N9411|12961|0.776325,N9405|11433|2.621768,0.00926979
N9411|12961|0.776325,N9433|9770|1.952284,0.01398
N9411|12961|0.776325,N9426|2312|2.112556,0.0123977
N9411|12961|0.776325,N9367|13918|2.215421,0.0147562
N9411|12961|0.776325,N9417|14062|0.337818,0.00850098
N8863|9869|0.238128,N8871|11941|0.282747,0.0108242
N9411|12961|0.776325,N9425|10731|0.354384,0.0100564
N9411|12961|0.776325,N9358|15303|1.043357,0.0124237
N8863|9869|0.238128,N8860|10099|1.374133,0.00928441
N9411|12961|0.776325,N9399|10757|3.06532,0.00851072
N8863|9869|0.238128,N8859|4263|0.786852,0.00772863
N9411|12961|0.776325,N9404|11969|0.138192,0.00693375
N9411|12961|0.776325,N9410|13851|2.199643,0.00230452
N9411|12961|0.776325,N9363|2727|3.279489,0.0147722
N8863|9869|0.238128,N8861|1846|2.103312,0.0108449
N8863|9869|0.238128,N8868|14599|0.735291,0.0100587
N8628|8763|4.847856,N8635|7231|0.13617,0.0147202
N8628|8763|4.847856,N8627|6340|1.679732,0.00848648
N8628|8763|4.847856,N8639|7321|1.594604,0.0147247
N9997|9473|1.575147,N9998|13481|1.227033,0.0108579
N11631|14295|4.815174,N11629|7052|1.18082,0.0132179
N11528|1503|1.918436,N11509|7537|0.30586,0.012378
N11528|1503|1.918436,N11526|15011|1.043239,0.0123918
N11528|1503|1.918436,N11529|10443|1.930225,0.0123917
N11631|14295|4.815174,N11635|7975|0.702985,0.0147435
N11631|14295|4.815174,N11634|11288|0.334484,0.00694811
N11631|14295|4.815174,N11630|1763|1.271438,0.00695581
N7230|11382|2.702088,N7237|10876|1.311755,0.00848249
N10880|8273|2.042781,N10882|15185|3.178219,0.0147714
N7230|11382|2.702088,N7260|9737|2.070826,0.0131872
N7230|11382|2.702088,N7261|14293|0.135342,0.0116343
N7230|11382|2.702088,N7264|13692|1.377922,0.0139648
N7230|11382|2.702088,N7223|9510|1.199352,0.00539495
N7230|11382|2.702088,N7236|1396|0.084661,0.0077089
N9820|3484|0.38852,N9829|13984|2.773599,0.0124238
N7230|11382|2.702088,N7226|10346|3.042557,0.00616744
N9820|3484|0.38852,N9831|5311|1.423124,0.0124134
N7230|11382|2.702088,N7257|6534|4.963021,0.0139785
N9820|3484|0.38852,N9827|9083|2.365915,0.0124074
N7230|11382|2.702088,N7222|10778|0.966694,0.00384625
N7230|11382|2.702088,N7224|9525|1.63289,0.00230472
N7230|11382|2.702088,N7258|10758|0.581307,0.0147723
N9820|3484|0.38852,N9819|3524|3.039385,0.00694068
N7230|11382|2.702088,N7225|10784|0.941838,0.00461516
N7230|11382|2.702088,N7229|4355|2.131715,0.00384527
N9820|3484|0.38852,N9822|10407|0.064502,0.00230451
N7230|11382|2.702088,N7228|2074|1.066336,0.00307698
N7230|11382|2.702088,N7227|3532|0.645177,0.00384527
N7230|11382|2.702088,N7235|9395|5.523015,0.0100415
N7230|11382|2.702088,N7232|14323|1.293716,0.002306
N7557|4950|4.0615,N7556|6176|0.951097,0.00772732
N7557|4950|4.0615,N7555|11252|0.72638,0.00617524
N7230|11382|2.702088,N7233|6506|1.924172,0.00851093
N7557|4950|4.0615,N7558|4154|4.477561,0.0132379
N12489|10602|3.074326,N12491|14941|6.537729,0.014763
N12489|10602|3.074326,N12497|5875|0.074333,0.0124013
N7230|11382|2.702088,N7234|5555|2.762448,0.00616549
N7230|11382|2.702088,N7262|2821|1.430439,0.0147405
N11376|5789|2.167538,N11377|6057|0.712908,0.00307698
N12588|14367|1.187912,N12594|12877|0.083073,0.0139694
N12588|14367|1.187912,N12600|4349|1.436957,0.0123942
N11376|5789|2.167538,N11380|13281|0.01983,0.0100583
N12588|14367|1.187912,N12554|10454|0.637343,0.00771326
N12588|14367|1.187912,N12534|12395|1.442349,0.0139693
N12588|14367|1.187912,N12595|11041|1.186994,0.0147505
N12588|14367|1.187912,N12587|3469|3.820824,0.00928323
N12588|14367|1.187912,N12569|10700|0.180908,0.0116138
N12588|14367|1.187912,N12497|5875|0.074333,0.0123874
N11376|5789|2.167538,N11389|5327|0.431325,0.0108446
N12588|14367|1.187912,N12545|9734|2.533836,0.01241
N12588|14367|1.187912,N12574|12439|0.14536,0.0131592
N12588|14367|1.187912,N12517|2545|1.034848,0.013192
N12588|14367|1.187912,N12529|4469|3.56161,0.0147701
N11376|5789|2.167538,N11368|5646|1.05269,0.0100702
N12588|14367|1.187912,N12546|6374|0.291382,0.0108312
N12588|14367|1.187912,N12543|10805|3.530949,0.0139691
N12869|8519|0.682923,N12868|1429|4.200499,0.00694766
N11376|5789|2.167538,N11378|12634|1.329419,0.00539638
N12869|8519|0.682923,N12874|15200|0.833692,0.0139783
N11376|5789|2.167538,N11388|9433|0.079396,0.0132003
N11376|5789|2.167538,N11367|6891|0.732076,0.0100843
N12869|8519|0.682923,N12865|11591|1.806981,0.00928251
N12869|8519|0.682923,N12872|13249|0.725588,0.0131827
N11162|5225|2.921057,N11163|15059|0.671487,0.00540326
N11376|5789|2.167538,N11365|7096|0.63038,0.0108266
N11376|5789|2.167538,N11363|15066|0.637353,0.0100488
N11376|5789|2.167538,N11371|5903|1.512719,0.00852547
N11376|5789|2.167538,N11373|7146|0.687377,0.00851243
N11376|5789|2.167538,N11366|6591|5.541124,0.0116111
N11376|5789|2.167538,N11358|3722|2.637675,0.0139802
N11376|5789|2.167538,N11375|8477|0.703535,0.00928443
N11376|5789|2.167538,N11384|2281|1.186815,0.00927385
N11376|5789|2.167538,N11361|9367|0.658486,0.0108356
N11341|1534|0.522167,N11338|6284|0.838038,0.00616443
N11341|1534|0.522167,N11342|12058|0.836972,0.0108388
N11341|1534|0.522167,N11335|6922|0.684495,0.00771349
N11619|7154|2.062606,N11620|14204|1.80573,0.00616771
N11619|7154|2.062606,N11622|13425|7.288353,0.0124022
N11341|1534|0.522167,N11340|11729|1.463688,0.00928462
N11341|1534|0.522167,N11413|8686|1.389957,0.0147433
N11341|1534|0.522167,N11412|1935|0.128139,0.0147433
N11341|1534|0.522167,N11347|2446|1.827773,0.0124253
N11341|1534|0.522167,N11345|10231|0.07044,0.00850036
N11341|1534|0.522167,N11357|7423|1.888211,0.0116337
N11341|1534|0.522167,N11344|5304|0.017475,0.00850036
N11341|1534|0.522167,N11353|6988|0.241705,0.0116115
N11415|14904|3.928057,N11416|9551|0.424175,0.00307299
N11415|14904|3.928057,N11417|2611|2.032126,0.00849167
N11341|1534|0.522167,N11354|2427|0.080642,0.0132015
N8363|7636|0.882553,N8370|11809|3.007444,0.0100761
N8363|7636|0.882553,N8381|9511|0.167241,0.0139942
N11341|1534|0.522167,N11337|14009|3.192114,0.00616744
N11341|1534|0.522167,N11356|6647|1.107781,0.0108359
N8363|7636|0.882553,N8360|11856|2.550031,0.0108465
N8363|7636|0.882553,N8353|13525|4.961347,0.0131842
N8363|7636|0.882553,N8373|6621|4.001402,0.0139645
N11341|1534|0.522167,N11350|2365|1.175804,0.0139524
N11341|1534|0.522167,N11336|1750|1.140954,0.00693384
N8363|7636|0.882553,N8374|10238|9.3E-5,0.0131749
N11341|1534|0.522167,N11333|15173|0.298044,0.0100445
N11341|1534|0.522167,N11334|12468|1.530882,0.00693332
N8363|7636|0.882553,N8362|1898|0.341441,0.00307484
N11391|12341|0.045623,N11402|2327|2.482778,0.0123979
N11341|1534|0.522167,N11355|14316|5.248091,0.0147574
N11391|12341|0.045623,N11397|12633|1.136891,0.00694548
N11391|12341|0.045623,N11398|1232|1.681972,0.00539662
N11391|12341|0.045623,N11399|10356|2.340022,0.01162
N8150|9464|1.046081,N8141|2638|0.6468,0.00771847
N8150|9464|1.046081,N8140|4636|1.062877,0.00771339
N8150|9464|1.046081,N8126|11528|0.612712,0.0139655
N8150|9464|1.046081,N8157|9949|0.963445,0.00850189
N7732|14272|0.92345,N7734|15117|2.158527,0.00773937
N8150|9464|1.046081,N8134|8674|2.04371,0.0123946
N8150|9464|1.046081,N8152|8326|0.287102,0.00153499
N8150|9464|1.046081,N8160|1869|0.101705,0.0092671
N8150|9464|1.046081,N8135|9281|0.296473,0.0116082
N8150|9464|1.046081,N8164|13913|2.676586,0.0100585
N8150|9464|1.046081,N8143|6918|0.428745,0.0147638
N7732|14272|0.92345,N7731|3368|0.153734,0.00230531
N8150|9464|1.046081,N8144|9528|3.592328,0.0147588
N7732|14272|0.92345,N7728|3934|0.026172,0.00539007
N8150|9464|1.046081,N8166|3733|1.199072,0.0116203
N12704|5082|0.077263,N12713|9021|0.783928,0.0123913
N12704|5082|0.077263,N12706|2094|2.755776,0.00849143
N12704|5082|0.077263,N12698|2168|0.184657,0.00539624
N12704|5082|0.077263,N12703|7544|2.064741,0.00928566
N8150|9464|1.046081,N8153|3537|8.959516,0.012398
N12704|5082|0.077263,N12696|6059|0.392814,0.00539059
N8150|9464|1.046081,N8146|6310|1.682245,0.0116071
N8150|9464|1.046081,N8167|9413|2.896965,0.0108356
N8150|9464|1.046081,N8147|6853|1.322031,0.0108446
N8150|9464|1.046081,N8137|12331|1.746135,0.0115968
N8150|9464|1.046081,N8136|9622|3.642271,0.0115969
N8150|9464|1.046081,N8168|6876|0.395138,0.0100585
N12704|5082|0.077263,N12707|9393|5.140154,0.0116316
N8150|9464|1.046081,N8161|5815|2.657205,0.0116296
N8150|9464|1.046081,N8133|7958|2.065495,0.0147509
N8150|9464|1.046081,N8148|6205|0.019809,0.0123905
N8150|9464|1.046081,N8149|3784|0.221216,0.0116072
N8778|15073|3.971629,N8779|10442|0.344821,0.00770879
N8150|9464|1.046081,N8139|6836|1.288953,0.0116201
N8150|9464|1.046081,N8170|12462|1.287377,0.00849049
N8150|9464|1.046081,N8142|5696|3.433193,0.0147722
N8150|9464|1.046081,N8155|8047|3.74703,0.00616739
N8150|9464|1.046081,N8154|11693|1.349062,0.00230453
N8150|9464|1.046081,N8159|14322|1.114167,0.00773994
N8150|9464|1.046081,N8169|2006|2.061169,0.0147636
N8778|15073|3.971629,N8783|12045|0.175354,0.0077115
N8150|9464|1.046081,N8156|9303|2.047012,0.0085019
N8150|9464|1.046081,N8163|5056|0.324114,0.00850108
N11298|1906|1.368261,N11276|2917|0.721746,0.014731
N11298|1906|1.368261,N11285|11733|3.987936,0.0139694
N11298|1906|1.368261,N11297|9919|1.01418,0.00230451
N11298|1906|1.368261,N11295|8972|0.955216,0.00230451
N11298|1906|1.368261,N11294|5556|0.119875,0.00153463
N11298|1906|1.368261,N11289|6772|3.546387,0.0123915
N11298|1906|1.368261,N11287|1604|0.798294,0.00849667
N11789|8688|1.087506,N11787|2861|0.090931,0.00772007
N11789|8688|1.087506,N11784|11902|1.191376,0.00772374
N11789|8688|1.087506,N11777|9609|0.992037,0.0147744
N7886|11490|0.911306,N7881|5503|0.713161,0.0132006
N7886|11490|0.911306,N7877|6834|2.985305,0.0116109
N10134|10164|0.493397,N10142|7934|0.750452,0.0147407
N10134|10164|0.493397,N10138|2567|0.548902,0.011627
N10134|10164|0.493397,N10164|13306|0.449205,0.0116329
N10134|10164|0.493397,N10165|9426|0.030185,0.0139778
N10134|10164|0.493397,N10159|5347|1.089161,0.013175
N10134|10164|0.493397,N10169|2065|3.860674,0.0116342
N10134|10164|0.493397,N10151|6496|1.236271,0.0139673
N10134|10164|0.493397,N10148|14970|1.835456,0.0139805
N10134|10164|0.493397,N10141|15388|1.388087,0.0139546
N7883|10277|53.757441,N7884|12179|53.423264,0.00153464
N10134|10164|0.493397,N10150|8448|0.63063,0.0116328
N10134|10164|0.493397,N10140|13774|1.624122,0.00926984
N10134|10164|0.493397,N10145|8073|2.673846,0.0131897
N10134|10164|0.493397,N10153|2144|0.895476,0.00926651
N10134|10164|0.493397,N10146|10997|1.204118,0.0131841
N10134|10164|0.493397,N10147|10051|1.378086,0.0124014
N10134|10164|0.493397,N10149|11080|0.160309,0.0108444
N10134|10164|0.493397,N10154|13738|0.207181,0.00927436
N10134|10164|0.493397,N10152|9351|0.056029,0.0116255
N10134|10164|0.493397,N10158|14329|0.227607,0.0116153
N10134|10164|0.493397,N10160|4433|0.171967,0.011622
N10134|10164|0.493397,N10136|6253|0.845949,0.0108196
N10134|10164|0.493397,N10139|5635|0.470954,0.00926984
N10134|10164|0.493397,N10135|3888|1.954201,0.0115959
N10597|6614|0.226506,N10580|12481|0.361,0.0147628
N9033|6190|1.42565,N9051|3727|0.752761,0.0147571
N9033|6190|1.42565,N9018|7028|1.271107,0.0147251
N11640|7293|0.333089,N11659|11475|0.22597,0.00927029
N12811|2284|4.21488,N12812|2089|1.926513,0.0108237
N11640|7293|0.333089,N11652|13577|0.062974,0.0084867
N11640|7293|0.333089,N11650|9708|2.204662,0.00693387
N11640|7293|0.333089,N11641|1649|2.549367,0.00307173
N11640|7293|0.333089,N11639|9445|1.410352,0.00385154
N11640|7293|0.333089,N11656|5269|2.399176,0.0123983
N7597|8505|0.083789,N7599|5087|0.891603,0.00616441
N11640|7293|0.333089,N11647|1581|0.844933,0.00772761
N11640|7293|0.333089,N11651|13624|1.651375,0.00928475
N10035|15261|3.085156,N10034|10907|3.50552,0.0139725
N11640|7293|0.333089,N11657|12112|1.802905,0.0069324
N11640|7293|0.333089,N11643|10735|0.125534,0.00461979
N11640|7293|0.333089,N11642|3844|2.519686,0.0124304
N10035|15261|3.085156,N10024|11221|2.732505,0.0124133
N11640|7293|0.333089,N11644|8422|0.74399,0.00461979
N11640|7293|0.333089,N11655|12860|0.463801,0.00849653
N9649|12671|0.640512,N9645|7861|2.229129,0.0124178
N11640|7293|0.333089,N11653|13779|1.337948,0.00694552
N11640|7293|0.333089,N11654|7696|3.757235,0.0131835
N11640|7293|0.333089,N11649|15386|1.430713,0.00848244
N11640|7293|0.333089,N11645|4531|0.087086,0.00384396
N11640|7293|0.333089,N11660|13089|0.382191,0.00927029
N9649|12671|0.640512,N9648|3195|1.423632,0.00462045
N11640|7293|0.333089,N11646|7298|2.906628,0.00616187
N11640|7293|0.333089,N11648|14770|4.004292,0.0100706
N8555|5154|2.485657,N8546|14032|0.813648,0.0108313
N8555|5154|2.485657,N8550|14047|2.511542,0.0123836
N11998|12089|0.292479,N11996|2488|0.139353,0.00461367
N8555|5154|2.485657,N8548|11085|0.235396,0.010824
N8555|5154|2.485657,N8551|9628|1.262071,0.0108463
N8555|5154|2.485657,N8554|13926|2.101798,0.0116152
N8555|5154|2.485657,N8553|3271|1.270083,0.0124243
N8555|5154|2.485657,N8557|3708|1.262066,0.0100573
N8758|8777|0.09301,N8764|12685|0.934665,0.00461771
N8555|5154|2.485657,N8547|9642|2.033348,0.0100487
N8758|8777|0.09301,N8760|12347|3.160725,0.00849658
N8758|8777|0.09301,N8761|11781|3.509813,0.00927555
N12319|7679|1.193238,N12308|5775|1.252486,0.0147717
N12319|7679|1.193238,N12315|15139|2.647388,0.00926417
N12319|7679|1.193238,N12322|6249|0.030627,0.0147433
N8555|5154|2.485657,N8552|6239|1.256476,0.0124135
N8555|5154|2.485657,N8549|12863|1.403818,0.0116024
N10488|3633|1.645087,N10496|6203|0.037199,0.0139961
N12319|7679|1.193238,N12309|10166|0.928832,0.0131867
N10488|3633|1.645087,N10485|7680|2.958462,0.00230471
N9857|12874|2.319649,N9855|6001|0.173178,0.00230859
N9857|12874|2.319649,N9879|4595|5.543983,0.0147345
N9857|12874|2.319649,N9874|11501|0.244614,0.00771147
N9857|12874|2.319649,N9866|6159|2.918018,0.014756
N9857|12874|2.319649,N9858|7228|0.829383,0.00538673
N10488|3633|1.645087,N10489|14557|1.2079,0.00461974
N9857|12874|2.319649,N9860|3015|1.032278,0.00771324
N9857|12874|2.319649,N9854|5220|2.64087,0.00384782
N10488|3633|1.645087,N10493|3189|0.684653,0.0124413
N10488|3633|1.645087,N10491|10314|2.891016,0.0108734
N10488|3633|1.645087,N10482|5922|0.535341,0.00772853
N10488|3633|1.645087,N10486|7408|2.057458,0.00695968
N9414|3729|3.038117,N9405|11433|2.621768,0.0139807
N9414|3729|3.038117,N9433|9770|1.952284,0.0147703
N9414|3729|3.038117,N9426|2312|2.112556,0.0131747
N9414|3729|3.038117,N9417|14062|0.337818,0.00771987
N10488|3633|1.645087,N10483|12438|7.061558,0.0116912
N9414|3729|3.038117,N9425|10731|0.354384,0.00927536
N10488|3633|1.645087,N10487|12981|0.426877,0.00385868
N9414|3729|3.038117,N9399|10757|3.06532,0.0140119
N9414|3729|3.038117,N9404|11969|0.138192,0.0116207
N9414|3729|3.038117,N9410|13851|2.199643,0.0140125
N11209|11513|2.376764,N11208|2122|2.080393,0.00694095
N11209|11513|2.376764,N11199|2139|0.525467,0.0123914
N11325|2662|2.30922,N11319|4106|0.644911,0.00540461
N11325|2662|2.30922,N11316|14475|4.499552,0.0139564
N12109|6386|1.485353,N12112|3911|1.050978,0.0116209
N12109|6386|1.485353,N12110|11218|0.923665,0.0108438
N11325|2662|2.30922,N11327|15238|4.156123,0.0100571
N11325|2662|2.30922,N11318|8566|0.618355,0.00617502
N11325|2662|2.30922,N11322|6274|4.574686,0.00926676
N11241|3858|0.478726,N11256|8782|2.978578,0.0131899
N10545|2003|0.042819,N10551|13498|1.227284,0.0131841
N11325|2662|2.30922,N11321|7131|2.094019,0.0139945
N10545|2003|0.042819,N10555|15365|0.330492,0.0147795
N11325|2662|2.30922,N11326|7505|0.083515,0.00307626
N10545|2003|0.042819,N10560|4175|0.28726,0.0116317
N7628|9347|1.230276,N7614|7825|2.481189,0.0132089
N10545|2003|0.042819,N10535|12368|0.523269,0.0140131
N10545|2003|0.042819,N10558|12714|0.308784,0.0108467
N7628|9347|1.230276,N7610|9057|0.688321,0.0100655
N12308|5775|1.252486,N12315|15139|2.647388,0.0147944
N7628|9347|1.230276,N7627|13129|0.025741,0.00539642
N7628|9347|1.230276,N7631|14896|2.134,0.00307699
N12308|5775|1.252486,N12309|10166|0.928832,0.00773811
N7628|9347|1.230276,N7605|9220|0.78423,0.0124137
N7628|9347|1.230276,N7592|6283|0.028823,0.0116217
N9405|11433|2.621768,N9417|14062|0.337818,0.0108384
N7628|9347|1.230276,N7613|2721|3.006235,0.0123915
N7628|9347|1.230276,N7612|1953|2.630362,0.0116256
N7628|9347|1.230276,N7591|13923|0.380598,0.0124073
N9405|11433|2.621768,N9425|10731|0.354384,0.0124105
N9405|11433|2.621768,N9399|10757|3.06532,0.0116218
N9405|11433|2.621768,N9404|11969|0.138192,0.00849301
N7628|9347|1.230276,N7604|7734|1.196841,0.013209
N9405|11433|2.621768,N9410|13851|2.199643,0.0116152
N10421|1621|0.185784,N10432|5320|1.445576,0.00771922
N7628|9347|1.230276,N7629|1903|10.786053,0.0124103
N7628|9347|1.230276,N7603|12566|1.558334,0.0124277
N7628|9347|1.230276,N7623|1912|0.329254,0.0147739
N10421|1621|0.185784,N10422|3726|1.772569,0.00929645
N7628|9347|1.230276,N7618|8594|1.069863,0.0124074
N10421|1621|0.185784,N10434|6544|1.236147,0.0132037
N10421|1621|0.185784,N10414|11960|1.623667,0.011611
N7628|9347|1.230276,N7616|10188|1.521941,0.0124074
N7628|9347|1.230276,N7620|13891|0.667006,0.0147782
N11498|4681|0.223728,N11492|10849|0.135973,0.0147429
N11498|4681|0.223728,N11497|11219|0.521564,0.000767365
N7358|8381|0.416148,N7365|6936|1.085228,0.0116378
N11498|4681|0.223728,N11496|11525|1.862433,0.00850164
N7358|8381|0.416148,N7363|2573|0.103245,0.00933054
N11498|4681|0.223728,N11495|2272|1.610782,0.00771848
N8823|4658|8.87833,N8830|13127|0.348201,0.0123849
N8823|4658|8.87833,N8821|12006|0.782773,0.0139656
N10034|10907|3.50552,N10033|10634|4.451449,0.0147561
N10034|10907|3.50552,N10024|11221|2.732505,0.0108578
N10028|13334|2.119941,N10027|12505|0.211807,0.00461377
N10028|13334|2.119941,N10026|6382|0.390611,0.0123849
N7440|4221|1.427708,N7451|13616|0.92384,0.0100442
N7440|4221|1.427708,N7439|8645|0.933322,0.00230451
N7440|4221|1.427708,N7453|14226|3.199795,0.0108321
N7440|4221|1.427708,N7437|6623|2.839089,0.0116216
N7440|4221|1.427708,N7441|15268|1.890086,0.013192
N7440|4221|1.427708,N7445|3439|0.825649,0.00849618
N8535|9122|0.13603,N8537|12736|0.793561,0.00384651
N8535|9122|0.13603,N8539|10972|3.907177,0.00927427
N10028|13334|2.119941,N10032|5670|1.922361,0.0139502
N8535|9122|0.13603,N8549|12863|1.403818,0.0131552
N10028|13334|2.119941,N10031|9388|0.138167,0.012385
N10028|13334|2.119941,N10024|11221|2.732505,0.0131676
N8482|6029|0.305383,N8483|13013|1.452695,0.00616177
N8482|6029|0.305383,N8487|11714|0.291764,0.010824
N8482|6029|0.305383,N8464|6997|0.845618,0.01162
N7250|11586|3.106647,N7241|9295|0.149992,0.00694547
N7250|11586|3.106647,N7245|13271|0.815363,0.0100611
N7250|11586|3.106647,N7239|8793|0.289335,0.0139935
N7819|13882|1.436249,N7814|5279|0.380088,0.00693611
N7250|11586|3.106647,N7247|8006|0.155368,0.00772868
N7819|13882|1.436249,N7832|9416|0.759916,0.00926085
N7819|13882|1.436249,N7813|11090|0.345574,0.011607
N7819|13882|1.436249,N7823|5888|2.112182,0.0139725
N7819|13882|1.436249,N7825|10194|4.905259,0.0116219
N11816|5165|3.807683,N11820|2273|0.700337,0.0100621
N7250|11586|3.106647,N7248|6507|2.903563,0.0100587
N7250|11586|3.106647,N7246|1982|0.640787,0.0116223
N11816|5165|3.807683,N11826|10781|1.093903,0.0131937
N11816|5165|3.807683,N11824|12275|0.381059,0.0139606
N9665|9969|2.776234,N9663|7866|2.070923,0.00928276
N11768|14000|6.376356,N11763|14722|1.672793,0.0139863
N9947|2373|1.334517,N9946|7852|3.859452,0.0116255
N9947|2373|1.334517,N9945|15087|12.524462,0.0139806
N9947|2373|1.334517,N9957|8145|4.00704,0.0139798
N9928|9990|6.570171,N9930|8349|1.049999,0.0147478
N9928|9990|6.570171,N9936|7386|0.127947,0.0147581
N9928|9990|6.570171,N9934|14693|0.790861,0.0147634
N9928|9990|6.570171,N9937|9435|0.389164,0.0147581
N9096|14043|0.595258,N9100|9623|2.801365,0.00694526
N11845|7795|0.316845,N11822|13844|1.50106,0.0131689
N11845|7795|0.316845,N11833|10670|4.114445,0.0116215
N9096|14043|0.595258,N9103|13597|1.006136,0.00771312
N11845|7795|0.316845,N11829|6136|3.535808,0.0139732
N11845|7795|0.316845,N11820|2273|0.700337,0.0131622
N11845|7795|0.316845,N11810|3510|0.371168,0.011634
N9096|14043|0.595258,N9095|15014|0.566255,0.00616108
N11845|7795|0.316845,N11826|10781|1.093903,0.0108377
N11845|7795|0.316845,N11835|1559|2.226693,0.00849306
N11845|7795|0.316845,N11805|9530|2.079066,0.0108471
N11845|7795|0.316845,N11824|12275|0.381059,0.0116079
N11845|7795|0.316845,N11799|11006|0.930139,0.0100854
N11845|7795|0.316845,N11840|5885|0.521166,0.0123839
N11845|7795|0.316845,N11812|8304|1.873095,0.0100518
N11845|7795|0.316845,N11801|13264|1.168057,0.0108338
N11845|7795|0.316845,N11844|10359|0.208095,0.00538826
N9096|14043|0.595258,N9105|3123|0.415101,0.0069338
N9096|14043|0.595258,N9097|14457|2.272619,0.00462049
N10062|10532|0.956953,N10105|6840|2.06747,0.0139612
N10062|10532|0.956953,N10061|3384|0.179959,0.00461621
N10062|10532|0.956953,N10076|15281|0.628564,0.0147709
N10062|10532|0.956953,N10057|13681|0.686815,0.0147736
N9096|14043|0.595258,N9106|8766|0.804263,0.0147635
N9096|14043|0.595258,N9099|13761|0.672927,0.00461758
N9096|14043|0.595258,N9102|7580|0.64718,0.00849641
N8148|6205|0.019809,N8149|3784|0.221216,0.00231098
N8148|6205|0.019809,N8139|6836|1.288953,0.0147458
N8293|1656|0.456544,N8284|9545|0.942407,0.0132349
N8148|6205|0.019809,N8170|12462|1.287377,0.0116083
N8293|1656|0.456544,N8282|11307|0.484542,0.00851228
N8148|6205|0.019809,N8154|11693|1.349062,0.0116072
N8148|6205|0.019809,N8159|14322|1.114167,0.0108384
N8148|6205|0.019809,N8156|9303|2.047012,0.0116141
N8148|6205|0.019809,N8163|5056|0.324114,0.0116154
N8293|1656|0.456544,N8279|2342|1.632515,0.0139669
N8293|1656|0.456544,N8283|9462|2.4115,0.0108577
N8293|1656|0.456544,N8276|7340|0.140385,0.0100582
N12975|8764|3.432604,N12976|2539|6.970463,0.0131981
N8293|1656|0.456544,N8271|14464|0.211769,0.0124241
N8293|1656|0.456544,N8288|9960|1.501892,0.0101033
N8293|1656|0.456544,N8278|12996|0.77561,0.0116197
N8293|1656|0.456544,N8294|7565|3.15105,0.0030825
N8293|1656|0.456544,N8287|3791|6.88409,0.014012
N8293|1656|0.456544,N8295|11083|0.439892,0.00307622
N8293|1656|0.456544,N8274|11759|1.247002,0.0124592
N12975|8764|3.432604,N12977|12673|1.17305,0.0139801
N8007|9686|0.849915,N8039|4402|0.429196,0.0131609
N8293|1656|0.456544,N8286|9640|2.704707,0.0147906
N8007|9686|0.849915,N8014|11541|1.407573,0.013201
N8007|9686|0.849915,N8008|8037|2.076879,0.00461755
N8007|9686|0.849915,N8020|4770|0.329201,0.0116152
N8007|9686|0.849915,N8011|6303|3.222924,0.0116069
N8007|9686|0.849915,N8012|12050|0.024109,0.0116217
N8293|1656|0.456544,N8292|6296|4.341422,0.010072
N8721|12798|0.181439,N8722|11104|11.626674,0.0100641
N8293|1656|0.456544,N8272|10761|0.822104,0.0100607
N8293|1656|0.456544,N8281|15228|0.040968,0.0124236
N8293|1656|0.456544,N8280|5972|1.604295,0.0116107
N8293|1656|0.456544,N8289|1508|1.847277,0.00850091
N8293|1656|0.456544,N8266|9494|2.242049,0.0116377
N8293|1656|0.456544,N8285|13409|1.135024,0.014064
N8661|10851|1.961822,N8662|14607|7.138743,0.00771833
N8661|10851|1.961822,N8672|2210|0.469018,0.0131746
N8661|10851|1.961822,N8673|13767|0.155844,0.0123971
N8939|12608|0.033444,N8940|11720|11.917713,0.00929882
N8939|12608|0.033444,N8941|14203|1.307343,0.00153691
N8939|12608|0.033444,N8938|12763|3.197821,0.00850172
N9696|14498|5.512639,N9697|11434|5.80288,0.0124031
N8939|12608|0.033444,N8954|6672|0.444382,0.0116069
N10477|13531|0.072022,N10469|5588|0.391991,0.00928428
N8939|12608|0.033444,N8947|9745|0.337258,0.00694631
N10477|13531|0.072022,N10473|6076|3.435552,0.0116217
N8939|12608|0.033444,N8953|8503|3.426344,0.0131711
N8939|12608|0.033444,N8963|5098|2.636494,0.0100495
N8939|12608|0.033444,N8946|6380|0.862479,0.00693319
N8939|12608|0.033444,N8962|11889|1.067723,0.0116153
N8939|12608|0.033444,N8960|4831|0.445665,0.0124015
N10477|13531|0.072022,N10478|10044|0.490332,0.00616432
N8939|12608|0.033444,N8945|12427|2.726987,0.0123974
N11214|1991|2.311136,N11216|9423|0.027099,0.00384791
N8939|12608|0.033444,N8956|15297|1.548554,0.0116111
N8939|12608|0.033444,N8948|7351|0.152822,0.00694064
N8939|12608|0.033444,N8942|9028|0.173101,0.0046162
N8939|12608|0.033444,N8943|13221|3.526765,0.0116218
N8939|12608|0.033444,N8957|5722|3.760041,0.01239
N8940|11720|11.917713,N8941|14203|1.307343,0.0108782
N12573|13981|2.727783,N12574|12439|0.14536,0.00926669
N7530|5931|0.470247,N7556|6176|0.951097,0.0147508
N7530|5931|0.470247,N7555|11252|0.72638,0.0131784
N7530|5931|0.470247,N7514|9617|2.501809,0.0147508
N10389|10520|0.887805,N10392|9998|1.873579,0.00693382
N10389|10520|0.887805,N10400|14302|0.087592,0.0147215
N9503|4006|0.215152,N9542|13337|0.791992,0.0131582
N9503|4006|0.215152,N9491|12440|0.015674,0.00693374
N8940|11720|11.917713,N8942|9028|0.173101,0.0139946
N9503|4006|0.215152,N9511|4037|0.11695,0.00616724
N9503|4006|0.215152,N9484|8231|2.243047,0.0139477
N9503|4006|0.215152,N9508|3512|0.122202,0.00539061
N9503|4006|0.215152,N9486|1956|0.766508,0.0147688
N10666|3437|0.643851,N10669|13242|8.581576,0.0116169
N10666|3437|0.643851,N10668|14779|7.561636,0.0100523
N10666|3437|0.643851,N10660|13143|0.645593,0.0116138
N9503|4006|0.215152,N9507|10649|0.049628,0.00153499
N9009|14787|1.215625,N9019|1759|3.21172,0.0131754
N9009|14787|1.215625,N9012|7036|0.144812,0.0077287
N10666|3437|0.643851,N10663|10005|4.601064,0.00538979
N9009|14787|1.215625,N9011|4049|3.99935,0.0139675
N9009|14787|1.215625,N9005|9621|0.184888,0.0100587
N9009|14787|1.215625,N9018|7028|1.271107,0.0123978
N9009|14787|1.215625,N9020|4424|0.845904,0.0132031
N10666|3437|0.643851,N10664|11331|0.274135,0.00230525
N11276|2917|0.721746,N11275|11561|4.666159,0.00850117
N11276|2917|0.721746,N11274|11186|2.075797,0.00461759
N11276|2917|0.721746,N11294|5556|0.119875,0.0147215
N11276|2917|0.721746,N11287|1604|0.798294,0.0139411
N11275|11561|4.666159,N11274|11186|2.075797,0.0108314
N10666|3437|0.643851,N10662|13726|3.91893,0.0147504
N10666|3437|0.643851,N10657|13538|1.741755,0.0123976
N7909|4014|2.262508,N7910|2934|1.169772,0.0100607
N7909|4014|2.262508,N7911|14956|3.761609,0.0147507
N7909|4014|2.262508,N7914|14725|2.388759,0.01319
N7909|4014|2.262508,N7912|10772|0.239024,0.00849154
N10669|13242|8.581576,N10668|14779|7.561636,0.00153497
N7909|4014|2.262508,N7919|12802|6.068616,0.0124088
N7909|4014|2.262508,N7889|13786|0.421545,0.014758
N10649|4143|0.33077,N10645|12781|2.186726,0.0123874
N10649|4143|0.33077,N10651|6107|1.702862,0.00772736
N10649|4143|0.33077,N10639|11664|3.280885,0.0116002
N10669|13242|8.581576,N10664|11331|0.274135,0.0139773
N13026|9197|0.544685,N13053|4954|0.008268,0.0139611
N13026|9197|0.544685,N13071|4238|1.966479,0.0139463
N13026|9197|0.544685,N13011|2084|1.65746,0.0139542
N13026|9197|0.544685,N13014|4486|3.492421,0.0108236
N13026|9197|0.544685,N13023|9255|2.431417,0.0061599
N9555|11655|0.457878,N9541|9315|2.046275,0.013202
N9555|11655|0.457878,N9557|3452|1.915897,0.001535
N9555|11655|0.457878,N9542|13337|0.791992,0.00927528
N9555|11655|0.457878,N9491|12440|0.015674,0.0116137
N9555|11655|0.457878,N9511|4037|0.11695,0.0139524
N9555|11655|0.457878,N9539|6002|0.511961,0.0131895
N9555|11655|0.457878,N9484|8231|2.243047,0.0131647
N9555|11655|0.457878,N9508|3512|0.122202,0.0139394
N9555|11655|0.457878,N9486|1956|0.766508,0.0123913
N9555|11655|0.457878,N9507|10649|0.049628,0.0139465
N9555|11655|0.457878,N9554|2448|2.434905,0.00771321
N9555|11655|0.457878,N9549|15218|1.855956,0.0131779
N10668|14779|7.561636,N10663|10005|4.601064,0.0139603
N11170|2779|0.821011,N11174|7612|0.80396,0.0100847
N11170|2779|0.821011,N11180|1876|0.387964,0.0132243
N11170|2779|0.821011,N11173|12964|0.86605,0.0116348
N8924|15036|0.563775,N8916|14678|2.358341,0.0132292
N10668|14779|7.561636,N10664|11331|0.274135,0.0124048
N11135|14513|3.962721,N11137|13604|0.261169,0.00384234
N11135|14513|3.962721,N11132|7813|3.265957,0.00926657
N11135|14513|3.962721,N11134|12224|0.192977,0.00384234
N7568|1526|0.096161,N7578|13870|0.956822,0.0116025
N7568|1526|0.096161,N7556|6176|0.951097,0.0123981
N7568|1526|0.096161,N7577|3297|0.36233,0.0108197
N7568|1526|0.096161,N7555|11252|0.72638,0.0108315
N8370|11809|3.007444,N8362|1898|0.341441,0.0116586
N8846|12367|2.895876,N8842|8920|6.710586,0.0147434
N8846|12367|2.895876,N8834|4471|2.616645,0.0139646
N12315|15139|2.647388,N12322|6249|0.030627,0.0147769
N11856|10156|0.731721,N11854|11165|10.228493,0.0139679
N11856|10156|0.731721,N11794|15274|0.512393,0.014748
N11856|10156|0.731721,N11853|9765|0.63808,0.0030763
N12315|15139|2.647388,N12309|10166|0.928832,0.0132083
N11856|10156|0.731721,N11855|1402|1.32821,0.00540191
N11856|10156|0.731721,N11851|14739|0.573553,0.00850457
N11197|8504|2.111817,N11208|2122|2.080393,0.013943
N8716|10341|0.044973,N8723|13961|0.427336,0.0147627
N11197|8504|2.111817,N11199|2139|0.525467,0.0116204
N8716|10341|0.044973,N8708|3088|1.89812,0.0116401
N11197|8504|2.111817,N11198|10658|2.190374,0.00771107
N8716|10341|0.044973,N8717|4992|0.866765,0.00307389
N8603|14859|1.315696,N8607|10838|3.726662,0.0147586
N8603|14859|1.315696,N8606|11109|4.121354,0.00538825
N8716|10341|0.044973,N8704|9619|1.62264,0.011641
N8716|10341|0.044973,N8720|9937|1.95449,0.0139589
N8603|14859|1.315696,N8585|6747|4.03225,0.0123875
N8716|10341|0.044973,N8705|9482|2.595467,0.0108491
N8716|10341|0.044973,N8714|6465|3.4464,0.0139526
N8603|14859|1.315696,N8581|6371|0.050036,0.00617519
N8716|10341|0.044973,N8718|4679|0.041973,0.0124073
N8603|14859|1.315696,N8573|5847|3.806004,0.011604
N8716|10341|0.044973,N8711|2976|0.067598,0.0100741
N8603|14859|1.315696,N8574|1551|0.966694,0.00771092
N8603|14859|1.315696,N8600|9314|0.056536,0.00307341
N8604|13307|42.944958,N8605|12815|62.32789,0.0147571
N8716|10341|0.044973,N8715|1711|0.13758,0.00771984
N8716|10341|0.044973,N8712|8641|0.234128,0.010828
N8716|10341|0.044973,N8713|12991|2.122045,0.0147437
N8716|10341|0.044973,N8728|8836|1.084428,0.0139844
N8716|10341|0.044973,N8706|10211|1.95804,0.0139731
N8716|10341|0.044973,N8724|1934|0.376952,0.0140308
N7218|5990|0.165218,N7201|9260|0.113269,0.0131559
N9596|11204|1.565518,N9595|11314|1.260827,0.00461619
N9596|11204|1.565518,N9590|11555|0.798512,0.0147565
N7218|5990|0.165218,N7209|3424|0.568831,0.0131872
N9596|11204|1.565518,N9560|8544|0.447709,0.0147274
N7218|5990|0.165218,N7213|9538|0.153531,0.0132027
N10335|7022|4.080779,N10331|14268|0.255619,0.0124085
N10335|7022|4.080779,N10329|13495|2.243571,0.0131684
N8001|9816|1.993523,N8002|12307|0.801992,0.00850005
N11220|7936|2.648455,N11229|8991|2.057522,0.0147499
N8001|9816|1.993523,N8004|14482|0.071663,0.00928438
N8001|9816|1.993523,N8003|11990|0.675441,0.00850005
N11220|7936|2.648455,N11225|13378|0.022558,0.00772713
N11220|7936|2.648455,N11228|10250|0.474904,0.0116139
N7789|7892|0.064587,N7780|11268|5.5285,0.0147563
N7789|7892|0.064587,N7779|11337|5.795378,0.0139541
N7789|7892|0.064587,N7795|5061|2.843486,0.00694096
N7789|7892|0.064587,N7781|2797|2.301592,0.00538486
N7789|7892|0.064587,N7778|3705|0.300916,0.00693375
N8001|9816|1.993523,N8000|10070|0.285692,0.0131839
N7389|14151|0.048332,N7392|13382|0.271012,0.00461962
N7389|14151|0.048332,N7388|7319|0.192424,0.00539655
N11312|5572|2.450101,N11326|7505|0.083515,0.0147263
N11593|9226|1.599335,N11594|13251|3.400311,0.013962
N7389|14151|0.048332,N7386|8862|0.082069,0.0131877
N11593|9226|1.599335,N11607|13674|2.220092,0.0123919
N11593|9226|1.599335,N11614|15324|0.132472,0.0123919
N8087|13268|0.069492,N8075|9102|0.980192,0.0116257
N8087|13268|0.069492,N8089|12579|1.42331,0.00384747
N7389|14151|0.048332,N7384|8193|0.322294,0.0147627
N8087|13268|0.069492,N8084|15213|0.362241,0.00848235
N8087|13268|0.069492,N8077|7225|1.930592,0.0100565
N7389|14151|0.048332,N7385|13875|0.016875,0.0131877
N8087|13268|0.069492,N8082|8867|2.053827,0.0131747
N8087|13268|0.069492,N8072|3618|3.874166,0.0139608
N8087|13268|0.069492,N8115|7316|3.675933,0.0139651
N8087|13268|0.069492,N8092|9654|0.063226,0.00616431
N8259|6237|1.846607,N8251|4438|0.010981,0.0108384
N8259|6237|1.846607,N8256|10769|0.712805,0.0147712
N8259|6237|1.846607,N8257|14187|1.407286,0.0147712
N7389|14151|0.048332,N7390|11676|1.495667,0.00462373
N8259|6237|1.846607,N8255|8516|4.621123,0.0139724
N8259|6237|1.846607,N8250|9805|2.44573,0.0123993
N8259|6237|1.846607,N8258|12545|0.209232,0.00850182
N7389|14151|0.048332,N7387|6738|2.555496,0.00616961
N7389|14151|0.048332,N7391|13342|0.340533,0.00616933
N12250|7818|1.862516,N12244|14164|0.633352,0.00849599
N12250|7818|1.862516,N12256|5110|1.787743,0.0123988
N10265|6014|2.716046,N10266|3455|0.404184,0.00539622
N9713|11770|0.47842,N9727|2654|0.637465,0.0100497
N9713|11770|0.47842,N9723|4534|3.162746,0.0147568
N9713|11770|0.47842,N9733|11666|0.117101,0.0124056
N9713|11770|0.47842,N9740|10865|0.999278,0.0139785
N10377|9618|0.259502,N10372|3539|0.245136,0.0038501
N10377|9618|0.259502,N10375|10531|5.747938,0.00927544
N12820|10510|1.053005,N12836|2163|0.698963,0.0131831
N12820|10510|1.053005,N12818|8757|0.486387,0.0100577
N12820|10510|1.053005,N12816|3814|0.423491,0.00307618
N10377|9618|0.259502,N10369|1996|1.854409,0.00771976
N12820|10510|1.053005,N12823|9813|0.830819,0.00463675
N12491|14941|6.537729,N12492|6139|1.973109,0.0131809
N12820|10510|1.053005,N12828|12550|1.212722,0.00462038
N12820|10510|1.053005,N12815|11358|1.139968,0.0061747
N12820|10510|1.053005,N12841|14215|0.661025,0.00539342
N12820|10510|1.053005,N12821|14257|0.767312,0.00153687
N12491|14941|6.537729,N12554|10454|0.637343,0.0147439
N12820|10510|1.053005,N12832|10581|0.014099,0.0084926
N12491|14941|6.537729,N12500|10430|1.273377,0.0131952
N12820|10510|1.053005,N12817|13932|1.254999,0.0108443
N12491|14941|6.537729,N12505|6802|1.904995,0.0147295
N12491|14941|6.537729,N12497|5875|0.074333,0.010063
N12820|10510|1.053005,N12835|5032|0.52659,0.0131838
N12491|14941|6.537729,N12483|3059|1.085798,0.0147687
N12820|10510|1.053005,N12831|6709|1.504096,0.00539643
N12820|10510|1.053005,N12827|7021|0.494991,0.00462107
N12820|10510|1.053005,N12839|3259|2.23288,0.0116217
N12820|10510|1.053005,N12822|1932|2.476291,0.00773793
N11402|2327|2.482778,N11397|12633|1.136891,0.0147504
N12820|10510|1.053005,N12829|15189|0.468004,0.00617472
N12820|10510|1.053005,N12826|10353|2.203998,0.0077197
N11402|2327|2.482778,N11398|1232|1.681972,0.0131751
N12820|10510|1.053005,N12819|6009|0.132923,0.0108443
N12820|10510|1.053005,N12824|13110|5.024155,0.0124582
N12820|10510|1.053005,N12837|3001|4.039749,0.0131921
N12820|10510|1.053005,N12840|8247|1.106403,0.0069409
N12820|10510|1.053005,N12834|6657|0.028154,0.00539341
N10590|3597|2.18778,N10577|2852|0.124301,0.0131864
N10590|3597|2.18778,N10586|5873|0.989638,0.013967
N10590|3597|2.18778,N10591|10257|2.420075,0.0100606
N12820|10510|1.053005,N12842|5983|3.233808,0.00849663
N10590|3597|2.18778,N10594|11499|0.093242,0.0139466
N12820|10510|1.053005,N12668|15202|0.179902,0.0147307
N12820|10510|1.053005,N12838|7539|1.101225,0.0108467
N12820|10510|1.053005,N12735|13411|1.300204,0.0147343
N12820|10510|1.053005,N12812|2089|1.926513,0.00928371
N10590|3597|2.18778,N10583|5548|4.724395,0.0147715
N7784|10059|2.329542,N7788|5823|4.006263,0.01007
N7784|10059|2.329542,N7783|3468|0.059187,0.00927726
N10272|2815|0.999696,N10271|12976|0.245497,0.00307481
N10272|2815|0.999696,N10269|11143|0.494647,0.0108322
N11655|12860|0.463801,N11653|13779|1.337948,0.00307628
N11655|12860|0.463801,N11654|7696|3.757235,0.00928468
N11655|12860|0.463801,N11649|15386|1.430713,0.0123918
N7784|10059|2.329542,N7782|5036|1.32555,0.0132028
N11655|12860|0.463801,N11645|4531|0.087086,0.00772382
N11655|12860|0.463801,N11660|13089|0.382191,0.0131925
N7784|10059|2.329542,N7785|2154|0.041507,0.00539652
N11655|12860|0.463801,N11646|7298|2.906628,0.0100611
N11655|12860|0.463801,N11648|14770|4.004292,0.0140148
N8328|2780|1.233022,N8329|1975|1.572139,0.00384776
N7784|10059|2.329542,N7792|9946|0.224628,0.0124237
N7784|10059|2.329542,N7777|12890|0.95141,0.00927726
N7784|10059|2.329542,N7794|1492|0.202883,0.0108353
N7784|10059|2.329542,N7789|7892|0.064587,0.00928397
N7784|10059|2.329542,N7795|5061|2.843486,0.0131781
N7784|10059|2.329542,N7781|2797|2.301592,0.00927526
N7784|10059|2.329542,N7778|3705|0.300916,0.0100606
N9813|3730|2.560596,N9814|2184|0.347172,0.0116221
N8656|8586|0.924593,N8665|4011|0.724426,0.0139523
N9813|3730|2.560596,N9810|11054|3.991748,0.00928917
N7320|6208|0.295982,N7324|9002|2.5191,0.0123977
N8656|8586|0.924593,N8667|5850|1.086772,0.0139639
N7320|6208|0.295982,N7322|7489|0.841989,0.0131513
N11763|14722|1.672793,N11764|13257|8.938769,0.00772881
N8656|8586|0.924593,N8666|13078|0.559671,0.0123912
N11763|14722|1.672793,N11771|6757|0.735472,0.00693618
N8656|8586|0.924593,N8674|9719|0.296966,0.0147558
N8656|8586|0.924593,N8672|2210|0.469018,0.0139556
N8656|8586|0.924593,N8673|13767|0.155844,0.0131733
N11764|13257|8.938769,N11771|6757|0.735472,0.014764
N11138|6513|2.243467,N11131|8196|1.230684,0.011633
N12224|5930|5.8577,N12223|5011|3.053448,0.00928597
N11138|6513|2.243467,N11133|6995|1.108306,0.00771841
N11138|6513|2.243467,N11135|14513|3.962721,0.0108238
N9919|12804|3.190232,N9921|4858|2.028594,0.0139531
N11138|6513|2.243467,N11137|13604|0.261169,0.00693922
N11138|6513|2.243467,N11132|7813|3.265957,0.0108446
N11138|6513|2.243467,N11134|12224|0.192977,0.00693922
N11867|7533|0.320478,N11864|12078|0.107577,0.0124609
N8825|14233|0.337683,N8806|11980|0.102757,0.0116258
N8825|14233|0.337683,N8824|3040|0.209154,0.00384529
N11867|7533|0.320478,N11869|10918|2.620545,0.00539663
N11867|7533|0.320478,N11866|9059|0.195271,0.0132366
N8825|14233|0.337683,N8826|10845|0.935953,0.00230454
N8825|14233|0.337683,N8829|7668|1.400188,0.00307628
N8825|14233|0.337683,N8811|9539|0.100221,0.0124076
N9914|6120|1.693656,N9907|6221|0.798311,0.0147578
N9914|6120|1.693656,N9921|4858|2.028594,0.0147743
N8825|14233|0.337683,N8828|2039|1.535477,0.00230454
N8825|14233|0.337683,N8818|15382|2.100998,0.00928481
N12594|12877|0.083073,N12600|4349|1.436957,0.0100574
N12594|12877|0.083073,N12554|10454|0.637343,0.0131838
N12594|12877|0.083073,N12595|11041|1.186994,0.00461968
N8825|14233|0.337683,N8808|7597|2.501861,0.0139728
N8825|14233|0.337683,N8823|4658|8.87833,0.0108249
N8825|14233|0.337683,N8822|2710|4.614096,0.00927007
N8825|14233|0.337683,N8809|7652|0.05461,0.0124077
N9541|9315|2.046275,N9557|3452|1.915897,0.014756
N9541|9315|2.046275,N9542|13337|0.791992,0.00462042
N9541|9315|2.046275,N9491|12440|0.015674,0.0131713
N8825|14233|0.337683,N8830|13127|0.348201,0.00461979
N9541|9315|2.046275,N9539|6002|0.511961,0.0139557
N9541|9315|2.046275,N9484|8231|2.243047,0.0139356
N9541|9315|2.046275,N9486|1956|0.766508,0.013161
N8825|14233|0.337683,N8821|12006|0.782773,0.00616969
N9541|9315|2.046275,N9549|15218|1.855956,0.0131745
N9934|14693|0.790861,N9937|9435|0.389164,0.00153499
N12042|12850|2.539662,N12041|14055|1.671787,0.0100655
N12042|12850|2.539662,N12044|12645|2.397157,0.00928267
N12042|12850|2.539662,N12043|2441|0.607167,0.00773845
N10432|5320|1.445576,N10422|3726|1.772569,0.0139782
N10432|5320|1.445576,N10434|6544|1.236147,0.0147892
N10432|5320|1.445576,N10414|11960|1.623667,0.0131858
N9230|5653|0.302782,N9219|11851|0.409166,0.0100497
N8202|6934|5.162685,N8198|8976|2.567885,0.0116045
N9230|5653|0.302782,N9217|11202|0.826529,0.00771979
N9230|5653|0.302782,N9218|5627|1.577137,0.00927534
N12868|1429|4.200499,N12865|11591|1.806981,0.0116485
N8202|6934|5.162685,N8188|1643|3.838888,0.0139608
N7910|2934|1.169772,N7911|14956|3.761609,0.0061655
N7910|2934|1.169772,N7912|10772|0.239024,0.0100484
N8202|6934|5.162685,N8189|11388|1.488916,0.013161
N7911|14956|3.761609,N7912|10772|0.239024,0.0147318
N8202|6934|5.162685,N8200|14143|0.460304,0.00848649
N8202|6934|5.162685,N8197|3640|2.261794,0.0139526
N12499|6146|0.539863,N12549|2456|1.816008,0.0147474
N12499|6146|0.539863,N12485|3996|0.147552,0.00851213
N12499|6146|0.539863,N12490|9625|0.023124,0.00772789
N12499|6146|0.539863,N12556|12239|0.061929,0.0116213
N12499|6146|0.539863,N12547|6940|0.836952,0.010833
N12499|6146|0.539863,N12540|12220|1.135966,0.0147728
N12499|6146|0.539863,N12466|6767|1.259225,0.0131763
N12499|6146|0.539863,N12533|7974|0.244196,0.0123992
N12499|6146|0.539863,N12591|8487|2.116312,0.0147475
N12010|8885|0.16324,N11990|9994|0.566499,0.0147311
N12499|6146|0.539863,N12551|7510|0.251933,0.011615
N12499|6146|0.539863,N12584|7383|0.524904,0.0139543
N12499|6146|0.539863,N12566|9121|0.08259,0.0147623
N12499|6146|0.539863,N12498|9476|0.063085,0.00384394
N12499|6146|0.539863,N12488|12101|1.121635,0.00850175
N12010|8885|0.16324,N11979|10096|0.769496,0.0124012
N12010|8885|0.16324,N11971|12636|0.690138,0.0116077
N12499|6146|0.539863,N12459|10633|0.178368,0.0123777
N12499|6146|0.539863,N12495|13566|3.461848,0.0116232
N12010|8885|0.16324,N11996|2488|0.139353,0.0147287
N12499|6146|0.539863,N12564|8090|2.029125,0.0139558
N12499|6146|0.539863,N12507|9063|0.371893,0.0116417
N12499|6146|0.539863,N12486|7707|0.199262,0.013161
N12499|6146|0.539863,N12563|8865|1.422802,0.0147396
N12499|6146|0.539863,N12535|11736|0.394495,0.013178
N12499|6146|0.539863,N12508|14807|0.41106,0.00849299
N12010|8885|0.16324,N12008|3071|0.647892,0.00616516
N12499|6146|0.539863,N12555|4208|2.598968,0.0139429
N12499|6146|0.539863,N12524|7348|0.12227,0.0131684
N12499|6146|0.539863,N12531|6368|0.808906,0.0147629
N12499|6146|0.539863,N12465|9663|3.510964,0.0139784
N12499|6146|0.539863,N12462|6718|0.293305,0.0147312
N12499|6146|0.539863,N12473|13030|2.051846,0.0147574
N12499|6146|0.539863,N12553|5590|1.684612,0.0147452
N8646|6837|1.216101,N8648|9583|0.937579,0.0023029
N12499|6146|0.539863,N12482|15143|0.193936,0.00928607
N12499|6146|0.539863,N12506|14424|6.30597,0.014772
N12499|6146|0.539863,N12527|9237|0.448218,0.0139499
N12499|6146|0.539863,N12518|9895|2.414444,0.0147624
N8646|6837|1.216101,N8637|14919|0.32506,0.0147495
N12499|6146|0.539863,N12504|8693|0.601243,0.00463259
N12499|6146|0.539863,N12519|10480|2.16617,0.0131831
N12499|6146|0.539863,N12550|8083|0.027918,0.011615
N12499|6146|0.539863,N12489|10602|3.074326,0.01477
N12499|6146|0.539863,N12588|14367|1.187912,0.0131747
N12499|6146|0.539863,N12491|14941|6.537729,0.0124175
N12499|6146|0.539863,N12492|6139|1.973109,0.0069409
N12499|6146|0.539863,N12554|10454|0.637343,0.0108263
N12499|6146|0.539863,N12500|10430|1.273377,0.00539406
N12499|6146|0.539863,N12534|12395|1.442349,0.0131763
N12499|6146|0.539863,N12505|6802|1.904995,0.00693372
N12499|6146|0.539863,N12497|5875|0.074333,0.00384394
N12499|6146|0.539863,N12483|3059|1.085798,0.0116141
N12499|6146|0.539863,N12517|2545|1.034848,0.0139692
N12499|6146|0.539863,N12529|4469|3.56161,0.0139692
N12499|6146|0.539863,N12528|11921|2.139033,0.0139713
N12499|6146|0.539863,N12461|3483|0.725069,0.0147248
N12499|6146|0.539863,N12487|6538|4.703612,0.0131839
N9869|4050|0.410513,N9878|2758|0.640394,0.00848575
N12492|6139|1.973109,N12554|10454|0.637343,0.0116088
N12492|6139|1.973109,N12500|10430|1.273377,0.00771325
N9869|4050|0.410513,N9865|11954|1.629578,0.0147315
N12492|6139|1.973109,N12534|12395|1.442349,0.0139524
N12492|6139|1.973109,N12505|6802|1.904995,0.00927505
N12492|6139|1.973109,N12497|5875|0.074333,0.0046151
N12492|6139|1.973109,N12483|3059|1.085798,0.0123847
N9869|4050|0.410513,N9871|15174|0.56615,0.00848495
N9869|4050|0.410513,N9884|4212|2.035011,0.0139355
N12492|6139|1.973109,N12517|2545|1.034848,0.0147501
N9869|4050|0.410513,N9876|12176|3.563165,0.0123902
N12492|6139|1.973109,N12529|4469|3.56161,0.0147502
N12492|6139|1.973109,N12528|11921|2.139033,0.0147473
N12492|6139|1.973109,N12487|6538|4.703612,0.0139669
N9869|4050|0.410513,N9881|13561|0.404367,0.0115958
N9869|4050|0.410513,N9877|5997|0.206392,0.0100404
N9869|4050|0.410513,N9864|13029|0.48077,0.0147453
N9869|4050|0.410513,N9882|5025|2.017777,0.0115958
N9869|4050|0.410513,N9861|14909|0.467325,0.0147428
N9869|4050|0.410513,N9867|2262|0.771963,0.0100581
N9869|4050|0.410513,N9875|10138|0.143738,0.00693322
N9869|4050|0.410513,N9870|10159|0.43556,0.00153498
N9869|4050|0.410513,N9857|12874|2.319649,0.0123863
N9645|7861|2.229129,N9648|3195|1.423632,0.0124178
N9869|4050|0.410513,N9855|6001|0.173178,0.0116001
N9869|4050|0.410513,N9874|11501|0.244614,0.00615821
N7501|7058|6.640804,N7505|10053|4.144108,0.0131965
N9869|4050|0.410513,N9866|6159|2.918018,0.014756
N9869|4050|0.410513,N9858|7228|0.829383,0.0100482
N9869|4050|0.410513,N9860|3015|1.032278,0.0123962
N9869|4050|0.410513,N9854|5220|2.64087,0.0147256
N11948|5518|1.504695,N11950|7338|0.413271,0.00693376
N8383|13994|3.54899,N8381|9511|0.167241,0.00772365
N8383|13994|3.54899,N8373|6621|4.001402,0.0108399
N8383|13994|3.54899,N8374|10238|9.3E-5,0.0100566
N11948|5518|1.504695,N11941|11975|0.338174,0.0139394
N11948|5518|1.504695,N11939|6687|1.48908,0.0147311
N10324|6913|0.741067,N10314|1679|0.052918,0.0116212
N11948|5518|1.504695,N11945|6754|0.994805,0.01005
N11948|5518|1.504695,N11938|2212|0.234243,0.0139524
N10324|6913|0.741067,N10299|10444|2.378877,0.0147257
N10324|6913|0.741067,N10315|6133|1.421078,0.01398
N11948|5518|1.504695,N11944|13179|1.299423,0.0108196
N8205|11108|3.60963,N8204|8732|5.697496,0.0092697
N8205|11108|3.60963,N8200|14143|0.460304,0.0124012
N11948|5518|1.504695,N11943|13571|0.293141,0.0115965
N8205|11108|3.60963,N8206|5109|0.82291,0.00773798
N8205|11108|3.60963,N8203|11050|0.018259,0.00694777
N11948|5518|1.504695,N11947|8372|0.072972,0.00384233
N11948|5518|1.504695,N11942|13263|1.774592,0.0147312
N11043|12889|1.207492,N11041|10839|3.014523,0.0147456
N11043|12889|1.207492,N11031|10429|0.063655,0.0108334
N11043|12889|1.207492,N11034|10822|0.322623,0.0147258
N10997|4579|1.451075,N10991|12814|1.060578,0.00771809
N10997|4579|1.451075,N10994|13218|0.131809,0.00538489
N10997|4579|1.451075,N10992|3170|2.058001,0.010826
N12048|9176|1.285723,N12047|4052|0.982478,0.00694786
N10997|4579|1.451075,N10996|3055|0.708293,0.00307964
N10997|4579|1.451075,N10995|8010|0.516194,0.00616535
N9004|9716|6.417632,N9005|9621|0.184888,0.0116111
N10997|4579|1.451075,N10989|5003|1.95155,0.0100444
N10997|4579|1.451075,N10990|2197|1.135652,0.0069382
N10908|10652|1.045014,N10909|10151|1.042798,0.0100576
N12434|10551|0.149218,N12427|14037|0.680305,0.0116378
N12434|10551|0.149218,N12449|11793|2.385696,0.01241
N12434|10551|0.149218,N12436|9786|1.23237,0.0139855
N12434|10551|0.149218,N12445|2867|0.371076,0.0124101
N12434|10551|0.149218,N12440|5924|1.208063,0.0140328
N8251|4438|0.010981,N8256|10769|0.712805,0.0116214
N8251|4438|0.010981,N8257|14187|1.407286,0.0116214
N12434|10551|0.149218,N12442|7102|0.817071,0.0132195
N12434|10551|0.149218,N12429|5196|0.40985,0.00852545
N12434|10551|0.149218,N12448|3129|0.946995,0.0124427
N8251|4438|0.010981,N8255|8516|4.621123,0.00927852
N12434|10551|0.149218,N12456|8471|1.772935,0.0124101
N8251|4438|0.010981,N8250|9805|2.44573,0.00153501
N8251|4438|0.010981,N8258|12545|0.209232,0.0100528
N12434|10551|0.149218,N12457|9305|1.04784,0.01477
N12434|10551|0.149218,N12438|11948|0.666889,0.0124073
N12434|10551|0.149218,N12451|7630|2.06956,0.0147736
N12434|10551|0.149218,N12433|4451|2.477759,0.00852349
N12434|10551|0.149218,N12453|9718|1.313521,0.0116481
N10158|14329|0.227607,N10156|1591|14.598464,0.0131626
N10158|14329|0.227607,N10157|13573|11.464793,0.0115968
N10158|14329|0.227607,N10160|4433|0.171967,0.00461969
N12434|10551|0.149218,N12455|8365|0.335368,0.0116329
N10158|14329|0.227607,N10136|6253|0.845949,0.0100412
N12434|10551|0.149218,N12435|2899|0.967227,0.0132195
N10158|14329|0.227607,N10139|5635|0.470954,0.00849276
N12434|10551|0.149218,N12443|9845|0.533965,0.0108594
N12434|10551|0.149218,N12431|9022|3.267187,0.0123978
N12434|10551|0.149218,N12444|4137|0.107218,0.0100608
N12434|10551|0.149218,N12454|9739|0.606509,0.0108446
N10158|14329|0.227607,N10135|3888|1.954201,0.0108168
N12434|10551|0.149218,N12428|3118|1.22185,0.0108398
N12434|10551|0.149218,N12432|11765|4.38801,0.00933526
N12434|10551|0.149218,N12447|13631|1.752321,0.00928432
N12434|10551|0.149218,N12441|15258|0.530176,0.013217
N12434|10551|0.149218,N12430|11924|0.617032,0.0092964
N12434|10551|0.149218,N12424|10163|0.680695,0.0139673
N10156|1591|14.598464,N10157|13573|11.464793,0.00153499
N11475|5183|0.438485,N11451|1672|2.254781,0.0139617
N11475|5183|0.438485,N11473|7548|8.988055,0.0100703
N11475|5183|0.438485,N11437|7295|1.086414,0.0140129
N11475|5183|0.438485,N11492|10849|0.135973,0.0139674
N11475|5183|0.438485,N11470|4234|3.238599,0.0131844
N11475|5183|0.438485,N11421|5366|0.550411,0.0131785
N11475|5183|0.438485,N11441|13197|0.277409,0.010061
N11475|5183|0.438485,N11474|6745|0.399884,0.00384622
N11475|5183|0.438485,N11450|8696|1.833598,0.0131957
N11475|5183|0.438485,N11464|4774|2.356946,0.0139967
N11475|5183|0.438485,N11442|1536|3.34164,0.0131863
N11475|5183|0.438485,N11418|2052|0.356991,0.0123981
N11475|5183|0.438485,N11457|3440|2.050117,0.0116259
N11475|5183|0.438485,N11493|6449|0.513576,0.0147506
N11475|5183|0.438485,N11461|2877|0.897368,0.0139811
N11475|5183|0.438485,N11462|14660|0.116968,0.0147743
N11475|5183|0.438485,N11420|5326|2.154032,0.0123981
N11475|5183|0.438485,N11436|8642|2.737344,0.0124092
N11475|5183|0.438485,N11476|7720|0.188723,0.00230453
N11475|5183|0.438485,N11466|6960|0.69333,0.00772856
N11864|12078|0.107577,N11888|2289|1.048972,0.0147728
N11475|5183|0.438485,N11439|4031|5.949013,0.0116347
N11864|12078|0.107577,N11869|10918|2.620545,0.0148105
N11475|5183|0.438485,N11432|8564|1.106573,0.0147434
N11864|12078|0.107577,N11866|9059|0.195271,0.000767612
N11864|12078|0.107577,N11890|9921|2.525315,0.0147592
N11864|12078|0.107577,N11865|9837|0.950679,0.00307703
N11475|5183|0.438485,N11472|6578|0.483504,0.0085115
N11475|5183|0.438485,N11447|15071|0.379129,0.0116501
N11475|5183|0.438485,N11469|11377|1.277083,0.0108468
N10331|14268|0.255619,N10314|1679|0.052918,0.0108441
N11475|5183|0.438485,N11471|13768|0.711381,0.00928456
N11475|5183|0.438485,N11452|2698|0.399768,0.0124104
N11475|5183|0.438485,N11416|9551|0.424175,0.0131871
N10331|14268|0.255619,N10329|13495|2.243571,0.00848662
N10331|14268|0.255619,N10330|13133|2.484875,0.0100486
N11475|5183|0.438485,N11417|2611|2.032126,0.0123917
N10331|14268|0.255619,N10327|6676|3.397759,0.0116334
N10331|14268|0.255619,N10328|7748|7.056543,0.0139611
N10331|14268|0.255619,N10299|10444|2.378877,0.0139432
N8284|9545|0.942407,N8282|11307|0.484542,0.0123974
N10331|14268|0.255619,N10315|6133|1.421078,0.0132003
N8284|9545|0.942407,N8283|9462|2.4115,0.0147628
N8284|9545|0.942407,N8288|9960|1.501892,0.0124098
N8284|9545|0.942407,N8294|7565|3.15105,0.0132349
N8284|9545|0.942407,N8295|11083|0.439892,0.0132165
N10160|4433|0.171967,N10136|6253|0.845949,0.0100444
N10160|4433|0.171967,N10139|5635|0.470954,0.00849637
N8284|9545|0.942407,N8286|9640|2.704707,0.00930104
N10160|4433|0.171967,N10135|3888|1.954201,0.0108197
N11336|1750|1.140954,N11333|15173|0.298044,0.010817
N11336|1750|1.140954,N11334|12468|1.530882,0.00770394
N8075|9102|0.980192,N8076|10089|19.477244,0.0116176
N8075|9102|0.980192,N8089|12579|1.42331,0.0124103
N8075|9102|0.980192,N8084|15213|0.362241,0.013953
N8075|9102|0.980192,N8077|7225|1.930592,0.00462047
N8284|9545|0.942407,N8285|13409|1.135024,0.00848641
N8075|9102|0.980192,N8082|8867|2.053827,0.00927455
N8075|9102|0.980192,N8072|3618|3.874166,0.00849044
N9626|10459|0.299921,N9628|14783|2.282036,0.0069361
N8075|9102|0.980192,N8115|7316|3.675933,0.0147581
N8075|9102|0.980192,N8079|7241|5.15054,0.0147723
N8075|9102|0.980192,N8092|9654|0.063226,0.0116219
N9626|10459|0.299921,N9625|2885|4.130932,0.00616112
N8076|10089|19.477244,N8077|7225|1.930592,0.0147581
N9626|10459|0.299921,N9620|6713|0.765805,0.0147539
N9626|10459|0.299921,N9627|11871|0.067785,0.00230451
N9626|10459|0.299921,N9618|9331|0.067306,0.0131949
N9626|10459|0.299921,N9622|6187|0.653961,0.0147539
N9626|10459|0.299921,N9619|13035|1.280624,0.0139738
N7216|13402|0.665164,N7209|3424|0.568831,0.0100517
N9626|10459|0.299921,N9614|3685|0.075811,0.013169
N7216|13402|0.665164,N7213|9538|0.153531,0.0100584
N9626|10459|0.299921,N9632|13351|0.423463,0.0108262
N9626|10459|0.299921,N9630|14564|1.455377,0.0123801
N9626|10459|0.299921,N9633|7951|1.82309,0.0139937
N9433|9770|1.952284,N9417|14062|0.337818,0.0116347
N9433|9770|1.952284,N9425|10731|0.354384,0.0132168
N11146|7515|1.873005,N11147|13660|1.053636,0.01007
N11146|7515|1.873005,N11145|2536|2.107073,0.00772007
N11146|7515|1.873005,N11157|8486|3.92E-4,0.0139965
N9433|9770|1.952284,N9404|11969|0.138192,0.0139609
N11146|7515|1.873005,N11155|14075|1.585798,0.0148104
N11146|7515|1.873005,N11149|10964|0.916157,0.00851134
N11146|7515|1.873005,N11141|15381|2.233531,0.0124412
N11146|7515|1.873005,N11151|1794|2.061064,0.00772375
N9182|12799|2.199459,N9189|7492|1.163304,0.0100836
N11146|7515|1.873005,N11143|8334|1.175301,0.00694105
N11146|7515|1.873005,N11140|13489|0.899006,0.0100568
N11146|7515|1.873005,N11150|2180|2.985339,0.0131843
N7938|14556|0.459662,N7934|4849|4.14871,0.00850182
N7938|14556|0.459662,N7929|8368|0.436093,0.00617454
N11146|7515|1.873005,N11148|2051|2.162953,0.00850107
N11146|7515|1.873005,N11144|8436|2.672286,0.00849646
N8414|11713|2.728469,N8416|12747|3.721964,0.0116213
N8414|11713|2.728469,N8413|1613|2.180743,0.0077271
N9237|12042|1.627345,N9236|9290|4.055986,0.00851055
N9237|12042|1.627345,N9239|14615|0.547723,0.0100442
N11208|2122|2.080393,N11199|2139|0.525467,0.0100514
N8265|2171|0.945225,N8269|4029|0.03278,0.0147793
N8265|2171|0.945225,N8272|10761|0.822104,0.0139794
N8414|11713|2.728469,N8411|2016|0.523717,0.00851038
N13053|4954|0.008268,N13031|1964|2.547926,0.0123913
N13053|4954|0.008268,N13071|4238|1.966479,0.0139555
N11950|7338|0.413271,N11941|11975|0.338174,0.0147188
N13053|4954|0.008268,N13043|6617|8.289705,0.0147395
N13053|4954|0.008268,N13036|14781|2.59123,0.014773
N11950|7338|0.413271,N11945|6754|0.994805,0.0108257
N13053|4954|0.008268,N13046|7586|0.27506,0.00927417
N13053|4954|0.008268,N13023|9255|2.431417,0.0139691
N11950|7338|0.413271,N11938|2212|0.234243,0.0131623
N11950|7338|0.413271,N11944|13179|1.299423,0.0115958
N11950|7338|0.413271,N11943|13571|0.293141,0.0123738
N9236|9290|4.055986,N9239|14615|0.547723,0.0139641
N11950|7338|0.413271,N11947|8372|0.072972,0.00770872
N7900|1839|0.246651,N7891|10432|1.803548,0.00931078
N7900|1839|0.246651,N7902|5408|0.192999,0.0124276
N7900|1839|0.246651,N7895|7360|0.043405,0.0100701
N7900|1839|0.246651,N7899|2676|1.632623,0.00616915
N8919|14730|2.073608,N8916|14678|2.358341,0.0139808
N7900|1839|0.246651,N7892|5284|0.242648,0.0100702
N7900|1839|0.246651,N7903|7046|0.315072,0.013996
N7900|1839|0.246651,N7896|14707|2.438178,0.012441
N8919|14730|2.073608,N8922|7429|3.109727,0.013942
N7900|1839|0.246651,N7905|2277|0.003783,0.0131953
N7900|1839|0.246651,N7893|4502|1.144069,0.0131898
N9209|13816|0.419325,N9210|10732|1.319301,0.00616922
N9209|13816|0.419325,N9198|11049|0.361415,0.010848
N7900|1839|0.246651,N7894|14382|1.644205,0.0123978
N9209|13816|0.419325,N9202|10171|0.551825,0.0100574
N9209|13816|0.419325,N9201|6587|1.404855,0.0132071
N9123|7269|4.075191,N9145|12677|0.169826,0.0139939
N7900|1839|0.246651,N7889|13786|0.421545,0.0101004
N7900|1839|0.246651,N7901|1404|0.044159,0.0139961
N9123|7269|4.075191,N9133|10512|0.63993,0.0100392
N10744|15106|0.931125,N10745|5703|0.574657,0
N10744|15106|0.931125,N10757|13478|4.282374,0.0131924
N9454|5136|0.190484,N9446|6330|1.012356,0.0116335
N10744|15106|0.931125,N10755|9910|0.092655,0.0108266
N10744|15106|0.931125,N10747|6612|0.988886,0.00462625
N10745|5703|0.574657,N10757|13478|4.282374,0.0131924
N10745|5703|0.574657,N10755|9910|0.092655,0.0108266
N10745|5703|0.574657,N10747|6612|0.988886,0.00462625
N9454|5136|0.190484,N9451|10692|1.609798,0.0131902
N9454|5136|0.190484,N9457|6626|0.894829,0.0139606
N11787|2861|0.090931,N11784|11902|1.191376,0.003073
N9454|5136|0.190484,N9458|9584|0.105922,0.0131831
N9454|5136|0.190484,N9455|7826|2.9402,0.00539519
N9283|2900|1.711204,N9284|6830|2.68249,0.0108237
N11787|2861|0.090931,N11777|9609|0.992037,0.0100586
N9283|2900|1.711204,N9278|8324|0.126293,0.0147473
N9283|2900|1.711204,N9285|12311|0.666863,0.00849133
N10088|8467|3.918434,N10061|3384|0.179959,0.0131957
N10088|8467|3.918434,N10087|7836|0.189476,0.00849286
N10088|8467|3.918434,N10076|15281|0.628564,0.0108403
N10088|8467|3.918434,N10081|3877|1.475931,0.0116218
N9333|13054|1.645774,N9344|3471|0.361147,0.00461395
N9333|13054|1.645774,N9332|12098|1.613069,0.00693058
N9283|2900|1.711204,N9259|8520|0.048263,0.0131674
N9333|13054|1.645774,N9342|14450|0.850897,0.00384234
N9283|2900|1.711204,N9257|6339|0.058928,0.0139523
N9283|2900|1.711204,N9255|14771|0.350205,0.0139524
N9333|13054|1.645774,N9334|8076|0.202191,0.00230328
N9283|2900|1.711204,N9281|5602|0.079699,0.0147397
N11322|6274|4.574686,N11326|7505|0.083515,0.00615832
N11386|14685|4.001875,N11385|11164|3.283753,0.0101027
N11386|14685|4.001875,N11384|2281|1.186815,0.0124658
N11017|13555|1.241138,N11023|10968|0.392104,0.00927557
N11017|13555|1.241138,N11025|11247|2.022415,0.00926567
N11017|13555|1.241138,N11016|10621|3.764377,0.0116082
N8039|4402|0.429196,N8014|11541|1.407573,0.0131867
N8039|4402|0.429196,N8022|12003|0.569686,0.0100486
N8039|4402|0.429196,N8008|8037|2.076879,0.0131673
N8039|4402|0.429196,N8030|1826|4.32662,0.0108352
N8039|4402|0.429196,N8020|4770|0.329201,0.0116068
N11017|13555|1.241138,N11026|6723|1.273592,0.00771163
N8039|4402|0.429196,N8011|6303|3.222924,0.0116007
N11017|13555|1.241138,N11021|5953|0.679736,0.00771846
N11017|13555|1.241138,N11018|11103|0.202635,0.006939
N8039|4402|0.429196,N8012|12050|0.024109,0.0116109
N11017|13555|1.241138,N11027|6079|0.714309,0.00927569
N11017|13555|1.241138,N11015|2416|1.746828,0.00771325
N11017|13555|1.241138,N11010|4955|0.212537,0.00849283
N8928|5375|0.696256,N8927|12782|1.428396,0.00307479
N8928|5375|0.696256,N8926|11996|8.328546,0.0100525
N8928|5375|0.696256,N8925|5728|1.568581,0.00771326
N10806|8085|0.809489,N10794|4196|1.198788,0.0108397
N10806|8085|0.809489,N10795|7247|1.411132,0.0116305
N10806|8085|0.809489,N10802|5614|0.119248,0.0100572
N10806|8085|0.809489,N10803|14417|0.009516,0.0100653
N10806|8085|0.809489,N10786|7868|1.275439,0.0123902
N10806|8085|0.809489,N10796|4868|0.355894,0.0100654
N12793|11951|1.20622,N12757|10477|0.075416,0.0116138
N7927|5735|0.647394,N7929|8368|0.436093,0.0139458
N12793|11951|1.20622,N12750|8342|0.943226,0.0108312
N12793|11951|1.20622,N12800|3339|0.55552,0.01477
N12793|11951|1.20622,N12801|7832|1.540443,0.0147393
N12793|11951|1.20622,N12796|8593|0.43714,0.0131839
N12793|11951|1.20622,N12761|7081|2.292789,0.0147724
N12793|11951|1.20622,N12792|4718|1.104993,0.00307624
N12793|11951|1.20622,N12758|8468|1.311158,0.0147398
N12793|11951|1.20622,N12759|12675|0.102362,0.0116069
N7365|6936|1.085228,N7363|2573|0.103245,0.00538746
N12793|11951|1.20622,N12770|5861|0.616059,0.0147576
N12793|11951|1.20622,N12751|14883|0.545789,0.0124014
N12793|11951|1.20622,N12756|2309|1.276595,0.0123902
N12793|11951|1.20622,N12755|12020|0.149553,0.0116138
N12793|11951|1.20622,N12803|2064|0.265817,0.0123902
N12793|11951|1.20622,N12804|2693|0.587741,0.0147719
N12793|11951|1.20622,N12795|4574|2.553366,0.00693604
N12793|11951|1.20622,N12805|7599|5.251764,0.0132003
N12793|11951|1.20622,N12769|13527|0.825958,0.0139804
N12793|11951|1.20622,N12754|12915|1.230618,0.0139724
N12793|11951|1.20622,N12802|8143|0.716222,0.0139607
N12793|11951|1.20622,N12797|2791|0.77827,0.0116255
N13041|13386|2.491826,N13046|7586|0.27506,0.0108502
N8848|6765|0.883794,N8849|8098|6.400928,0.0108149
N12793|11951|1.20622,N12747|10085|0.02083,0.0116152
N12793|11951|1.20622,N12765|5223|0.290977,0.0147735
N12793|11951|1.20622,N12763|9214|0.250753,0.0131867
N8848|6765|0.883794,N8850|5069|1.693266,0.00539068
N12793|11951|1.20622,N12791|3432|1.382532,0.0139724
N12793|11951|1.20622,N12794|1915|0.264954,0.00615821
N12793|11951|1.20622,N12668|15202|0.179902,0.0147563
N12793|11951|1.20622,N12748|6117|1.604552,0.014743
N12793|11951|1.20622,N12735|13411|1.300204,0.0131782
N12793|11951|1.20622,N12762|13412|1.090735,0.0147427
N8849|8098|6.400928,N8850|5069|1.693266,0.0116043
N10622|14614|0.695684,N10618|9001|1.311133,0.0147396
N9143|9789|0.150846,N9150|13941|2.000419,0.0100583
N10622|14614|0.695684,N10624|12951|2.423991,0.00230451
N9143|9789|0.150846,N9145|12677|0.169826,0.00153499
N9143|9789|0.150846,N9133|10512|0.63993,0.0131687
N10622|14614|0.695684,N10627|12509|0.164316,0.0131918
N9143|9789|0.150846,N9147|11226|3.773725,0.00693831
N9143|9789|0.150846,N9144|4756|1.186141,0.00230291
N10622|14614|0.695684,N10619|11456|0.541607,0.0147776
N8292|6296|4.341422,N8272|10761|0.822104,0.0139795
N8292|6296|4.341422,N8289|1508|1.847277,0.0124066
N8292|6296|4.341422,N8266|9494|2.242049,0.0139926
N8149|3784|0.221216,N8139|6836|1.288953,0.0139645
N8149|3784|0.221216,N8170|12462|1.287377,0.0108249
N8149|3784|0.221216,N8155|8047|3.74703,0.0147458
N8149|3784|0.221216,N8154|11693|1.349062,0.0108266
N8149|3784|0.221216,N8159|14322|1.114167,0.0116266
N8149|3784|0.221216,N8156|9303|2.047012,0.0123994
N8149|3784|0.221216,N8163|5056|0.324114,0.0108355
N10622|14614|0.695684,N10625|13586|0.460411,0.0046195
N10622|14614|0.695684,N10623|9838|0.506739,0.0015369
N8256|10769|0.712805,N8257|14187|1.407286,0
N9795|13645|1.88929,N9793|4676|1.867748,0.0100516
N8256|10769|0.712805,N8255|8516|4.621123,0.0147715
N8256|10769|0.712805,N8250|9805|2.44573,0.0131781
N8256|10769|0.712805,N8258|12545|0.209232,0.013964
N9795|13645|1.88929,N9797|9238|2.012604,0.00771858
N9795|13645|1.88929,N9794|14737|3.13713,0.0100586
N8257|14187|1.407286,N8255|8516|4.621123,0.0147715
N8257|14187|1.407286,N8250|9805|2.44573,0.0131781
N8257|14187|1.407286,N8258|12545|0.209232,0.013964
N9795|13645|1.88929,N9796|12538|1.649078,0.00538598
N11518|4201|1.298602,N11509|7537|0.30586,0.0147893
N11518|4201|1.298602,N11526|15011|1.043239,0.0147881
N9051|3727|0.752761,N9019|1759|3.21172,0.0100413
N9051|3727|0.752761,N9012|7036|0.144812,0.0139696
N9132|5707|1.346113,N9157|5433|0.267303,0.0147477
N9132|5707|1.346113,N9140|13873|0.78678,0.0108482
N9132|5707|1.346113,N9138|9432|0.011423,0.0116071
N9051|3727|0.752761,N9005|9621|0.184888,0.0131834
N9051|3727|0.752761,N9018|7028|1.271107,0.00926662
N9132|5707|1.346113,N9158|9438|0.616688,0.014758
N9051|3727|0.752761,N9020|4424|0.845904,0.0108357
N9132|5707|1.346113,N9113|7273|1.274578,0.0116154
N9051|3727|0.752761,N9026|1384|1.778624,0.0139857
N9132|5707|1.346113,N9126|4611|0.442235,0.0116154
N9051|3727|0.752761,N9023|13272|1.556355,0.0131785
N9132|5707|1.346113,N9117|15300|3.458374,0.012398
N9132|5707|1.346113,N9116|10730|0.445411,0.0108314
N9132|5707|1.346113,N9109|4667|0.075349,0.0147507
N9132|5707|1.346113,N9134|1592|0.274906,0.00771989
N9132|5707|1.346113,N9115|2253|1.392066,0.0100567
N9132|5707|1.346113,N9124|12640|0.657822,0.0131834
N9132|5707|1.346113,N9114|12028|0.249049,0.01084
N10654|12531|1.308427,N10655|5795|1.502991,0.00617376
N10259|14317|1.019833,N10254|5148|2.583065,0.00926986
N9132|5707|1.346113,N9123|7269|4.075191,0.0147508
N9132|5707|1.346113,N9139|11794|1.064317,0.0147315
N9132|5707|1.346113,N9131|9161|4.331721,0.0116234
N10259|14317|1.019833,N10251|4593|1.663771,0.0147399
N10259|14317|1.019833,N10253|13358|0.566741,0.0123836
N9132|5707|1.346113,N9133|10512|0.63993,0.00771743
N9973|10047|0.035198,N9974|12884|9.743905,0.0108246
N9973|10047|0.035198,N9971|9517|0.121612,0.0100495
N9584|14832|6.221778,N9583|9172|0.762913,0.0147583
N9584|14832|6.221778,N9580|11726|1.403425,0.0147476
N9973|10047|0.035198,N9976|12396|0.590608,0.00694088
N9973|10047|0.035198,N9970|2143|1.880535,0.0147565
N9973|10047|0.035198,N9975|12389|1.655042,0.00461966
N11119|6343|0.137069,N11108|5884|0.77288,0.0116143
N11119|6343|0.137069,N11097|12564|1.398948,0.0116156
N8388|12848|0.591119,N8393|13464|2.585253,0.0147479
N8388|12848|0.591119,N8392|8728|0.886503,0.0147585
N8388|12848|0.591119,N8385|6399|1.063311,0.0147316
N8388|12848|0.591119,N8403|8341|0.096508,0.0139726
N9060|5017|1.651897,N9079|12702|0.242011,0.0139786
N9060|5017|1.651897,N9070|12994|1.368415,0.0131749
N9060|5017|1.651897,N9066|8542|2.20717,0.0116334
N9060|5017|1.651897,N9059|3952|0.117079,0.001535
N9060|5017|1.651897,N9090|5865|0.111667,0.00849042
N9060|5017|1.651897,N9069|8647|2.490183,0.0131764
N9060|5017|1.651897,N9075|13959|2.641422,0.013961
N9060|5017|1.651897,N9058|3054|0.871612,0.00615824
N9060|5017|1.651897,N9074|12197|2.750243,0.0147315
N12747|10085|0.02083,N12765|5223|0.290977,0.0139722
N12747|10085|0.02083,N12763|9214|0.250753,0.0092843
N12747|10085|0.02083,N12791|3432|1.382532,0.0147624
N12747|10085|0.02083,N12794|1915|0.264954,0.0116139
N12747|10085|0.02083,N12748|6117|1.604552,0.00616151
N12747|10085|0.02083,N12735|13411|1.300204,0.0139614
N12747|10085|0.02083,N12782|13348|2.56449,0.0147345
N12747|10085|0.02083,N12762|13412|1.090735,0.0123874
N12893|11684|0.283743,N12894|3928|0.629595,0.0123996
N12893|11684|0.283743,N12891|12862|2.908224,0.00693617
N8204|8732|5.697496,N8200|14143|0.460304,0.0123835
N8204|8732|5.697496,N8206|5109|0.82291,0.00771821
N8204|8732|5.697496,N8203|11050|0.018259,0.00538837
N11227|12686|1.121587,N11223|12570|0.505049,0.0131763
N8607|10838|3.726662,N8600|9314|0.056536,0.0147586
N7578|13870|0.956822,N7556|6176|0.951097,0.0147634
N11227|12686|1.121587,N11224|13295|0.098866,0.0139607
N7578|13870|0.956822,N7577|3297|0.36233,0.00230531
N7578|13870|0.956822,N7555|11252|0.72638,0.01319
N11227|12686|1.121587,N11229|8991|2.057522,0.0116069
N11227|12686|1.121587,N11225|13378|0.022558,0.0139607
N11227|12686|1.121587,N11228|10250|0.474904,0.0084926
N11101|7070|0.946171,N11108|5884|0.77288,0.0131752
N11101|7070|0.946171,N11097|12564|1.398948,0.00693927
N12067|15033|0.850597,N12062|10982|1.689488,0.0139777
N8794|2218|4.2886,N8791|10412|2.069768,0.0147792
N11411|13952|0.296443,N11333|15173|0.298044,0.0131689
N11411|13952|0.296443,N11334|12468|1.530882,0.0131678
N11411|13952|0.296443,N11384|2281|1.186815,0.0147588
N11705|2251|3.628118,N11711|5342|0.529197,0.0139729
N8460|14148|1.728008,N8459|13625|6.312552,0.00693896
N10974|9318|1.298003,N10985|15019|3.4288,0.0139619
N10974|9318|1.298003,N10986|14709|4.906949,0.00927465
N8460|14148|1.728008,N8452|11623|1.6017,0.00616729
N10974|9318|1.298003,N10978|5694|1.783151,0.00850026
N8460|14148|1.728008,N8453|3056|0.990996,0.0092655
N8460|14148|1.728008,N8461|4708|0.70719,0.00153463
N10974|9318|1.298003,N10972|5908|1.0265,0.0077117
N10974|9318|1.298003,N10977|12075|0.613135,0.00461957
N8459|13625|6.312552,N8452|11623|1.6017,0.0100583
N10974|9318|1.298003,N10970|10530|0.525396,0.00616113
N10974|9318|1.298003,N10982|11914|1.803269,0.00927553
N8459|13625|6.312552,N8453|3056|0.990996,0.0131747
N8459|13625|6.312552,N8461|4708|0.70719,0.00539066
N10974|9318|1.298003,N10975|10794|2.249125,0.00616439
N10974|9318|1.298003,N10979|12278|3.152954,0.00927749
N10974|9318|1.298003,N10981|2731|0.266376,0.00772386
N10974|9318|1.298003,N10984|9782|0.397387,0.00771102
N10974|9318|1.298003,N10973|10114|1.49298,0.00616923
N10119|10803|0.316622,N10105|6840|2.06747,0.0123906
N10119|10803|0.316622,N10061|3384|0.179959,0.0124136
N10119|10803|0.316622,N10110|10994|0.926104,0.00539067
N12044|12645|2.397157,N12043|2441|0.607167,0.0061696
N10660|13143|0.645593,N10664|11331|0.274135,0.0124055
N12044|12645|2.397157,N12040|10844|2.851819,0.0116294
N9019|1759|3.21172,N9012|7036|0.144812,0.0115935
N10660|13143|0.645593,N10662|13726|3.91893,0.00772721
N9019|1759|3.21172,N9031|14288|3.428243,0.0132029
N9019|1759|3.21172,N9005|9621|0.184888,0.0108118
N9019|1759|3.21172,N9018|7028|1.271107,0.00230473
N9019|1759|3.21172,N9020|4424|0.845904,0.00462133
N9019|1759|3.21172,N9026|1384|1.778624,0.0108453
N9019|1759|3.21172,N9090|5865|0.111667,0.0147433
N9019|1759|3.21172,N9023|13272|1.556355,0.0069394
N9106|8766|0.804263,N9099|13761|0.672927,0.0147588
N9106|8766|0.804263,N9102|7580|0.64718,0.01398
N8089|12579|1.42331,N8084|15213|0.362241,0.00925947
N8089|12579|1.42331,N8077|7225|1.930592,0.0108355
N8089|12579|1.42331,N8082|8867|2.053827,0.013956
N8089|12579|1.42331,N8072|3618|3.874166,0.01474
N8089|12579|1.42331,N8115|7316|3.675933,0.0147393
N8089|12579|1.42331,N8092|9654|0.063226,0.00693904
N8121|6075|1.081405,N8124|5434|1.827055,0.00771737
N7647|13933|0.193721,N7638|8873|0.944734,0.00927808
N7647|13933|0.193721,N7644|8904|0.512647,0.00849628
N12273|11671|2.163037,N12270|2895|0.773787,0.00307695
N12273|11671|2.163037,N12267|2697|0.281847,0.0139558
N8381|9511|0.167241,N8373|6621|4.001402,0.0046197
N12273|11671|2.163037,N12269|4943|2.757498,0.00618801
N12273|11671|2.163037,N12285|12189|1.973591,0.0147326
N12273|11671|2.163037,N12279|8457|0.616552,0.0123863
N8381|9511|0.167241,N8374|10238|9.3E-5,0.00384524
N12273|11671|2.163037,N12276|15364|0.213973,0.0108333
N12273|11671|2.163037,N12275|11037|0.312229,0.00539187
N10254|5148|2.583065,N10251|4593|1.663771,0.0100483
N10254|5148|2.583065,N10253|13358|0.566741,0.00771201
N12273|11671|2.163037,N12281|5227|0.377566,0.0116121
N7914|14725|2.388759,N7912|10772|0.239024,0.0124093
N12273|11671|2.163037,N12271|3995|5.85903,0.0061599
N12273|11671|2.163037,N12266|5430|2.464993,0.0147345
N12273|11671|2.163037,N12274|1564|2.603046,0.00693897
N12273|11671|2.163037,N12268|5064|2.239905,0.00694618
N12428|3118|1.22185,N12432|11765|4.38801,0.0124012
N8380|1412|1.068421,N8361|13423|0.310029,0.0147588
N8380|1412|1.068421,N8359|6678|0.09393,0.0131749
N12428|3118|1.22185,N12447|13631|1.752321,0.00772752
N12428|3118|1.22185,N12441|15258|0.530176,0.0116077
N12428|3118|1.22185,N12430|11924|0.617032,0.010838
N8380|1412|1.068421,N8358|2835|0.986928,0.0147902
N8380|1412|1.068421,N8376|8702|4.226601,0.0116674
N8380|1412|1.068421,N8379|3450|0.362307,0.00384782
N8398|5357|2.267687,N8402|10039|2.824344,0.0123836
N8398|5357|2.267687,N8399|13119|0.525142,0.0116041
N8380|1412|1.068421,N8375|12452|2.482685,0.00772855
N8398|5357|2.267687,N8403|8341|0.096508,0.0116025
N8380|1412|1.068421,N8382|11492|1.764649,0.00230452
N8380|1412|1.068421,N8377|4310|0.039595,0.00385017
N8380|1412|1.068421,N8363|7636|0.882553,0.0139943
N8380|1412|1.068421,N8383|13994|3.54899,0.00772367
N8380|1412|1.068421,N8381|9511|0.167241,0.0015369
N8380|1412|1.068421,N8373|6621|4.001402,0.00461971
N8380|1412|1.068421,N8374|10238|9.3E-5,0.00384525
N7521|14868|1.070535,N7551|6559|0.176527,0.0116071
N7521|14868|1.070535,N7548|5956|1.281553,0.0147717
N7521|14868|1.070535,N7519|6406|1.156999,0.00773951
N7521|14868|1.070535,N7552|7170|0.592517,0.0139779
N7521|14868|1.070535,N7523|6854|0.116439,0.0108332
N7521|14868|1.070535,N7534|5987|0.306367,0.0108616
N7521|14868|1.070535,N7524|3321|2.534676,0.0139346
N7521|14868|1.070535,N7532|11177|0.150479,0.0132425
N7521|14868|1.070535,N7541|6674|0.832864,0.0131908
N8071|11875|3.285836,N8070|13705|2.384628,0.014793
N7521|14868|1.070535,N7546|4592|0.931722,0.0139635
N7521|14868|1.070535,N7517|11346|0.636323,0.00850124
N7521|14868|1.070535,N7528|1998|1.594102,0.010092
N9829|13984|2.773599,N9831|5311|1.423124,0.0077273
N7521|14868|1.070535,N7535|15379|0.344831,0.0132189
N7521|14868|1.070535,N7526|14207|0.370422,0.00851628
N9829|13984|2.773599,N9827|9083|2.365915,0.00771986
N7521|14868|1.070535,N7516|3203|2.842382,0.0123977
N7521|14868|1.070535,N7533|13695|0.987302,0.0148413
N9829|13984|2.773599,N9819|3524|3.039385,0.0132002
N7521|14868|1.070535,N7543|1554|2.449295,0.0147427
N9829|13984|2.773599,N9822|10407|0.064502,0.0100702
N7521|14868|1.070535,N7530|5931|0.470247,0.0132002
N7521|14868|1.070535,N7556|6176|0.951097,0.010824
N7521|14868|1.070535,N7555|11252|0.72638,0.00926551
N7521|14868|1.070535,N7514|9617|2.501809,0.00927436
N7521|14868|1.070535,N7515|11916|1.841037,0.0100582
N12030|1666|0.67563,N12029|10438|1.346632,0.00461513
N7521|14868|1.070535,N7545|8538|0.438066,0.0139795
N9372|7984|0.880108,N9367|13918|2.215421,0.0100357
N9372|7984|0.880108,N9358|15303|1.043357,0.0123976
N9372|7984|0.880108,N9342|14450|0.850897,0.0147399
N9372|7984|0.880108,N9363|2727|3.279489,0.0147429
N9372|7984|0.880108,N9334|8076|0.202191,0.0147399
N10555|15365|0.330492,N10560|4175|0.28726,0.00773811
N10555|15365|0.330492,N10554|6501|1.169808,0.00539062
N10555|15365|0.330492,N10558|12714|0.308784,0.00695535
N11653|13779|1.337948,N11654|7696|3.757235,0.00771748
N11653|13779|1.337948,N11649|15386|1.430713,0.0108282
N11653|13779|1.337948,N11645|4531|0.087086,0.00617383
N11653|13779|1.337948,N11660|13089|0.382191,0.0116297
N11653|13779|1.337948,N11646|7298|2.906628,0.00849669
N11653|13779|1.337948,N11648|14770|4.004292,0.0124198
N10469|5588|0.391991,N10473|6076|3.435552,0.00694782
N10469|5588|0.391991,N10478|10044|0.490332,0.0108323
N9092|7977|0.640735,N8994|15030|1.499435,0.013956
N9092|7977|0.640735,N9078|11705|0.814549,0.013188
N9092|7977|0.640735,N9071|9717|1.854277,0.0108355
N11229|8991|2.057522,N11225|13378|0.022558,0.0116139
N11229|8991|2.057522,N11228|10250|0.474904,0.0030739
N9092|7977|0.640735,N9061|11039|0.602917,0.0108336
N9092|7977|0.640735,N9062|2969|4.753182,0.0131751
N9012|7036|0.144812,N9011|4049|3.99935,0.0123978
N9092|7977|0.640735,N9085|3354|5.903963,0.0139528
N9092|7977|0.640735,N9091|13968|0.501484,0.00307172
N9012|7036|0.144812,N9005|9621|0.184888,0.0084905
N9012|7036|0.144812,N9018|7028|1.271107,0.010817
N9012|7036|0.144812,N9020|4424|0.845904,0.0116094
N9012|7036|0.144812,N9026|1384|1.778624,0.0147589
N9092|7977|0.640735,N9077|2409|0.356179,0.0123977
N9012|7036|0.144812,N8997|12760|0.707051,0.0139699
N9012|7036|0.144812,N9023|13272|1.556355,0.0139531
N9150|13941|2.000419,N9151|8246|13.035644,0.0108447
N9092|7977|0.640735,N9081|8706|1.386561,0.0123965
N9092|7977|0.640735,N9072|4235|1.055492,0.00927393
N9150|13941|2.000419,N9145|12677|0.169826,0.00850002
N9092|7977|0.640735,N9082|6397|0.367536,0.0108452
N9092|7977|0.640735,N9086|13394|0.878173,0.0100516
N9150|13941|2.000419,N9133|10512|0.63993,0.0139642
N9150|13941|2.000419,N9147|11226|3.773725,0.0116154
N9092|7977|0.640735,N9063|14968|3.46223,0.014759
N9150|13941|2.000419,N9144|4756|1.186141,0.0108447
N9092|7977|0.640735,N9060|5017|1.651897,0.0108242
N9092|7977|0.640735,N9079|12702|0.242011,0.0132028
N9092|7977|0.640735,N9093|4904|4.408737,0.00850157
N9092|7977|0.640735,N9070|12994|1.368415,0.0123916
N9092|7977|0.640735,N9066|8542|2.20717,0.012443
N9092|7977|0.640735,N9059|3952|0.117079,0.0100585
N9092|7977|0.640735,N9090|5865|0.111667,0.00616742
N9092|7977|0.640735,N9069|8647|2.490183,0.0123903
N9092|7977|0.640735,N9075|13959|2.641422,0.0131748
N9092|7977|0.640735,N9058|3054|0.871612,0.0131739
N9092|7977|0.640735,N9074|12197|2.750243,0.0139468
N9437|9912|7.859113,N9440|8833|0.184413,0.0116042
N7282|6032|1.251473,N7291|5461|0.256319,0.00615989
N9437|9912|7.859113,N9435|13975|6.018282,0.0131869
N7282|6032|1.251473,N7287|9602|3.103335,0.00616115
N7282|6032|1.251473,N7288|7639|0.369608,0.00927478
N11052|3771|2.234426,N11046|4421|1.078292,0.0116298
N11052|3771|2.234426,N11047|6258|0.08308,0.0100742
N11052|3771|2.234426,N11051|13838|0.533166,0.00928671
N11052|3771|2.234426,N11048|3370|1.599257,0.00851215
N9437|9912|7.859113,N9439|11474|4.241177,0.0147457
N8891|1619|0.761174,N8902|10980|0.318318,0.0147732
N8891|1619|0.761174,N8886|14755|1.395277,0.00848653
N8891|1619|0.761174,N8898|14688|0.203747,0.00461521
N8227|6831|3.380801,N8223|15199|0.150591,0.0116153
N8227|6831|3.380801,N8229|12704|0.376581,0.0108314
N7734|15117|2.158527,N7731|3368|0.153734,0.0100696
N7734|15117|2.158527,N7728|3934|0.026172,0.0116336
N8700|6517|0.086543,N8699|13074|1.866928,0.0116231
N8700|6517|0.086543,N8693|12386|0.003939,0.00849647
N11822|13844|1.50106,N11829|6136|3.535808,0.0131868
N11822|13844|1.50106,N11820|2273|0.700337,0.0131512
N8700|6517|0.086543,N8703|4685|2.065772,0.00616955
N11822|13844|1.50106,N11826|10781|1.093903,0.010039
N11822|13844|1.50106,N11824|12275|0.381059,0.00307299
N11822|13844|1.50106,N11844|10359|0.208095,0.0139528
N11333|15173|0.298044,N11334|12468|1.530882,0.0061612
N11333|15173|0.298044,N11363|15066|0.637353,0.0147565
N11333|15173|0.298044,N11355|14316|5.248091,0.0139789
N8700|6517|0.086543,N8701|8740|2.271598,0.00771739
N8700|6517|0.086543,N8702|15050|2.692224,0.00771328
N8700|6517|0.086543,N8686|3829|3.228244,0.0139747
N8700|6517|0.086543,N8697|5329|0.327644,0.0124064
N8700|6517|0.086543,N8698|3792|1.008455,0.0131921
N12713|9021|0.783928,N12698|2168|0.184657,0.0100513
N12713|9021|0.783928,N12696|6059|0.392814,0.011615
N11334|12468|1.530882,N11363|15066|0.637353,0.0147433
N11334|12468|1.530882,N11355|14316|5.248091,0.0123881
N8812|5341|1.19168,N8806|11980|0.102757,0.00538676
N9831|5311|1.423124,N9827|9083|2.365915,0.00616954
N9831|5311|1.423124,N9819|3524|3.039385,0.0131897
N9831|5311|1.423124,N9822|10407|0.064502,0.0100607
N8812|5341|1.19168,N8811|9539|0.100221,0.00616103
N11833|10670|4.114445,N11826|10781|1.093903,0.0116007
N11833|10670|4.114445,N11805|9530|2.079066,0.0147728
N11833|10670|4.114445,N11824|12275|0.381059,0.0139531
N11833|10670|4.114445,N11799|11006|0.930139,0.0140166
N11833|10670|4.114445,N11812|8304|1.873095,0.0139651
N11833|10670|4.114445,N11801|13264|1.168057,0.0147572
N11833|10670|4.114445,N11844|10359|0.208095,0.012397
N8812|5341|1.19168,N8808|7597|2.501861,0.00770875
N8812|5341|1.19168,N8813|2637|0.544467,0.0123893
N8812|5341|1.19168,N8809|7652|0.05461,0.00616104
N11712|8949|3.39396,N11711|5342|0.529197,0.0147702
N8727|13012|0.793639,N8724|1934|0.376952,0.00538488
N9214|2527|0.534104,N9213|10147|4.353273,0.00928281
N12233|14714|1.905567,N12232|5012|6.374938,0.0100512
N10848|3492|5.51461,N10846|5004|2.122975,0.010062
N9099|13761|0.672927,N9102|7580|0.64718,0.00849036
N12192|4991|1.889422,N12191|8703|2.557036,0.00384655
N12192|4991|1.889422,N12188|2519|1.158587,0.0100755
N12192|4991|1.889422,N12180|2451|2.75645,0.0147738
N12191|8703|2.557036,N12188|2519|1.158587,0.0108537
N9522|12988|0.9686,N9517|14682|3.914798,0.0140116
N12119|8407|2.834314,N12121|10891|1.462474,0.0139524
N12119|8407|2.834314,N12120|9198|0.687501,0.013964
N12105|13652|1.527234,N12102|10961|3.06598,0.00849603
N12105|13652|1.527234,N12104|13551|1.648967,0.00462609
N10735|8144|0.65834,N10712|12789|1.346723,0.0147562
N12105|13652|1.527234,N12099|11460|2.302482,0.012391
N12105|13652|1.527234,N12098|13700|0.200803,0.00384517
N12105|13652|1.527234,N12111|12857|0.124219,0.0132007
N12105|13652|1.527234,N12095|6280|0.840689,0.00539053
N12383|4272|1.686228,N12396|15125|0.104996,0.0147501
N12383|4272|1.686228,N12554|10454|0.637343,0.0140195
N12105|13652|1.527234,N12101|8940|3.365213,0.00694078
N12105|13652|1.527234,N12112|3911|1.050978,0.0116263
N12105|13652|1.527234,N12096|4098|1.821324,0.00538981
N12105|13652|1.527234,N12100|7949|2.361964,0.00927825
N12105|13652|1.527234,N12110|11218|0.923665,0.010838
N8606|11109|4.121354,N8581|6371|0.050036,0.0100442
N10776|6414|2.008863,N10770|2550|0.014744,0.0108197
N8606|11109|4.121354,N8574|1551|0.966694,0.011613
N8606|11109|4.121354,N8600|9314|0.056536,0.00693231
N10776|6414|2.008863,N10773|12064|1.833445,0.0108283
N10457|8278|1.686393,N10452|9184|0.524044,0.0100609
N10457|8278|1.686393,N10458|6483|1.010701,0.00538993
N10776|6414|2.008863,N10769|12767|1.489165,0.0131678
N10457|8278|1.686393,N10459|13491|0.273509,0.00849671
N12706|2094|2.755776,N12698|2168|0.184657,0.00927524
N10776|6414|2.008863,N10774|2754|1.843436,0.00771144
N12706|2094|2.755776,N12703|7544|2.064741,0.013191
N10776|6414|2.008863,N10777|13496|4.921456,0.0139617
N12706|2094|2.755776,N12696|6059|0.392814,0.00926544
N12706|2094|2.755776,N12707|9393|5.140154,0.0131747
N10776|6414|2.008863,N10775|11383|6.78245,0.013948
N8393|13464|2.585253,N8394|14328|3.183995,0.00539646
N8393|13464|2.585253,N8395|8112|6.461946,0.00928427
N10776|6414|2.008863,N10771|8878|0.498584,0.0131686
N8394|14328|3.183995,N8395|8112|6.461946,0.0116486
N8699|13074|1.866928,N8693|12386|0.003939,0.00926978
N8699|13074|1.866928,N8695|2101|0.980552,0.00539068
N8699|13074|1.866928,N8703|4685|2.065772,0.0116344
N8699|13074|1.866928,N8694|13056|7.607549,0.00851259
N8699|13074|1.866928,N8696|4169|4.005003,0.00850175
N7638|8873|0.944734,N7644|8904|0.512647,0.00540468
N8699|13074|1.866928,N8701|8740|2.271598,0.01319
N8699|13074|1.866928,N8702|15050|2.692224,0.0131868
N9946|7852|3.859452,N9945|15087|12.524462,0.0147505
N8699|13074|1.866928,N8697|5329|0.327644,0.00230863
N8699|13074|1.866928,N8698|3792|1.008455,0.00308254
N9885|14109|0.537034,N9887|14244|0.530702,0.00694094
N9885|14109|0.537034,N9893|5859|2.046382,0.0100582
N8483|13013|1.452695,N8487|11714|0.291764,0.0139519
N8483|13013|1.452695,N8464|6997|0.845618,0.0131736
N12874|15200|0.833692,N12876|12962|3.113938,0.0139791
N12874|15200|0.833692,N12872|13249|0.725588,0.00539631
N10264|5769|0.781527,N10263|9970|0.948545,0.00230467
N12236|1658|1.403759,N12237|11279|0.057794,0.00848491
N11990|9994|0.566499,N11979|10096|0.769496,0.0147585
N11990|9994|0.566499,N11971|12636|0.690138,0.0139524
N11931|10185|1.121039,N11932|11896|0.454787,0.00694538
N11931|10185|1.121039,N11929|7509|1.103166,0.0101079
N11931|10185|1.121039,N11937|2822|2.502224,0.0108423
N11931|10185|1.121039,N11927|6594|5.927884,0.00850062
N10645|12781|2.186726,N10639|11664|3.280885,0.014719
N10645|12781|2.186726,N10644|14088|2.503778,0.0100748
N12375|12258|0.198753,N12369|13497|0.468312,0.0124063
N11931|10185|1.121039,N11928|9652|0.075206,0.00695499
N13060|5777|3.189395,N13042|11415|0.646578,0.0116339
N13060|5777|3.189395,N13030|14162|0.229725,0.0124131
N11440|9498|2.349682,N11447|15071|0.379129,0.0124018
N13060|5777|3.189395,N13055|13868|1.589563,0.0132162
N13060|5777|3.189395,N13064|2313|0.464264,0.00539344
N11440|9498|2.349682,N11452|2698|0.399768,0.0147581
N13060|5777|3.189395,N13047|2936|1.890519,0.0147713
N13060|5777|3.189395,N13065|9942|3.28249,0.0139956
N13060|5777|3.189395,N13063|12606|0.037579,0.00307484
N13060|5777|3.189395,N13067|12459|0.550295,0.010858
N13060|5777|3.189395,N13049|2463|0.241606,0.0116475
N13060|5777|3.189395,N13062|8226|0.442183,0.00230468
N7214|10284|0.664972,N7209|3424|0.568831,0.0147593
N13060|5777|3.189395,N13050|8552|0.300629,0.012424
N13060|5777|3.189395,N13066|11539|2.641891,0.0139802
N13060|5777|3.189395,N13057|8415|0.620575,0.0100837
N7214|10284|0.664972,N7213|9538|0.153531,0.00849292
N13060|5777|3.189395,N13035|2966|0.267509,0.0132033
N13060|5777|3.189395,N13044|14894|0.279795,0.0116254
N13060|5777|3.189395,N13058|11167|1.17044,0.00384788
N13060|5777|3.189395,N13052|14348|1.81875,0.0147732
N13060|5777|3.189395,N13053|4954|0.008268,0.00929589
N10105|6840|2.06747,N10061|3384|0.179959,0.00927043
N13060|5777|3.189395,N13061|14477|9.561084,0.0108323
N10105|6840|2.06747,N10110|10994|0.926104,0.0131842
N10105|6840|2.06747,N10076|15281|0.628564,0.0147739
N13060|5777|3.189395,N13046|7586|0.27506,0.0124132
N10105|6840|2.06747,N10057|13681|0.686815,0.0147508
N8392|8728|0.886503,N8391|3548|8.085072,0.0100699
N7643|2043|1.732487,N7642|1552|0.299216,0.00153498
N7643|2043|1.732487,N7646|5786|0.234901,0.00694057
N10362|6018|3.823563,N10361|6407|0.442998,0.00616725
N7643|2043|1.732487,N7645|6102|4.01042,0.0116077
N7643|2043|1.732487,N7649|3414|1.115455,0.0139722
N7643|2043|1.732487,N7640|6166|5.066258,0.00230451
N7643|2043|1.732487,N7647|13933|0.193721,0.00771958
N7643|2043|1.732487,N7638|8873|0.944734,0.00462631
N7643|2043|1.732487,N7644|8904|0.512647,0.000767366
N10501|6935|3.339859,N10504|14885|0.410614,0.00848653
N9157|5433|0.267303,N9140|13873|0.78678,0.01477
N10501|6935|3.339859,N10505|8617|0.171908,0.00926657
N10501|6935|3.339859,N10503|8171|1.286944,0.0077199
N9157|5433|0.267303,N9158|9438|0.616688,0.00153463
N9157|5433|0.267303,N9113|7273|1.274578,0.0139617
N9157|5433|0.267303,N9108|7670|1.052065,0.0147478
N9157|5433|0.267303,N9126|4611|0.442235,0.0123905
N9157|5433|0.267303,N9117|15300|3.458374,0.0147479
N9157|5433|0.267303,N9152|14579|0.04131,0.0147502
N9157|5433|0.267303,N9116|10730|0.445411,0.013175
N9157|5433|0.267303,N9149|13680|0.151522,0.0139547
N9157|5433|0.267303,N9148|6263|0.734975,0.0147503
N8635|7231|0.13617,N8640|10919|1.326289,0.0147475
N8635|7231|0.13617,N8648|9583|0.937579,0.0147475
N8635|7231|0.13617,N8672|2210|0.469018,0.0139558
N9157|5433|0.267303,N9134|1592|0.274906,0.0116044
N8635|7231|0.13617,N8673|13767|0.155844,0.0131736
N8635|7231|0.13617,N8637|14919|0.32506,0.00384393
N8635|7231|0.13617,N8627|6340|1.679732,0.0084823
N9157|5433|0.267303,N9142|8205|1.127885,0.0147542
N9157|5433|0.267303,N9115|2253|1.392066,0.012398
N9157|5433|0.267303,N9124|12640|0.657822,0.0139655
N9157|5433|0.267303,N9114|12028|0.249049,0.0131842
N8635|7231|0.13617,N8639|7321|1.594604,0.00307696
N9157|5433|0.267303,N9156|13966|0.714533,0.0053901
N9157|5433|0.267303,N9153|7987|3.861358,0.00539067
N9157|5433|0.267303,N9143|9789|0.150846,0.0139615
N9157|5433|0.267303,N9150|13941|2.000419,0.0147396
N9157|5433|0.267303,N9145|12677|0.169826,0.0123913
N7912|10772|0.239024,N7919|12802|6.068616,0.0131634
N9157|5433|0.267303,N9133|10512|0.63993,0.011613
N9157|5433|0.267303,N9154|8775|1.938037,0.00384523
N9157|5433|0.267303,N9144|4756|1.186141,0.0147335
N7392|13382|0.271012,N7388|7319|0.192424,0.00540456
N7392|13382|0.271012,N7386|8862|0.082069,0.0131834
N10934|13815|0.189545,N10952|8842|2.528475,0.0132072
N10934|13815|0.189545,N10936|3645|4.274939,0.00461967
N10934|13815|0.189545,N10937|7754|3.135998,0.00538676
N10934|13815|0.189545,N10939|4559|0.840806,0.00230451
N7392|13382|0.271012,N7384|8193|0.322294,0.0147578
N7392|13382|0.271012,N7385|13875|0.016875,0.0131834
N7392|13382|0.271012,N7417|6681|1.424463,0.0147738
N7392|13382|0.271012,N7390|11676|1.495667,0.00307838
N7392|13382|0.271012,N7387|6738|2.555496,0.00617487
N7392|13382|0.271012,N7391|13342|0.340533,0.00153499
N7392|13382|0.271012,N7397|13737|4.966742,0.0124113
N10871|10888|0.749198,N10865|4434|0.263375,0.0139723
N12941|9337|0.554667,N12935|8245|0.75658,0.00771907
N12941|9337|0.554667,N12938|6210|0.131432,0.00693601
N12941|9337|0.554667,N12944|4268|0.462966,0.0108311
N12941|9337|0.554667,N12937|9390|3.710691,0.0131732
N7340|10804|0.142584,N7337|10852|0.521503,0.0100584
N7340|10804|0.142584,N7342|14618|1.066006,0.0023086
N8956|15297|1.548554,N8948|7351|0.152822,0.0139727
N8956|15297|1.548554,N8942|9028|0.173101,0.0116219
N8956|15297|1.548554,N8957|5722|3.760041,0.00850036
N10757|13478|4.282374,N10755|9910|0.092655,0.0147457
N10757|13478|4.282374,N10747|6612|0.988886,0.0147678
N9557|3452|1.915897,N9542|13337|0.791992,0.0108237
N9557|3452|1.915897,N9491|12440|0.015674,0.0131762
N9557|3452|1.915897,N9539|6002|0.511961,0.0147501
N9557|3452|1.915897,N9484|8231|2.243047,0.0147255
N9557|3452|1.915897,N9486|1956|0.766508,0.0139524
N9557|3452|1.915897,N9554|2448|2.434905,0.00926414
N9557|3452|1.915897,N9549|15218|1.855956,0.0147396
N11618|14976|1.619459,N11617|2162|3.315706,0.0139655
N11618|14976|1.619459,N11620|14204|1.80573,0.010863
N12624|3511|0.290651,N12627|9775|1.022169,0.00308249
N12624|3511|0.290651,N12626|14506|0.320709,0.00230452
N10467|7876|1.390317,N10446|4176|0.534117,0.0131611
N10467|7876|1.390317,N10460|1800|0.07162,0.0131611
N10467|7876|1.390317,N10445|1942|5.275127,0.0147345
N10467|7876|1.390317,N10447|13406|0.157979,0.0123792
N10467|7876|1.390317,N10463|6162|0.183799,0.0139457
N12974|5484|1.088282,N12973|7414|2.121448,0.00773976
N12974|5484|1.088282,N12972|3764|6.69204,0.0108656
N8617|12262|1.10584,N8623|12267|0.077572,0.00850407
N12974|5484|1.088282,N12969|7672|1.042786,0.00851268
N8617|12262|1.10584,N8620|5340|1.858164,0.0147254
N12974|5484|1.088282,N12970|7761|2.204726,0.00851272
N11531|8005|0.409323,N11536|8711|0.193032,0.00773944
N12974|5484|1.088282,N12975|8764|3.432604,0.0061741
N11654|7696|3.757235,N11645|4531|0.087086,0.0124066
N11654|7696|3.757235,N11646|7298|2.906628,0.0147582
N12244|14164|0.633352,N12256|5110|1.787743,0.0132003
N8970|4044|0.723011,N8967|6794|0.398775,0.0100528
N8970|4044|0.723011,N8994|15030|1.499435,0.0139652
N8970|4044|0.723011,N8965|5511|1.381895,0.0108321
N8970|4044|0.723011,N8969|4867|1.87617,0.00617373
N8970|4044|0.723011,N8968|1807|1.211901,0.00540205
N8970|4044|0.723011,N8966|5713|0.015611,0.0108382
N9379|2370|1.016507,N9378|2982|0.197144,0.000767368
N12549|2456|1.816008,N12548|13116|9.784459,0.0131746
N12549|2456|1.816008,N12572|7169|0.173595,0.0147537
N12549|2456|1.816008,N12577|3266|1.65453,0.011608
N12549|2456|1.816008,N12485|3996|0.147552,0.0124058
N12549|2456|1.816008,N12604|13785|0.97067,0.0100447
N7201|9260|0.113269,N7200|14423|0.008304,0.0124102
N12549|2456|1.816008,N12377|1787|0.942415,0.0147437
N12549|2456|1.816008,N12490|9625|0.023124,0.0131763
N12549|2456|1.816008,N12556|12239|0.061929,0.00616428
N12549|2456|1.816008,N12547|6940|0.836952,0.00693817
N7201|9260|0.113269,N7209|3424|0.568831,0.0132065
N12549|2456|1.816008,N12466|6767|1.259225,0.0139713
N12549|2456|1.816008,N12533|7974|0.244196,0.0131939
N7201|9260|0.113269,N7213|9538|0.153531,0.0140082
N12549|2456|1.816008,N12591|8487|2.116312,0.0123977
N12549|2456|1.816008,N12597|12730|0.443169,0.011607
N12549|2456|1.816008,N12581|2924|1.449166,0.013184
N12549|2456|1.816008,N12551|7510|0.251933,0.00307387
N12549|2456|1.816008,N12584|7383|0.524904,0.0116081
N12549|2456|1.816008,N12566|9121|0.08259,0.0108506
N12549|2456|1.816008,N12498|9476|0.063085,0.0123835
N12549|2456|1.816008,N12488|12101|1.121635,0.0139692
N12549|2456|1.816008,N12459|10633|0.178368,0.013961
N12549|2456|1.816008,N12564|8090|2.029125,0.0108264
N12549|2456|1.816008,N12563|8865|1.422802,0.0108246
N12549|2456|1.816008,N12535|11736|0.394495,0.0131838
N12549|2456|1.816008,N12508|14807|0.41106,0.0139613
N12549|2456|1.816008,N12555|4208|2.598968,0.0084802
N12549|2456|1.816008,N12562|4529|0.61832,0.0131746
N12549|2456|1.816008,N12524|7348|0.12227,0.0139612
N12549|2456|1.816008,N12603|6671|3.050434,0.0139651
N12549|2456|1.816008,N12465|9663|3.510964,0.0147773
N12549|2456|1.816008,N12571|8941|1.241029,0.0147496
N12549|2456|1.816008,N12462|6718|0.293305,0.0147392
N11746|4226|2.010055,N11740|12167|0.065432,0.0116176
N12549|2456|1.816008,N12599|8353|1.454529,0.014757
N12549|2456|1.816008,N12586|9119|0.317787,0.0147475
N12549|2456|1.816008,N12553|5590|1.684612,0.00848649
N12549|2456|1.816008,N12482|15143|0.193936,0.0147496
N12549|2456|1.816008,N12527|9237|0.448218,0.0147439
N11746|4226|2.010055,N11744|10235|4.332076,0.0108489
N12549|2456|1.816008,N12504|8693|0.601243,0.0147497
N12549|2456|1.816008,N12589|4455|2.489465,0.0147398
N12549|2456|1.816008,N12519|10480|2.16617,0.0139795
N12549|2456|1.816008,N12550|8083|0.027918,0.00307387
N12549|2456|1.816008,N12602|14045|0.864212,0.0139652
N12549|2456|1.816008,N12588|14367|1.187912,0.0108312
N7934|4849|4.14871,N7929|8368|0.436093,0.0116141
N12549|2456|1.816008,N12600|4349|1.436957,0.0139653
N12549|2456|1.816008,N12554|10454|0.637343,0.00539473
N12549|2456|1.816008,N12534|12395|1.442349,0.0139713
N12549|2456|1.816008,N12569|10700|0.180908,0.0116175
N12549|2456|1.816008,N12497|5875|0.074333,0.0123835
N12549|2456|1.816008,N12545|9734|2.533836,0.0124013
N12549|2456|1.816008,N12574|12439|0.14536,0.0123908
N12549|2456|1.816008,N12517|2545|1.034848,0.0147673
N12549|2456|1.816008,N12529|4469|3.56161,0.0147673
N12549|2456|1.816008,N12546|6374|0.291382,0.0108322
N12549|2456|1.816008,N12543|10805|3.530949,0.0139711
N10185|6649|6.921108,N10183|1929|0.073881,0.00927737
N12548|13116|9.784459,N12556|12239|0.061929,0.0147575
N12548|13116|9.784459,N12551|7510|0.251933,0.0116138
N12043|2441|0.607167,N12040|10844|2.851819,0.0132008
N12548|13116|9.784459,N12550|8083|0.027918,0.0116138
N9515|15103|27.042091,N9516|15020|28.875747,0.00539405
N12548|13116|9.784459,N12554|10454|0.637343,0.0139652
N8658|13448|0.520096,N8664|4714|0.622674,0.0139516
N8658|13448|0.520096,N8660|3004|0.530455,0.00539009
N8658|13448|0.520096,N8665|4011|0.724426,0.012377
N8658|13448|0.520096,N8659|8322|0.377356,0.000767359
N8658|13448|0.520096,N8663|11239|1.72174,0.0147213
N8658|13448|0.520096,N8667|5850|1.086772,0.0123856
N8658|13448|0.520096,N8666|13078|0.559671,0.0108195
N8658|13448|0.520096,N8669|4088|1.262664,0.0147188
N8658|13448|0.520096,N8670|11686|1.623364,0.0139409
N12846|4291|6.168948,N12847|11170|0.171541,0.00538984
N8658|13448|0.520096,N8674|9719|0.296966,0.0131734
N12846|4291|6.168948,N12849|2927|0.153846,0.0139608
N8658|13448|0.520096,N8661|10851|1.961822,0.00693374
N8658|13448|0.520096,N8662|14607|7.138743,0.010058
N9248|4375|1.148923,N9239|14615|0.547723,0.0147527
N8658|13448|0.520096,N8672|2210|0.469018,0.0123791
N9248|4375|1.148923,N9241|8223|0.166378,0.00848657
N8658|13448|0.520096,N8673|13767|0.155844,0.0116001
N9248|4375|1.148923,N9250|11217|1.363665,0.0123849
N9247|11918|55.213693,N9246|15136|61.300793,0.0131673
N11472|6578|0.483504,N11447|15071|0.379129,0.0108449
N11472|6578|0.483504,N11469|11377|1.277083,0.00539349
N11472|6578|0.483504,N11471|13768|0.711381,0.00385146
N11472|6578|0.483504,N11455|6968|3.156725,0.0147479
N11472|6578|0.483504,N11434|2008|6.10435,0.014744
N11472|6578|0.483504,N11452|2698|0.399768,0.0116154
N11472|6578|0.483504,N11416|9551|0.424175,0.0139676
N11472|6578|0.483504,N11417|2611|2.032126,0.0116082
N8779|10442|0.344821,N8786|14179|0.213573,0.0100748
N8779|10442|0.344821,N8783|12045|0.175354,0.00153499
N12698|2168|0.184657,N12703|7544|2.064741,0.00852922
N12698|2168|0.184657,N12696|6059|0.392814,0.00307619
N8958|6400|4.853539,N8959|14483|1.615474,0.00771339
N12698|2168|0.184657,N12707|9393|5.140154,0.0124131
N12600|4349|1.436957,N12554|10454|0.637343,0.010828
N12600|4349|1.436957,N12595|11041|1.186994,0.0100497
N12600|4349|1.436957,N12569|10700|0.180908,0.0147571
N12600|4349|1.436957,N12497|5875|0.074333,0.0139467
N12600|4349|1.436957,N12598|13183|4.314759,0.0147541
N10577|2852|0.124301,N10586|5873|0.989638,0.00849264
N10577|2852|0.124301,N10591|10257|2.420075,0.00771826
N10577|2852|0.124301,N10594|11499|0.093242,0.00848235
N10577|2852|0.124301,N10595|14754|3.616975,0.0123854
N10577|2852|0.124301,N10596|5106|3.670426,0.0123854
N10577|2852|0.124301,N10583|5548|4.724395,0.00928566
N9908|5600|0.180843,N9907|6221|0.798311,0.0108464
N9344|3471|0.361147,N9367|13918|2.215421,0.0147505
N9344|3471|0.361147,N9332|12098|1.613069,0.00693894
N9344|3471|0.361147,N9358|15303|1.043357,0.0139799
N9344|3471|0.361147,N9342|14450|0.850897,0.000767618
N9344|3471|0.361147,N9334|8076|0.202191,0.00230451
N8822|2710|4.614096,N8830|13127|0.348201,0.010825
N8822|2710|4.614096,N8821|12006|0.782773,0.0108383
N11365|7096|0.63038,N11363|15066|0.637353,0.0023028
N11365|7096|0.63038,N11371|5903|1.512719,0.00849284
N11365|7096|0.63038,N11373|7146|0.687377,0.00848661
N11365|7096|0.63038,N11366|6591|5.541124,0.0116044
N11365|7096|0.63038,N11358|3722|2.637675,0.0116178
N11365|7096|0.63038,N11375|8477|0.703535,0.00927035
N11365|7096|0.63038,N11384|2281|1.186815,0.00770675
N8959|14483|1.615474,N8954|6672|0.444382,0.0132177
N11365|7096|0.63038,N11361|9367|0.658486,0.00384397
N11285|11733|3.987936,N11297|9919|1.01418,0.0147578
N11285|11733|3.987936,N11295|8972|0.955216,0.0147578
N11285|11733|3.987936,N11294|5556|0.119875,0.0139609
N11285|11733|3.987936,N11289|6772|3.546387,0.0123792
N8959|14483|1.615474,N8953|8503|3.426344,0.0147638
N8959|14483|1.615474,N8963|5098|2.636494,0.0116876
N11285|11733|3.987936,N11287|1604|0.798294,0.0084866
N8959|14483|1.615474,N8962|11889|1.067723,0.0101011
N8959|14483|1.615474,N8960|4831|0.445665,0.0108931
N8959|14483|1.615474,N8956|15297|1.548554,0.0116918
N8959|14483|1.615474,N8957|5722|3.760041,0.0108585
N9100|9623|2.801365,N9103|13597|1.006136,0.0100447
N13031|1964|2.547926,N13036|14781|2.59123,0.0131937
N9100|9623|2.801365,N9095|15014|0.566255,0.00848649
N13031|1964|2.547926,N13046|7586|0.27506,0.0139652
N9100|9623|2.801365,N9105|3123|0.415101,0.00926067
N9100|9623|2.801365,N9097|14457|2.272619,0.00694101
N9855|6001|0.173178,N9874|11501|0.244614,0.00849142
N9855|6001|0.173178,N9858|7228|0.829383,0.00616171
N9855|6001|0.173178,N9860|3015|1.032278,0.00849265
N9855|6001|0.173178,N9854|5220|2.64087,0.00461952
N12188|2519|1.158587,N12180|2451|2.75645,0.0139805
N9542|13337|0.791992,N9491|12440|0.015674,0.00927582
N9100|9623|2.801365,N9099|13761|0.672927,0.00693812
N9542|13337|0.791992,N9511|4037|0.11695,0.0116028
N9542|13337|0.791992,N9539|6002|0.511961,0.010039
N9542|13337|0.791992,N9480|5579|1.075498,0.0123791
N9542|13337|0.791992,N9484|8231|2.243047,0.0100308
N9542|13337|0.791992,N9508|3512|0.122202,0.0115965
N9542|13337|0.791992,N9486|1956|0.766508,0.00925929
N9542|13337|0.791992,N9507|10649|0.049628,0.0115945
N9542|13337|0.791992,N9554|2448|2.434905,0.0116207
N9542|13337|0.791992,N9549|15218|1.855956,0.0084864
N9100|9623|2.801365,N9102|7580|0.64718,0.0108321
N9284|6830|2.68249,N9285|12311|0.666863,0.00539622
N8014|11541|1.407573,N8008|8037|2.076879,0.0132037
N8014|11541|1.407573,N8020|4770|0.329201,0.00462631
N8014|11541|1.407573,N8011|6303|3.222924,0.00461974
N8014|11541|1.407573,N8012|12050|0.024109,0.00153691
N8861|1846|2.103312,N8868|14599|0.735291,0.011622
N12203|9044|0.177156,N12202|4191|6.975798,0.00461946
N12203|9044|0.177156,N12208|10503|0.414377,0.0147388
N11834|9556|5.676201,N11846|8772|2.303198,0.0116206
N11834|9556|5.676201,N11841|6597|2.039268,0.0148113
N11834|9556|5.676201,N11843|9901|0.799723,0.0108457
N12629|3795|2.14042,N12628|13511|7.833137,0.0123835
N11834|9556|5.676201,N11794|15274|0.512393,0.0108203
N11834|9556|5.676201,N11839|7609|1.095137,0.0116114
N11834|9556|5.676201,N11806|8834|2.729095,0.0123983
N11834|9556|5.676201,N11825|13594|0.743221,0.0131689
N11834|9556|5.676201,N11819|4487|0.110916,0.0123903
N11834|9556|5.676201,N11838|8325|3.614666,0.0139528
N11834|9556|5.676201,N11808|11992|1.485664,0.0131753
N11834|9556|5.676201,N11842|13507|2.938431,0.0124097
N11834|9556|5.676201,N11800|14940|1.058674,0.0139791
N11834|9556|5.676201,N11797|9811|2.536506,0.0132018
N11834|9556|5.676201,N11795|11647|0.638361,0.0124248
N11834|9556|5.676201,N11821|8630|1.302247,0.011607
N11834|9556|5.676201,N11832|5076|0.375143,0.011614
N11834|9556|5.676201,N11818|14577|0.522973,0.0116071
N11834|9556|5.676201,N11845|7795|0.316845,0.00850194
N11834|9556|5.676201,N11822|13844|1.50106,0.0139532
N11834|9556|5.676201,N11833|10670|4.114445,0.0124146
N11834|9556|5.676201,N11829|6136|3.535808,0.0147594
N11834|9556|5.676201,N11820|2273|0.700337,0.0147248
N11834|9556|5.676201,N11826|10781|1.093903,0.0116079
N11834|9556|5.676201,N11835|1559|2.226693,0.013979
N10473|6076|3.435552,N10478|10044|0.490332,0.0131969
N11834|9556|5.676201,N11805|9530|2.079066,0.0116155
N11834|9556|5.676201,N11824|12275|0.381059,0.0123837
N11834|9556|5.676201,N11799|11006|0.930139,0.0124248
N11834|9556|5.676201,N11812|8304|1.873095,0.0123918
N11834|9556|5.676201,N11801|13264|1.168057,0.0131753
N11834|9556|5.676201,N11844|10359|0.208095,0.0108268
N12458|11520|6.254927,N12447|13631|1.752321,0.0139671
N9628|14783|2.282036,N9625|2885|4.130932,0.0131675
N11666|12127|1.023498,N11679|11343|0.672931,0.0139618
N11666|12127|1.023498,N11681|13181|1.679551,0.013175
N9628|14783|2.282036,N9627|11871|0.067785,0.0092698
N11666|12127|1.023498,N11664|11254|0.625896,0.00850219
N11666|12127|1.023498,N11662|14010|1.873188,0.0123993
N11666|12127|1.023498,N11670|2581|1.385504,0.0131676
N10504|14885|0.410614,N10505|8617|0.171908,0.000767368
N10504|14885|0.410614,N10503|8171|1.286944,0.006939
N9031|14288|3.428243,N9005|9621|0.184888,0.0131864
N9031|14288|3.428243,N9018|7028|1.271107,0.0124259
N9031|14288|3.428243,N9020|4424|0.845904,0.0132389
N9031|14288|3.428243,N9026|1384|1.778624,0.0100845
N7722|13535|0.473686,N7724|5018|2.132801,0.0132
N12271|3995|5.85903,N12274|1564|2.603046,0.0115966
N12271|3995|5.85903,N12268|5064|2.239905,0.0116008
N7722|13535|0.473686,N7723|10507|2.937403,0.00693889
N10304|10827|0.144852,N10314|1679|0.052918,0.0131778
N10304|10827|0.144852,N10299|10444|2.378877,0.0147204
N10304|10827|0.144852,N10315|6133|1.421078,0.0139773
N7722|13535|0.473686,N7726|9736|0.783632,0.0108239
N11537|9896|5.27525,N11536|8711|0.193032,0.00771165
N7722|13535|0.473686,N7719|3155|0.90712,0.00461618
N13071|4238|1.966479,N13070|7113|5.886608,0.00616073
N13071|4238|1.966479,N13086|15084|0.571855,0.0123972
N10789|3871|1.71406,N10793|6741|1.456684,0.0147885
N13071|4238|1.966479,N13023|9255|2.431417,0.0139524
N13071|4238|1.966479,N13087|2366|3.091692,0.0108329
N10789|3871|1.71406,N10807|4417|0.540167,0.0116151
N10789|3871|1.71406,N10784|4079|2.694594,0.013184
N10789|3871|1.71406,N10790|8624|1.814839,0.00153462
N10789|3871|1.71406,N10804|6679|0.385732,0.0139934
N9688|5711|1.910705,N9684|6273|0.64384,0.00771982
N10789|3871|1.71406,N10785|4042|0.013032,0.00849989
N9688|5711|1.910705,N9685|7705|1.114641,0.00539834
N10789|3871|1.71406,N10801|4309|1.346652,0.00927424
N10789|3871|1.71406,N10787|13443|0.332417,0.00616943
N7814|5279|0.380088,N7832|9416|0.759916,0.00848237
N7814|5279|0.380088,N7813|11090|0.345574,0.00926431
N10789|3871|1.71406,N10792|4678|0.278792,0.0116197
N10789|3871|1.71406,N10791|5095|0.101859,0.00230467
N10789|3871|1.71406,N10799|8691|1.813873,0.0131896
N10789|3871|1.71406,N10800|12324|1.582389,0.014742
N10789|3871|1.71406,N10783|8417|1.969961,0.010833
N7814|5279|0.380088,N7823|5888|2.112182,0.0116152
N7814|5279|0.380088,N7825|10194|4.905259,0.00927548
N10789|3871|1.71406,N10806|8085|0.809489,0.0124012
N10789|3871|1.71406,N10794|4196|1.198788,0.0123974
N10789|3871|1.71406,N10795|7247|1.411132,0.0131838
N9079|12702|0.242011,N9070|12994|1.368415,0.0116071
N9079|12702|0.242011,N9066|8542|2.20717,0.01165
N10789|3871|1.71406,N10802|5614|0.119248,0.0116069
N10789|3871|1.71406,N10782|9588|4.038503,0.012396
N9079|12702|0.242011,N9059|3952|0.117079,0.012426
N10789|3871|1.71406,N10803|14417|0.009516,0.0116213
N10789|3871|1.71406,N10786|7868|1.275439,0.00307296
N9079|12702|0.242011,N9090|5865|0.111667,0.0100586
N9079|12702|0.242011,N9069|8647|2.490183,0.011608
N9079|12702|0.242011,N9075|13959|2.641422,0.0123904
N10789|3871|1.71406,N10796|4868|0.355894,0.0116214
N9079|12702|0.242011,N9074|12197|2.750243,0.0131612
N8633|11580|3.375185,N8638|9451|1.335632,0.0116042
N8360|11856|2.550031,N8362|1898|0.341441,0.0124076
N8633|11580|3.375185,N8626|14444|1.955912,0.0131746
N8633|11580|3.375185,N8631|15319|0.241047,0.0100564
N8633|11580|3.375185,N8630|6814|3.871625,0.0139693
N8633|11580|3.375185,N8629|9916|0.938927,0.0100495
N8633|11580|3.375185,N8625|3854|0.755222,0.0085009
N8633|11580|3.375185,N8636|1431|0.717095,0.0123847
N12840|8247|1.106403,N12834|6657|0.028154,0.00616629
N8633|11580|3.375185,N8641|4497|0.145991,0.0147474
N12840|8247|1.106403,N12842|5983|3.233808,0.00771322
N8633|11580|3.375185,N8634|14308|1.351042,0.0023029
N8633|11580|3.375185,N8651|13162|0.581821,0.0131713
N12840|8247|1.106403,N12838|7539|1.101225,0.00850086
N12840|8247|1.106403,N12812|2089|1.926513,0.0116069
N8633|11580|3.375185,N8635|7231|0.13617,0.0108202
N8948|7351|0.152822,N8942|9028|0.173101,0.0069453
N8948|7351|0.152822,N8943|13221|3.526765,0.0139859
N8633|11580|3.375185,N8637|14919|0.32506,0.011614
N8948|7351|0.152822,N8957|5722|3.760041,0.0147572
N8633|11580|3.375185,N8627|6340|1.679732,0.0108311
N8633|11580|3.375185,N8639|7321|1.594604,0.0108247
N12757|10477|0.075416,N12750|8342|0.943226,0.00694755
N12757|10477|0.075416,N12800|3339|0.55552,0.0139841
N12322|6249|0.030627,N12320|10589|2.367503,0.0132113
N12757|10477|0.075416,N12801|7832|1.540443,0.0139731
N12322|6249|0.030627,N12336|6471|2.511308,0.0108501
N12757|10477|0.075416,N12796|8593|0.43714,0.0124056
N12757|10477|0.075416,N12784|3331|0.692063,0.0131673
N12322|6249|0.030627,N12324|4762|9.019832,0.0139539
N12757|10477|0.075416,N12761|7081|2.292789,0.0108313
N12757|10477|0.075416,N12792|4718|1.104993,0.0116174
N12322|6249|0.030627,N12321|4751|6.8713,0.0140002
N12757|10477|0.075416,N12758|8468|1.311158,0.00461395
N12757|10477|0.075416,N12759|12675|0.102362,0.00694528
N12757|10477|0.075416,N12770|5861|0.616059,0.012417
N12757|10477|0.075416,N12751|14883|0.545789,0.00850204
N12757|10477|0.075416,N12756|2309|1.276595,0.00076673
N12757|10477|0.075416,N12718|13208|0.414143,0.0147397
N12757|10477|0.075416,N12755|12020|0.149553,0
N12757|10477|0.075416,N12803|2064|0.265817,0.0116251
N12757|10477|0.075416,N12720|1572|0.182671,0.0147565
N12757|10477|0.075416,N12804|2693|0.587741,0.0123835
N12757|10477|0.075416,N12795|4574|2.553366,0.0124168
N12757|10477|0.075416,N12805|7599|5.251764,0.0108247
N11216|9423|0.027099,N11199|2139|0.525467,0.0139615
N12757|10477|0.075416,N12760|3800|0.656399,0.0108247
N12757|10477|0.075416,N12769|13527|0.825958,0.0116174
N12757|10477|0.075416,N12754|12915|1.230618,0.00384652
N12757|10477|0.075416,N12802|8143|0.716222,0.0131946
N12757|10477|0.075416,N12797|2791|0.77827,0.0108419
N12757|10477|0.075416,N12747|10085|0.02083,0.0077237
N12757|10477|0.075416,N12765|5223|0.290977,0.012399
N12757|10477|0.075416,N12763|9214|0.250753,0.00616728
N12757|10477|0.075416,N12776|9882|1.663565,0.0147391
N12757|10477|0.075416,N12791|3432|1.382532,0.0147723
N12757|10477|0.075416,N12794|1915|0.264954,0.0116249
N12757|10477|0.075416,N12787|13723|4.490103,0.0139856
N12757|10477|0.075416,N12748|6117|1.604552,0.0108265
N12757|10477|0.075416,N12735|13411|1.300204,0.0108246
N12757|10477|0.075416,N12782|13348|2.56449,0.0131623
N12757|10477|0.075416,N12762|13412|1.090735,0.0108201
N12627|9775|1.022169,N12626|14506|0.320709,0.00385011
N9487|5128|0.140553,N9531|13427|0.792391,0.0147393
N9487|5128|0.140553,N9497|14447|3.469354,0.0123792
N9487|5128|0.140553,N9506|6295|0.279085,0.00770934
N10136|6253|0.845949,N10139|5635|0.470954,0.00616175
N9487|5128|0.140553,N9485|2254|0.457235,0.0124063
N9487|5128|0.140553,N9526|4386|4.722378,0.0131717
N10136|6253|0.845949,N10135|3888|1.954201,0.00538492
N9487|5128|0.140553,N9498|7215|0.598502,0.00770587
N9487|5128|0.140553,N9488|3943|3.651396,0.00927026
N9487|5128|0.140553,N9499|11947|3.526181,0.0108076
N9487|5128|0.140553,N9493|8379|0.638868,0.00538502
N9487|5128|0.140553,N9504|4699|0.169281,0.0100358
N9487|5128|0.140553,N9553|9058|1.067382,0.0123777
N9487|5128|0.140553,N9481|6058|1.683084,0.0131746
N9487|5128|0.140553,N9490|3199|3.288106,0.00770683
N9487|5128|0.140553,N9533|4010|0.908495,0.0147389
N9487|5128|0.140553,N9510|12778|1.414192,0.0139431
N9487|5128|0.140553,N9525|10317|1.701035,0.010042
N9487|5128|0.140553,N9482|2701|0.778378,0.0116258
N9487|5128|0.140553,N9492|8720|1.571976,0.00615992
N9487|5128|0.140553,N9502|12775|0.091182,0.00692948
N9487|5128|0.140553,N9495|7893|0.163381,0.00770388
N9487|5128|0.140553,N9552|6778|1.175407,0.0123835
N9487|5128|0.140553,N9513|10514|1.389128,0.0147141
N9487|5128|0.140553,N9500|2227|1.218307,0.0084873
N9487|5128|0.140553,N9501|12957|4.881441,0.0131626
N9487|5128|0.140553,N9503|4006|0.215152,0.00926029
N9487|5128|0.140553,N9555|11655|0.457878,0.0123777
N9487|5128|0.140553,N9557|3452|1.915897,0.013941
N9487|5128|0.140553,N9542|13337|0.791992,0.0115946
N9487|5128|0.140553,N9491|12440|0.015674,0.00384145
N9487|5128|0.140553,N9511|4037|0.11695,0.00770684
N9487|5128|0.140553,N9484|8231|2.243047,0.0108262
N9487|5128|0.140553,N9508|3512|0.122202,0.0084782
N9487|5128|0.140553,N9486|1956|0.766508,0.0116408
N9487|5128|0.140553,N9507|10649|0.049628,0.00770934
N9842|4063|0.304267,N9839|6268|1.81341,0.0069462
N10208|13155|1.073619,N10198|2995|0.99406,0.00927585
N10208|13155|1.073619,N10201|9651|0.207264,0.00771821
N9879|4595|5.543983,N9874|11501|0.244614,0.0116008
N10208|13155|1.073619,N10205|9265|4.839806,0.0131945
N9879|4595|5.543983,N9858|7228|0.829383,0.0123914
N10208|13155|1.073619,N10199|9067|2.041819,0.0108425
N10208|13155|1.073619,N10200|13655|9.445277,0.0131974
N9879|4595|5.543983,N9860|3015|1.032278,0.0147505
N11297|9919|1.01418,N11295|8972|0.955216,0.00307484
N11297|9919|1.01418,N11294|5556|0.119875,0.00230291
N11297|9919|1.01418,N11289|6772|3.546387,0.0131749
N11297|9919|1.01418,N11287|1604|0.798294,0.00927872
N10208|13155|1.073619,N10202|10267|0.04449,0.00849317
N10208|13155|1.073619,N10253|13358|0.566741,0.0147398
N10208|13155|1.073619,N10206|7264|0.209338,0.00694569
N10208|13155|1.073619,N10207|15177|1.031946,0.0100576
N12608|14060|1.436867,N12621|1623|1.449089,0.0131684
N8623|12267|0.077572,N8620|5340|1.858164,0.0139515
N8640|10919|1.326289,N8627|6340|1.679732,0.0147474
N8640|10919|1.326289,N8639|7321|1.594604,0.0147578
N11397|12633|1.136891,N11398|1232|1.681972,0.00307486
N11397|12633|1.136891,N11399|10356|2.340022,0.00926736
N11704|4938|0.136408,N11714|12412|4.098774,0.0147583
N11704|4938|0.136408,N11711|5342|0.529197,0.0131763
N12572|7169|0.173595,N12577|3266|1.65453,0.00771995
N12572|7169|0.173595,N12604|13785|0.97067,0.0147402
N9374|14933|0.113524,N9376|3820|4.286804,0.0115932
N12572|7169|0.173595,N12556|12239|0.061929,0.011608
N12572|7169|0.173595,N12547|6940|0.836952,0.0123912
N9374|14933|0.113524,N9358|15303|1.043357,0.0123994
N12572|7169|0.173595,N12575|5439|6.205919,0.0147584
N12572|7169|0.173595,N12591|8487|2.116312,0.0131716
N9374|14933|0.113524,N9363|2727|3.279489,0.0147394
N12572|7169|0.173595,N12597|12730|0.443169,0.0139593
N12572|7169|0.173595,N12581|2924|1.449166,0.0123836
N12572|7169|0.173595,N12551|7510|0.251933,0.0116142
N12572|7169|0.173595,N12584|7383|0.524904,0.0123901
N12572|7169|0.173595,N12566|9121|0.08259,0.0131949
N12572|7169|0.173595,N12564|8090|2.029125,0.0147334
N12572|7169|0.173595,N12563|8865|1.422802,0.0131624
N12572|7169|0.173595,N12555|4208|2.598968,0.0139383
N12572|7169|0.173595,N12571|8941|1.241029,0.0123942
N12572|7169|0.173595,N12553|5590|1.684612,0.0147332
N11689|6186|3.572742,N11686|13919|0.584485,0.0092755
N12572|7169|0.173595,N12550|8083|0.027918,0.0116142
N12572|7169|0.173595,N12588|14367|1.187912,0.0116043
N11352|6705|2.913347,N11355|14316|5.248091,0.0139307
N12572|7169|0.173595,N12554|10454|0.637343,0.0116127
N12572|7169|0.173595,N12569|10700|0.180908,0.0139612
N12572|7169|0.173595,N12574|12439|0.14536,0.00927609
N11659|11475|0.22597,N11627|2784|1.292767,0.0147227
N11659|11475|0.22597,N11652|13577|0.062974,0.013175
N11659|11475|0.22597,N11650|9708|2.204662,0.0116071
N11659|11475|0.22597,N11641|1649|2.549367,0.0108324
N11659|11475|0.22597,N11639|9445|1.410352,0.0131786
N9093|4904|4.408737,N9090|5865|0.111667,0.0116231
N11659|11475|0.22597,N11647|1581|0.844933,0.0124138
N11659|11475|0.22597,N11651|13624|1.651375,0.0139859
N9426|2312|2.112556,N9417|14062|0.337818,0.0100608
N9426|2312|2.112556,N9425|10731|0.354384,0.0116398
N9426|2312|2.112556,N9399|10757|3.06532,0.0131839
N9426|2312|2.112556,N9404|11969|0.138192,0.013161
N9426|2312|2.112556,N9410|13851|2.199643,0.0147585
N11659|11475|0.22597,N11657|12112|1.802905,0.0116043
N9753|11007|1.439481,N9749|4008|1.232941,0.012396
N11659|11475|0.22597,N11643|10735|0.125534,0.00927755
N11659|11475|0.22597,N11637|13977|0.394042,0.0147259
N9753|11007|1.439481,N9756|14594|0.546742,0.00615822
N11659|11475|0.22597,N11644|8422|0.74399,0.00927755
N11659|11475|0.22597,N11655|12860|0.463801,0.0131925
N11659|11475|0.22597,N11653|13779|1.337948,0.0116297
N11137|13604|0.261169,N11148|2051|2.162953,0.0147456
N11137|13604|0.261169,N11132|7813|3.265957,0.00539066
N11659|11475|0.22597,N11649|15386|1.430713,0.0131676
N11659|11475|0.22597,N11645|4531|0.087086,0.00849657
N11137|13604|0.261169,N11134|12224|0.192977,0
N11659|11475|0.22597,N11635|7975|0.702985,0.0139434
N11659|11475|0.22597,N11660|13089|0.382191,0
N11137|13604|0.261169,N11108|5884|0.77288,0.0139673
N11659|11475|0.22597,N11646|7298|2.906628,0.0108315
N11659|11475|0.22597,N11648|14770|4.004292,0.0147788
N10822|5059|2.618164,N10820|1891|1.058399,0.0147526
N8339|5753|1.622711,N8337|7193|4.469422,0.0084929
N8339|5753|1.622711,N8331|13917|0.106613,0.00926975
N11207|3728|2.442995,N11201|1400|1.39606,0.0100503
N11207|3728|2.442995,N11211|3669|2.156246,0.0131748
N11829|6136|3.535808,N11820|2273|0.700337,0.0139469
N11207|3728|2.442995,N11205|12735|0.493271,0.00384784
N11829|6136|3.535808,N11826|10781|1.093903,0.0108314
N11829|6136|3.535808,N11824|12275|0.381059,0.0116113
N11829|6136|3.535808,N11799|11006|0.930139,0.0147793
N11207|3728|2.442995,N11206|4715|3.061944,0.00461764
N11207|3728|2.442995,N11196|2056|0.95491,0.0131676
N11207|3728|2.442995,N11210|5343|1.815671,0.012406
N11829|6136|3.535808,N11844|10359|0.208095,0.0147585
N11363|15066|0.637353,N11371|5903|1.512719,0.00771844
N11363|15066|0.637353,N11373|7146|0.687377,0.00771155
N11363|15066|0.637353,N11366|6591|5.541124,0.0108204
N11363|15066|0.637353,N11358|3722|2.637675,0.010053
N11207|3728|2.442995,N11204|14459|1.246016,0.0116127
N11207|3728|2.442995,N11203|11166|2.317383,0.0147333
N11363|15066|0.637353,N11375|8477|0.703535,0.00849048
N11363|15066|0.637353,N11384|2281|1.186815,0.00693377
N11363|15066|0.637353,N11361|9367|0.658486,0.00230291
N7780|11268|5.5285,N7779|11337|5.795378,0.0147492
N11207|3728|2.442995,N11209|11513|2.376764,0.00771991
N7780|11268|5.5285,N7781|2797|2.301592,0.0132106
N11207|3728|2.442995,N11197|8504|2.111817,0.0147249
N11207|3728|2.442995,N11208|2122|2.080393,0.00539529
N7780|11268|5.5285,N7778|3705|0.300916,0.0123988
N11207|3728|2.442995,N11199|2139|0.525467,0.0108322
N7779|11337|5.795378,N7781|2797|2.301592,0.0124029
N7779|11337|5.795378,N7778|3705|0.300916,0.0116068
N7335|11053|0.25511,N7339|11789|0.963465,0.0100517
N7335|11053|0.25511,N7352|7772|0.679227,0.0131975
N11371|5903|1.512719,N11373|7146|0.687377,0.00307696
N11371|5903|1.512719,N11366|6591|5.541124,0.00771338
N11371|5903|1.512719,N11358|3722|2.637675,0.0116319
N11371|5903|1.512719,N11375|8477|0.703535,0.00695549
N11371|5903|1.512719,N11384|2281|1.186815,0.00694684
N7335|11053|0.25511,N7333|14081|0.114831,0.00693339
N11371|5903|1.512719,N11361|9367|0.658486,0.00850109
N7335|11053|0.25511,N7344|13885|2.911292,0.0108587
N7335|11053|0.25511,N7343|6288|0.018884,0.0123839
N8648|9583|0.937579,N8639|7321|1.594604,0.0147578
N8084|15213|0.362241,N8077|7225|1.930592,0.0123794
N7335|11053|0.25511,N7334|2761|0.788392,0.00848251
N8084|15213|0.362241,N8092|9654|0.063226,0.00848058
N7335|11053|0.25511,N7341|6592|1.010284,0.0123999
N7335|11053|0.25511,N7340|10804|0.142584,0.0100584
N7335|11053|0.25511,N7337|10852|0.521503,0.00461402
N10794|4196|1.198788,N10795|7247|1.411132,0.00384393
N10794|4196|1.198788,N10802|5614|0.119248,0.00693604
N7335|11053|0.25511,N7342|14618|1.066006,0.00927451
N10794|4196|1.198788,N10803|14417|0.009516,0.00694606
N10794|4196|1.198788,N10786|7868|1.275439,0.0123835
N10794|4196|1.198788,N10796|4868|0.355894,0.00540684
N8141|2638|0.6468,N8140|4636|1.062877,0.00384656
N8141|2638|0.6468,N8126|11528|0.612712,0.0139616
N8141|2638|0.6468,N8157|9949|0.963445,0.00849632
N8141|2638|0.6468,N8134|8674|2.04371,0.0108249
N8141|2638|0.6468,N8152|8326|0.287102,0.00772851
N8141|2638|0.6468,N8160|1869|0.101705,0.00926661
N8141|2638|0.6468,N8135|9281|0.296473,0.0100443
N8141|2638|0.6468,N8164|13913|2.676586,0.00851254
N8141|2638|0.6468,N8143|6918|0.428745,0.0100723
N8141|2638|0.6468,N8144|9528|3.592328,0.0100701
N7803|3227|0.236022,N7801|12937|0.554222,0.0132001
N8141|2638|0.6468,N8166|3733|1.199072,0.010073
N8141|2638|0.6468,N8116|12088|0.208523,0.0139432
N9239|14615|0.547723,N9238|5520|1.646299,0.0116008
N8141|2638|0.6468,N8146|6310|1.682245,0.0108334
N8141|2638|0.6468,N8167|9413|2.896965,0.00928419
N9239|14615|0.547723,N9241|8223|0.166378,0.0123849
N8141|2638|0.6468,N8147|6853|1.322031,0.0092986
N8141|2638|0.6468,N8137|12331|1.746135,0.0100358
N8141|2638|0.6468,N8136|9622|3.642271,0.0100357
N8141|2638|0.6468,N8168|6876|0.395138,0.00851257
N8141|2638|0.6468,N8145|13936|3.470108,0.0124092
N8141|2638|0.6468,N8161|5815|2.657205,0.00927543
N8141|2638|0.6468,N8133|7958|2.065495,0.013187
N9239|14615|0.547723,N9250|11217|1.363665,0.0147345
N8141|2638|0.6468,N8148|6205|0.019809,0.0108266
N8141|2638|0.6468,N8149|3784|0.221216,0.0100488
N9367|13918|2.215421,N9358|15303|1.043357,0.0116328
N9367|13918|2.215421,N9342|14450|0.850897,0.0139671
N8141|2638|0.6468,N8139|6836|1.288953,0.0100728
N8141|2638|0.6468,N8170|12462|1.287377,0.00693901
N9367|13918|2.215421,N9361|6873|1.129772,0.0147629
N8141|2638|0.6468,N8142|5696|3.433193,0.0100845
N8141|2638|0.6468,N8155|8047|3.74703,0.0124256
N8141|2638|0.6468,N8154|11693|1.349062,0.0085125
N8141|2638|0.6468,N8159|14322|1.114167,0.00771992
N8141|2638|0.6468,N8169|2006|2.061169,0.013201
N8141|2638|0.6468,N8156|9303|2.047012,0.00849634
N8141|2638|0.6468,N8163|5056|0.324114,0.00618816
N9367|13918|2.215421,N9363|2727|3.279489,0.0139777
N9367|13918|2.215421,N9334|8076|0.202191,0.0139671
N8141|2638|0.6468,N8115|7316|3.675933,0.0147564
N8416|12747|3.721964,N8413|1613|2.180743,0.00539403
N11899|5125|0.206034,N11888|2289|1.048972,0.0139435
N7689|7624|0.70966,N7687|12394|0.665525,0.00928418
N7689|7624|0.70966,N7688|7993|0.312065,0.00694633
N8269|4029|0.03278,N8272|10761|0.822104,0.0131919
N8269|4029|0.03278,N8281|15228|0.040968,0.0139723
N8269|4029|0.03278,N8280|5972|1.604295,0.0147472
N8416|12747|3.721964,N8408|3972|2.608758,0.0108264
N8416|12747|3.721964,N8417|10222|0.841909,0.0147735
N8269|4029|0.03278,N8266|9494|2.242049,0.0147793
N8416|12747|3.721964,N8409|11701|0.396086,0.0100496
N8416|12747|3.721964,N8411|2016|0.523717,0.00462397
N9907|6221|0.798311,N9921|4858|2.028594,0.0139669
N8313|5650|1.256693,N8319|8053|1.905724,0.0100446
N8313|5650|1.256693,N8318|5662|3.543446,0.00927522
N8313|5650|1.256693,N8312|5455|0.779465,0.00616426
N8313|5650|1.256693,N8306|12938|2.523605,0.0147422
N8077|7225|1.930592,N8082|8867|2.053827,0.00771334
N8077|7225|1.930592,N8072|3618|3.874166,0.00693814
N8077|7225|1.930592,N8115|7316|3.675933,0.0131833
N8077|7225|1.930592,N8079|7241|5.15054,0.0131871
N8077|7225|1.930592,N8092|9654|0.063226,0.0100516
N11447|15071|0.379129,N11469|11377|1.277083,0.0131842
N11447|15071|0.379129,N11471|13768|0.711381,0.0116204
N11447|15071|0.379129,N11455|6968|3.156725,0.011608
N11447|15071|0.379129,N11434|2008|6.10435,0.0131714
N11447|15071|0.379129,N11452|2698|0.399768,0.0100516
N11447|15071|0.379129,N11416|9551|0.424175,0.0147591
N11447|15071|0.379129,N11417|2611|2.032126,0.0123903
N9320|14519|1.121199,N9319|13536|14.949637,0.0147908
N9320|14519|1.121199,N9312|11152|6.701101,0.0139857
N9320|14519|1.121199,N9313|12927|2.952578,0.0148313
N9320|14519|1.121199,N9321|8664|0.8956,0.0147678
N9320|14519|1.121199,N9323|2216|0.376204,0.0108248
N9320|14519|1.121199,N9314|12722|3.282221,0.00771795
N9320|14519|1.121199,N9317|2700|0.779916,0.00927466
N9320|14519|1.121199,N9326|7552|0.69364,0.0108385
N7324|9002|2.5191,N7326|9992|4.902172,0.0131746
N7324|9002|2.5191,N7322|7489|0.841989,0.0100542
N8686|3829|3.228244,N8687|12321|2.324755,0.00307172
N8686|3829|3.228244,N8680|4515|3.231541,0.0108178
N8686|3829|3.228244,N8691|3049|1.408434,0.00461514
N9320|14519|1.121199,N9315|14193|0.052861,0.00617305
N9320|14519|1.121199,N9318|10710|0.589619,0
N9320|14519|1.121199,N9325|4983|1.773833,0.0124017
N9320|14519|1.121199,N9324|10213|1.234839,0.0139457
N12101|8940|3.365213,N12112|3911|1.050978,0.0124197
N12101|8940|3.365213,N12096|4098|1.821324,0.00616906
N12101|8940|3.365213,N12100|7949|2.361964,0.010067
N12101|8940|3.365213,N12110|11218|0.923665,0.0116292
N8272|10761|0.822104,N8273|6624|22.202238,0.0123689
N8272|10761|0.822104,N8281|15228|0.040968,0.0100447
N8272|10761|0.822104,N8280|5972|1.604295,0.00927584
N8272|10761|0.822104,N8289|1508|1.847277,0.0123992
N8272|10761|0.822104,N8266|9494|2.242049,0.00927534
N10984|9782|0.397387,N10973|10114|1.49298,0.0108282
N9319|13536|14.949637,N9318|10710|0.589619,0.0147908
N10513|15098|0.527678,N10523|11507|0.463124,0.013212
N10513|15098|0.527678,N10517|2220|8.067696,0.00772382
N10513|15098|0.527678,N10537|2793|1.663414,0.0123978
N10513|15098|0.527678,N10540|3723|0.326189,0.00849307
N10513|15098|0.527678,N10514|5041|4.568944,0.0077239
N10513|15098|0.527678,N10522|5802|1.060222,0.0124348
N10513|15098|0.527678,N10533|14026|3.551078,0.0147576
N10513|15098|0.527678,N10516|8786|3.901846,0.0069383
N9266|13703|1.254768,N9263|4414|1.894238,0.00539635
N9266|13703|1.254768,N9264|5275|1.087171,0.00538983
N9266|13703|1.254768,N9273|13046|0.2787,0.0139924
N10513|15098|0.527678,N10539|3755|0.466474,0.00927026
N9266|13703|1.254768,N9272|7257|0.692674,0.0139852
N10513|15098|0.527678,N10532|12282|4.59853,0.0116218
N10513|15098|0.527678,N10536|5868|0.748762,0.00927583
N10513|15098|0.527678,N10542|1999|4.01676,0.01475
N10513|15098|0.527678,N10541|2290|2.197935,0.0116043
N10513|15098|0.527678,N10515|9957|1.828626,0.00693327
N10513|15098|0.527678,N10535|12368|0.523269,0.00694556
N10513|15098|0.527678,N10531|13747|1.12443,0.0147394
N8801|3206|0.419781,N8805|12897|6.12221,0.0132174
N10679|8898|5.355953,N10681|7674|1.179429,0.0147624
N10952|8842|2.528475,N10939|4559|0.840806,0.01399
N10679|8898|5.355953,N10684|4795|2.285325,0.0139649
N10679|8898|5.355953,N10682|12482|0.369964,0.012394
N12765|5223|0.290977,N12763|9214|0.250753,0.013967
N12765|5223|0.290977,N12794|1915|0.264954,0.0147472
N12765|5223|0.290977,N12735|13411|1.300204,0.0139612
N12765|5223|0.290977,N12782|13348|2.56449,0.0147344
N10360|6923|0.176567,N10357|9976|4.925285,0.0108312
N10360|6923|0.176567,N10358|5973|0.042606,0.00771981
N10360|6923|0.176567,N10351|7840|0.356005,0.0124241
N10360|6923|0.176567,N10356|6441|3.090701,0.00928635
N8487|11714|0.291764,N8464|6997|0.845618,0.0100582
N10360|6923|0.176567,N10354|6560|1.686909,0.00850206
N10795|7247|1.411132,N10802|5614|0.119248,0.00771984
N10795|7247|1.411132,N10803|14417|0.009516,0.00772351
N10795|7247|1.411132,N10786|7868|1.275439,0.0131764
N10360|6923|0.176567,N10350|11191|0.820068,0.0100581
N10360|6923|0.176567,N10359|3528|0.718846,0.001535
N10795|7247|1.411132,N10796|4868|0.355894,0.00617479
N10452|9184|0.524044,N10458|6483|1.010701,0.00927033
N10360|6923|0.176567,N10362|6018|3.823563,0.00693372
N10360|6923|0.176567,N10361|6407|0.442998,0.00538984
N10452|9184|0.524044,N10459|13491|0.273509,0.0077239
N12180|2451|2.75645,N12182|11643|2.273953,0.0123844
N7551|6559|0.176527,N7519|6406|1.156999,0.0131842
N12180|2451|2.75645,N12208|10503|0.414377,0.0147327
N7551|6559|0.176527,N7552|7170|0.592517,0.0069479
N7551|6559|0.176527,N7523|6854|0.116439,0.0147479
N7551|6559|0.176527,N7534|5987|0.306367,0.0131842
N7551|6559|0.176527,N7541|6674|0.832864,0.0139526
N13086|15084|0.571855,N13087|2366|3.091692,0.0108445
N7551|6559|0.176527,N7546|4592|0.931722,0.0147401
N7551|6559|0.176527,N7517|11346|0.636323,0.0139528
N7551|6559|0.176527,N7528|1998|1.594102,0.0124015
N7551|6559|0.176527,N7526|14207|0.370422,0.0108314
N7551|6559|0.176527,N7550|5584|0.066803,0.014772
N7551|6559|0.176527,N7543|1554|2.449295,0.0147401
N7551|6559|0.176527,N7557|4950|4.0615,0.0147563
N7603|12566|1.558334,N7623|1912|0.329254,0.0116139
N7551|6559|0.176527,N7556|6176|0.951097,0.0100443
N7551|6559|0.176527,N7555|11252|0.72638,0.00848658
N7551|6559|0.176527,N7514|9617|2.501809,0.0147503
N7603|12566|1.558334,N7608|2641|2.682375,0.0124077
N7603|12566|1.558334,N7618|8594|1.069863,0.00771998
N7603|12566|1.558334,N7616|10188|1.521941,0.00771995
N7603|12566|1.558334,N7620|13891|0.667006,0.00850113
N7551|6559|0.176527,N7545|8538|0.438066,0.0147456
N12406|13475|1.0959,N12422|12209|1.051939,0.0116208
N12406|13475|1.0959,N12425|2070|1.092144,0.0147565
N7551|6559|0.176527,N7558|4154|4.477561,0.0139644
N7904|2068|4.0107,N7891|10432|1.803548,0.0147578
N12406|13475|1.0959,N12426|14918|1.027767,0.0123859
N12406|13475|1.0959,N12424|10163|0.680695,0.00927383
N12774|2384|1.243451,N12776|9882|1.663565,0.00538984
N7904|2068|4.0107,N7906|1966|2.669053,0.0131953
N7904|2068|4.0107,N7903|7046|0.315072,0.00694615
N7904|2068|4.0107,N7908|9183|1.010926,0.0116254
N7904|2068|4.0107,N7905|2277|0.003783,0.0108398
N11943|13571|0.293141,N11947|8372|0.072972,0.012381
N11943|13571|0.293141,N11942|13263|1.774592,0.00307623
N7904|2068|4.0107,N7907|15038|2.363248,0.0139799
N12062|10982|1.689488,N12091|4328|0.976929,0.0147886
N12062|10982|1.689488,N12049|6519|2.771871,0.0108353
N8248|6635|0.044079,N8246|1919|1.403531,0.0139542
N9070|12994|1.368415,N9066|8542|2.20717,0.01084
N9070|12994|1.368415,N9073|8685|2.253138,0.0148081
N9070|12994|1.368415,N9076|5982|3.03622,0.0139467
N9070|12994|1.368415,N9059|3952|0.117079,0.0116154
N9070|12994|1.368415,N9090|5865|0.111667,0.00927852
N8248|6635|0.044079,N8247|4614|6.364072,0.0123901
N9070|12994|1.368415,N9069|8647|2.490183,0.00307173
N9070|12994|1.368415,N9075|13959|2.641422,0.0116404
N9070|12994|1.368415,N9058|3054|0.871612,0.01474
N8248|6635|0.044079,N8245|14469|2.162018,0.0139889
N9070|12994|1.368415,N9074|12197|2.750243,0.0124024
N8672|2210|0.469018,N8673|13767|0.155844,0.00694612
N8672|2210|0.469018,N8675|12520|4.641865,0.0124132
N8672|2210|0.469018,N8637|14919|0.32506,0.0147473
N8248|6635|0.044079,N8249|8431|0.561774,0.0139607
N8672|2210|0.469018,N8678|10511|0.772648,0.0108397
N8248|6635|0.044079,N8252|2035|0.385452,0.0147574
N8672|2210|0.469018,N8639|7321|1.594604,0.0139671
N12432|11765|4.38801,N12447|13631|1.752321,0.0108444
N12432|11765|4.38801,N12441|15258|0.530176,0.0147899
N12432|11765|4.38801,N12430|11924|0.617032,0.0108586
N8248|6635|0.044079,N8259|6237|1.846607,0.0147494
N8248|6635|0.044079,N8251|4438|0.010981,0.0147574
N8248|6635|0.044079,N8258|12545|0.209232,0.0139524
N12957|3908|1.355432,N12956|11123|9.085021,0.00773942
N12392|11985|4.436528,N12391|7250|0.533801,0.013943
N12392|11985|4.436528,N12393|6350|0.37277,0.0108085
N9210|10732|1.319301,N9198|11049|0.361415,0.0139924
N9210|10732|1.319301,N9202|10171|0.551825,0.0131941
N9417|14062|0.337818,N9425|10731|0.354384,0.0046235
N9417|14062|0.337818,N9358|15303|1.043357,0.0131952
N9417|14062|0.337818,N9399|10757|3.06532,0.0108505
N9417|14062|0.337818,N9404|11969|0.138192,0.00848652
N12102|10961|3.06598,N12104|13551|1.648967,0.00850066
N9417|14062|0.337818,N9410|13851|2.199643,0.0108464
N12102|10961|3.06598,N12099|11460|2.302482,0.0147572
N12102|10961|3.06598,N12098|13700|0.200803,0.0061694
N9491|12440|0.015674,N9511|4037|0.11695,0.00538675
N9491|12440|0.015674,N9539|6002|0.511961,0.0132111
N9491|12440|0.015674,N9480|5579|1.075498,0.0139937
N9491|12440|0.015674,N9484|8231|2.243047,0.0100609
N9491|12440|0.015674,N9508|3512|0.122202,0.00615671
N9491|12440|0.015674,N9486|1956|0.766508,0.0108833
N12102|10961|3.06598,N12095|6280|0.840689,0.0077234
N9491|12440|0.015674,N9507|10649|0.049628,0.00538592
N9491|12440|0.015674,N9549|15218|1.855956,0.0132111
N12102|10961|3.06598,N12101|8940|3.365213,0.00928231
N12102|10961|3.06598,N12112|3911|1.050978,0.0139941
N12102|10961|3.06598,N12096|4098|1.821324,0.00772365
N12102|10961|3.06598,N12100|7949|2.361964,0.0116345
N10651|6107|1.702862,N10639|11664|3.280885,0.0147258
N12102|10961|3.06598,N12110|11218|0.923665,0.0132007
N11044|14366|0.299427,N11045|2257|0.110873,0.00849152
N11295|8972|0.955216,N11294|5556|0.119875,0.00230291
N11295|8972|0.955216,N11289|6772|3.546387,0.0131749
N11295|8972|0.955216,N11287|1604|0.798294,0.00927872
N11044|14366|0.299427,N11030|8366|1.296654,0.0123916
N11044|14366|0.299427,N11032|11728|1.517569,0.0123964
N11044|14366|0.299427,N11028|3659|0.948469,0.00926069
N11044|14366|0.299427,N11039|7995|1.695681,0.0123779
N11044|14366|0.299427,N11040|6855|0.068299,0.0123838
N10061|3384|0.179959,N10087|7836|0.189476,0.0124135
N10061|3384|0.179959,N10110|10994|0.926104,0.0132193
N10061|3384|0.179959,N10076|15281|0.628564,0.010068
N10061|3384|0.179959,N10067|11032|3.668257,0.0108592
N10061|3384|0.179959,N10081|3877|1.475931,0.0108388
N11044|14366|0.299427,N11037|10427|1.344395,0.0147252
N10061|3384|0.179959,N10057|13681|0.686815,0.0100699
N11044|14366|0.299427,N11038|3655|2.842513,0.0147315
N11888|2289|1.048972,N11892|11963|0.741992,0.0084927
N11888|2289|1.048972,N11890|9921|2.525315,0.00772747
N11044|14366|0.299427,N11036|4167|1.631939,0.0139397
N11044|14366|0.299427,N11043|12889|1.207492,0
N7712|14567|5.434348,N7700|13769|0.192904,0.0147506
N7712|14567|5.434348,N7709|11706|0.15315,0.0108265
N7712|14567|5.434348,N7714|3550|0.106017,0.00538677
N11044|14366|0.299427,N11041|10839|3.014523,0.0147456
N7712|14567|5.434348,N7713|13298|0.510114,0.0053901
N11044|14366|0.299427,N11031|10429|0.063655,0.0108334
N11044|14366|0.299427,N11034|10822|0.322623,0.0147258
N7873|10728|1.019469,N7872|13995|0.504711,0.00538992
N7873|10728|1.019469,N7864|5611|0.028517,0.0139344
N8179|5845|2.87042,N8178|6829|5.024306,0.0124098
N8179|5845|2.87042,N8174|6184|1.425553,0.0147454
N7873|10728|1.019469,N7863|9259|0.12999,0.0139344
N8179|5845|2.87042,N8203|11050|0.018259,0.0132163
N9139|11794|1.064317,N9133|10512|0.63993,0.010035
N11679|11343|0.672931,N11681|13181|1.679551,0.00230281
N7873|10728|1.019469,N7871|11142|0.905978,0.00461619
N11679|11343|0.672931,N11664|11254|0.625896,0.0131787
N11679|11343|0.672931,N11662|14010|1.873188,0.0123778
N11679|11343|0.672931,N11670|2581|1.385504,0.0147202
N11679|11343|0.672931,N11682|5969|0.745534,0.00770627
N11679|11343|0.672931,N11676|10604|3.072656,0.013218
N7873|10728|1.019469,N7867|6195|1.334354,0.0139344
N11679|11343|0.672931,N11677|8271|1.234584,0.0132017
N7873|10728|1.019469,N7870|14214|6.590519,0.0100582
N11681|13181|1.679551,N11664|11254|0.625896,0.0123918
N11681|13181|1.679551,N11662|14010|1.873188,0.0115966
N11681|13181|1.679551,N11670|2581|1.385504,0.0139379
N11681|13181|1.679551,N11682|5969|0.745534,0.00693236
N11681|13181|1.679551,N11676|10604|3.072656,0.0124246
N11681|13181|1.679551,N11677|8271|1.234584,0.01241
N8139|6836|1.288953,N8170|12462|1.287377,0.0108333
N8139|6836|1.288953,N8154|11693|1.349062,0.0124256
N8139|6836|1.288953,N8159|14322|1.114167,0.0116141
N8139|6836|1.288953,N8156|9303|2.047012,0.0124016
N8139|6836|1.288953,N8163|5056|0.324114,0.0108588
N10755|9910|0.092655,N10747|6612|0.988886,0.0123915
N9332|12098|1.613069,N9342|14450|0.850897,0.00616731
N9332|12098|1.613069,N9334|8076|0.202191,0.00461512
N10863|11717|0.110071,N10865|4434|0.263375,0.00461956
N10863|11717|0.110071,N10861|5057|0.720329,0.00772796
N11308|12473|2.88453,N11307|1845|2.500069,0.010824
N10314|1679|0.052918,N10317|11010|1.250049,0.0100652
N10314|1679|0.052918,N10320|2151|2.016699,0.0108351
N9047|6005|2.793257,N9042|4508|0.255122,0.0100574
N10314|1679|0.052918,N10329|13495|2.243571,0.0100448
N9047|6005|2.793257,N9046|2477|1.51501,0.00384394
N10314|1679|0.052918,N10327|6676|3.397759,0.0131995
N10314|1679|0.052918,N10299|10444|2.378877,0.00770626
N10314|1679|0.052918,N10315|6133|1.421078,0.00694771
N12112|3911|1.050978,N12096|4098|1.821324,0.0108644
N12112|3911|1.050978,N12100|7949|2.361964,0.014808
N9047|6005|2.793257,N9044|5166|2.117901,0.00927544
N12112|3911|1.050978,N12110|11218|0.923665,0.0038423
N9047|6005|2.793257,N9036|15289|0.836622,0.0131748
N9047|6005|2.793257,N9045|13243|0.113371,0.0100565
N9047|6005|2.793257,N9041|13663|0.42431,0.013961
N9047|6005|2.793257,N9037|3151|0.565871,0.0147506
N9047|6005|2.793257,N9049|10265|3.185581,0.00850088
N9047|6005|2.793257,N9048|5200|0.926094,0.0108445
N12935|8245|0.75658,N12938|6210|0.131432,0.0100605
N12935|8245|0.75658,N12944|4268|0.462966,0.0124241
N12935|8245|0.75658,N12937|9390|3.710691,0.00849987
N12728|5554|6.285011,N12725|9526|0.558869,0.00538861
N12728|5554|6.285011,N12724|12029|0.10223,0.00848449
N8408|3972|2.608758,N8409|11701|0.396086,0.00850085
N12728|5554|6.285011,N12721|12292|1.084163,0.00848229
N8408|3972|2.608758,N8411|2016|0.523717,0.0108322
N12396|15125|0.104996,N12554|10454|0.637343,0.0147342
N12728|5554|6.285011,N12730|12949|0.061493,0.00538496
N12728|5554|6.285011,N12729|3913|4.208075,0.00849167
N12728|5554|6.285011,N12723|13100|2.761022,0.00925912
N12728|5554|6.285011,N12718|13208|0.414143,0.0131675
N12728|5554|6.285011,N12720|1572|0.182671,0.01318
N8281|15228|0.040968,N8280|5972|1.604295,0.0115966
N8281|15228|0.040968,N8289|1508|1.847277,0.0147504
N8281|15228|0.040968,N8266|9494|2.242049,0.0131839
N12728|5554|6.285011,N12726|1522|2.240839,0.00848011
N11026|6723|1.273592,N11021|5953|0.679736,0.00615826
N11026|6723|1.273592,N11018|11103|0.202635,0.00538489
N11026|6723|1.273592,N11027|6079|0.714309,0.003073
N11026|6723|1.273592,N11015|2416|1.746828,0.007711
N11026|6723|1.273592,N11010|4955|0.212537,0.00615987
N13011|2084|1.65746,N13023|9255|2.431417,0.0139653
N9198|11049|0.361415,N9202|10171|0.551825,0.0023029
N9198|11049|0.361415,N9201|6587|1.404855,0.00385395
N9198|11049|0.361415,N9203|8072|2.247232,0.00849295
N10838|8147|1.139579,N10835|1635|1.232712,0.0124132
N10838|8147|1.139579,N10834|12219|2.173906,0.0116253
N7415|1901|3.579801,N7386|8862|0.082069,0.0139645
N7415|1901|3.579801,N7413|6277|0.482095,0.0140146
N7415|1901|3.579801,N7422|2608|0.40176,0.014841
N7415|1901|3.579801,N7420|7626|1.375856,0.00693613
N7415|1901|3.579801,N7414|14847|0.09114,0.0148128
N7415|1901|3.579801,N7385|13875|0.016875,0.0139645
N7415|1901|3.579801,N7410|14816|0.502302,0.0140145
N7415|1901|3.579801,N7408|10835|0.386487,0.0147896
N7415|1901|3.579801,N7417|6681|1.424463,0.00617783
N7739|13418|0.005701,N7743|9731|0.299603,0.0108322
N7415|1901|3.579801,N7383|14512|0.16135,0.0147562
N7415|1901|3.579801,N7423|1585|0.671532,0.0148414
N9376|3820|4.286804,N9358|15303|1.043357,0.0147397
N7753|12672|0.056726,N7755|1843|0.400244,0.0131734
N7753|12672|0.056726,N7783|3468|0.059187,0.0139779
N7753|12672|0.056726,N7745|13238|0.637536,0.0100565
N7556|6176|0.951097,N7577|3297|0.36233,0.0139726
N7556|6176|0.951097,N7563|12885|4.860477,0.0108401
N7556|6176|0.951097,N7555|11252|0.72638,0.00153499
N7556|6176|0.951097,N7514|9617|2.501809,0.0139528
N7556|6176|0.951097,N7515|11916|1.841037,0.01474
N7753|12672|0.056726,N7754|13241|0.630826,0.00384394
N7753|12672|0.056726,N7756|11607|0.55522,0.0147715
N7753|12672|0.056726,N7751|3880|3.444614,0.0108323
N7753|12672|0.056726,N7763|9827|0.177423,0.0147582
N7556|6176|0.951097,N7549|11692|2.118176,0.0147562
N7556|6176|0.951097,N7558|4154|4.477561,0.00851063
N7753|12672|0.056726,N7750|11450|2.280366,0.00307483
N8764|12685|0.934665,N8760|12347|3.160725,0.00539064
N8764|12685|0.934665,N8761|11781|3.509813,0.0061611
N7753|12672|0.056726,N7785|2154|0.041507,0.0116492
N7753|12672|0.056726,N7777|12890|0.95141,0.0139778
N7753|12672|0.056726,N7749|7183|5.648376,0.00927534
N7753|12672|0.056726,N7794|1492|0.202883,0.0139643
N7753|12672|0.056726,N7789|7892|0.064587,0.0139961
N7753|12672|0.056726,N7781|2797|2.301592,0.013967
N7753|12672|0.056726,N7778|3705|0.300916,0.0147715
N7451|13616|0.92384,N7439|8645|0.933322,0.00926646
N7451|13616|0.92384,N7466|3451|0.070638,0.0147346
N7451|13616|0.92384,N7453|14226|3.199795,0.00538488
N7451|13616|0.92384,N7441|15268|1.890086,0.0108239
N7451|13616|0.92384,N7445|3439|0.825649,0.0030734
N7505|10053|4.144108,N7500|4265|6.319908,0.0131902
N7505|10053|4.144108,N7499|6719|5.70218,0.014746
N12307|14163|0.248636,N12301|10485|0.458503,0.00307339
N12307|14163|0.248636,N12317|12266|0.038061,0.00928385
N12307|14163|0.248636,N12303|8195|0.741826,0.00615819
N12307|14163|0.248636,N12310|7776|3.897331,0.0053906
N12307|14163|0.248636,N12316|11411|0.732884,0.00928385
N12307|14163|0.248636,N12318|11695|0.132527,0.0108333
N12307|14163|0.248636,N12306|3541|6.084288,0.00849994
N12307|14163|0.248636,N12302|5658|0.862584,0.00461757
N11398|1232|1.681972,N11399|10356|2.340022,0.00926661
N12307|14163|0.248636,N12313|14357|0.889664,0.0123873
N12307|14163|0.248636,N12326|10017|0.968429,0.0116137
N12307|14163|0.248636,N12305|3700|0.084977,0.00307296
N8902|10980|0.318318,N8886|14755|1.395277,0.0123918
N8902|10980|0.318318,N8898|14688|0.203747,0.0100708
N12307|14163|0.248636,N12311|3713|2.175775,0.00461963
N12307|14163|0.248636,N12304|2562|0.235725,0.0023029
N12307|14163|0.248636,N12299|10097|11.787224,0.0123901
N7577|3297|0.36233,N7555|11252|0.72638,0.0124015
N12307|14163|0.248636,N12319|7679|1.193238,0.0108239
N12307|14163|0.248636,N12308|5775|1.252486,0.00539628
N12307|14163|0.248636,N12315|15139|2.647388,0.0108397
N7577|3297|0.36233,N7575|14850|4.083783,0.0148317
N12307|14163|0.248636,N12322|6249|0.030627,0.0147619
N9717|6100|7.537105,N9727|2654|0.637465,0.0123774
N9717|6100|7.537105,N9733|11666|0.117101,0.0147249
N12307|14163|0.248636,N12309|10166|0.928832,0.00384521
N9249|15216|6.116879,N9250|11217|1.363665,0.00693933
N8170|12462|1.287377,N8142|5696|3.433193,0.0139784
N8170|12462|1.287377,N8155|8047|3.74703,0.013187
N8170|12462|1.287377,N8154|11693|1.349062,0.00927454
N8170|12462|1.287377,N8159|14322|1.114167,0.0085122
N8170|12462|1.287377,N8169|2006|2.061169,0.00771845
N8170|12462|1.287377,N8156|9303|2.047012,0.00927857
N8170|12462|1.287377,N8163|5056|0.324114,0.00771993
N8170|12462|1.287377,N8115|7316|3.675933,0.0123876
N10483|12438|7.061558,N10487|12981|0.426877,0.0124884
N8775|13510|1.347093,N8776|15361|0.62543,0.00617321
N12703|7544|2.064741,N12696|6059|0.392814,0.00851204
N8775|13510|1.347093,N8777|4142|1.991633,0.00849033
N9772|13322|0.457933,N9784|14679|1.191138,0.0139344
N9772|13322|0.457933,N9769|6354|1.277459,0.00616736
N9772|13322|0.457933,N9780|4463|1.049062,0.0147345
N9066|8542|2.20717,N9073|8685|2.253138,0.0132072
N9066|8542|2.20717,N9076|5982|3.03622,0.0131859
N9066|8542|2.20717,N9059|3952|0.117079,0.0100846
N9066|8542|2.20717,N9090|5865|0.111667,0.00929651
N9066|8542|2.20717,N9069|8647|2.490183,0.0108386
N9066|8542|2.20717,N9075|13959|2.641422,0.011622
N9066|8542|2.20717,N9058|3054|0.871612,0.0132007
N9066|8542|2.20717,N9074|12197|2.750243,0.0123917
N8523|8866|0.187373,N8518|2670|1.539168,0.0139612
N8303|7687|1.23125,N8305|4538|0.002717,0.0123894
N8523|8866|0.187373,N8519|10608|1.037246,0.0139657
N8303|7687|1.23125,N8301|14038|0.096048,0.00230326
N9727|2654|0.637465,N9723|4534|3.162746,0.0108266
N9727|2654|0.637465,N9733|11666|0.117101,0.00849286
N8303|7687|1.23125,N8304|3978|1.603384,0.00230326
N9727|2654|0.637465,N9740|10865|0.999278,0.0100516
N9727|2654|0.637465,N9743|5866|1.262035,0.0116256
N9986|3239|0.136725,N9989|12587|5.539199,0.00927461
N9986|3239|0.136725,N9991|3356|4.003899,0.0123978
N9986|3239|0.136725,N9998|13481|1.227033,0.0123941
N12834|6657|0.028154,N12842|5983|3.233808,0.00772758
N12834|6657|0.028154,N12838|7539|1.101225,0.0100675
N12834|6657|0.028154,N12812|2089|1.926513,0.0100495
N7770|9091|0.91185,N7762|5234|0.684786,0.0139854
N7770|9091|0.91185,N7761|15153|1.102326,0.0116377
N7770|9091|0.91185,N7774|9310|0.070145,0.0124191
N10458|6483|1.010701,N10459|13491|0.273509,0.00772802
N7755|1843|0.400244,N7754|13241|0.630826,0.0139517
N12938|6210|0.131432,N12944|4268|0.462966,0.0132021
N7755|1843|0.400244,N7750|11450|2.280366,0.0131734
N11740|12167|0.065432,N11735|4128|0.027554,0.0147521
N11740|12167|0.065432,N11727|3472|0.293825,0.0147567
N12912|6916|0.539543,N12918|10244|5.925615,0.0139468
N12679|14019|1.181258,N12673|4752|1.088216,0.00693898
N12679|14019|1.181258,N12663|2204|1.369974,0.0131687
N10868|9772|3.961297,N10874|4980|0.715485,0.0131865
N10868|9772|3.961297,N10873|3963|3.378037,0.014756
N12679|14019|1.181258,N12675|3288|2.397704,0.00848655
N10868|9772|3.961297,N10875|5666|2.738127,0.0131857
N12679|14019|1.181258,N12668|15202|0.179902,0.00538677
N12679|14019|1.181258,N12670|10894|2.37048,0.00616176
N12679|14019|1.181258,N12684|5768|0.171538,0.0147429
N10868|9772|3.961297,N10869|5771|0.192808,0.0132001
N12679|14019|1.181258,N12676|14361|6.138787,0.0108197
N12679|14019|1.181258,N12660|6563|0.037792,0.0131764
N8585|6747|4.03225,N8581|6371|0.050036,0.0139939
N8585|6747|4.03225,N8574|1551|0.966694,0.0139457
N8585|6747|4.03225,N8600|9314|0.056536,0.0108196
N10868|9772|3.961297,N10867|13583|0.142304,0.00462044
N10633|14890|0.596214,N10634|13278|4.636117,0.0100568
N10868|9772|3.961297,N10871|10888|0.749198,0.0132166
N10633|14890|0.596214,N10637|10049|1.079549,0.00850434
N7563|12885|4.860477,N7555|11252|0.72638,0.00927751
N10868|9772|3.961297,N10865|4434|0.263375,0.0147504
N7563|12885|4.860477,N7558|4154|4.477561,0.0147738
N11451|1672|2.254781,N11437|7295|1.086414,0.013961
N11451|1672|2.254781,N11441|13197|0.277409,0.0116261
N7762|5234|0.684786,N7761|15153|1.102326,0.00384521
N11451|1672|2.254781,N11474|6745|0.399884,0.0131624
N11451|1672|2.254781,N11450|8696|1.833598,0.00849041
N11451|1672|2.254781,N11464|4774|2.356946,0.0108314
N11451|1672|2.254781,N11442|1536|3.34164,0.0131686
N11451|1672|2.254781,N11456|10863|0.74217,0.0123847
N7762|5234|0.684786,N7774|9310|0.070145,0.00772718
N11451|1672|2.254781,N11418|2052|0.356991,0.0147533
N11451|1672|2.254781,N11457|3440|2.050117,0.00849295
N11451|1672|2.254781,N11461|2877|0.897368,0.0108248
N11451|1672|2.254781,N11462|14660|0.116968,0.0116071
N11451|1672|2.254781,N11459|5137|0.887993,0.0131713
N8096|3095|2.019377,N8097|8850|1.423504,0.00307387
N11451|1672|2.254781,N11436|8642|2.737344,0.0123909
N11451|1672|2.254781,N11465|1674|3.954232,0.0131689
N9511|4037|0.11695,N9484|8231|2.243047,0.0123902
N11451|1672|2.254781,N11476|7720|0.188723,0.0131764
N11451|1672|2.254781,N11466|6960|0.69333,0.012394
N9511|4037|0.11695,N9508|3512|0.122202,0.00538675
N9511|4037|0.11695,N9486|1956|0.766508,0.0132123
N11451|1672|2.254781,N11439|4031|5.949013,0.0100527
N9511|4037|0.11695,N9507|10649|0.049628,0.00461963
N11451|1672|2.254781,N11432|8564|1.106573,0.0147381
N11451|1672|2.254781,N11460|4546|1.523002,0.0124028
N11451|1672|2.254781,N11463|14878|1.463977,0.0131677
N11451|1672|2.254781,N11472|6578|0.483504,0.0131764
N11451|1672|2.254781,N11447|15071|0.379129,0.0116079
N11451|1672|2.254781,N11471|13768|0.711381,0.0139544
N12554|10454|0.637343,N12565|3942|2.216347,0.0124173
N12554|10454|0.637343,N12500|10430|1.273377,0.0116023
N12554|10454|0.637343,N12534|12395|1.442349,0.0108321
N12554|10454|0.637343,N12369|13497|0.468312,0.014756
N12554|10454|0.637343,N12595|11041|1.186994,0.0131781
N11451|1672|2.254781,N11455|6968|3.156725,0.0108198
N12554|10454|0.637343,N12505|6802|1.904995,0.0131744
N12554|10454|0.637343,N12569|10700|0.180908,0.00849291
N12554|10454|0.637343,N12497|5875|0.074333,0.00848494
N11451|1672|2.254781,N11452|2698|0.399768,0.00771163
N12554|10454|0.637343,N12545|9734|2.533836,0.00927432
N12554|10454|0.637343,N12483|3059|1.085798,0.0139524
N11451|1672|2.254781,N11417|2611|2.032126,0.0147679
N12554|10454|0.637343,N12513|6383|0.180784,0.013195
N12554|10454|0.637343,N12480|6588|1.156968,0.0131744
N12554|10454|0.637343,N12574|12439|0.14536,0.00927587
N12554|10454|0.637343,N12517|2545|1.034848,0.0116216
N12554|10454|0.637343,N12529|4469|3.56161,0.0116216
N12554|10454|0.637343,N12528|11921|2.139033,0.0108383
N12554|10454|0.637343,N12476|9967|1.35257,0.0124063
N12554|10454|0.637343,N12523|10368|1.348094,0.0147311
N12554|10454|0.637343,N12461|3483|0.725069,0.0131829
N12554|10454|0.637343,N12344|12378|1.266372,0.014739
N12554|10454|0.637343,N12546|6374|0.291382,0.00771311
N12554|10454|0.637343,N12487|6538|4.703612,0.013967
N12554|10454|0.637343,N12543|10805|3.530949,0.010832
N12554|10454|0.637343,N12424|10163|0.680695,0.0147223
N12650|2980|2.047108,N12648|4276|0.762228,0.00849141
N12650|2980|2.047108,N12547|6940|0.836952,0.0147247
N9989|12587|5.539199,N9991|3356|4.003899,0.0108265
N12650|2980|2.047108,N12636|8812|0.274926,0.0139605
N9989|12587|5.539199,N9998|13481|1.227033,0.0139727
N12650|2980|2.047108,N12647|13618|1.367856,0.00849141
N10586|5873|0.989638,N10591|10257|2.420075,0.00849265
N10586|5873|0.989638,N10594|11499|0.093242,0.00926085
N10586|5873|0.989638,N10595|14754|3.616975,0.0131647
N10586|5873|0.989638,N10596|5106|3.670426,0.0131646
N10586|5873|0.989638,N10583|5548|4.724395,0.010058
N12650|2980|2.047108,N12649|2098|1.034296,0.010074
N11021|5953|0.679736,N11018|11103|0.202635,0.000767364
N12650|2980|2.047108,N12646|13270|0.39972,0.0147861
N11021|5953|0.679736,N11027|6079|0.714309,0.00771219
N11021|5953|0.679736,N11015|2416|1.746828,0.00771327
N11021|5953|0.679736,N11010|4955|0.212537,0.00693614
N8282|11307|0.484542,N8279|2342|1.632515,0.0147311
N9684|6273|0.64384,N9685|7705|1.114641,0.00694101
N8282|11307|0.484542,N8283|9462|2.4115,0.00694068
N8282|11307|0.484542,N8276|7340|0.140385,0.0108195
N8282|11307|0.484542,N8271|14464|0.211769,0.0131779
N8282|11307|0.484542,N8288|9960|1.501892,0.00927367
N8282|11307|0.484542,N8278|12996|0.77561,0.0123791
N8282|11307|0.484542,N8294|7565|3.15105,0.00851228
N8282|11307|0.484542,N8287|3791|6.88409,0.0131746
N8282|11307|0.484542,N8295|11083|0.439892,0.00849998
N8282|11307|0.484542,N8274|11759|1.247002,0.0132006
N8687|12321|2.324755,N8680|4515|3.231541,0.012369
N8687|12321|2.324755,N8691|3049|1.408434,0.00616357
N8282|11307|0.484542,N8286|9640|2.704707,0.0139612
N8282|11307|0.484542,N8292|6296|4.341422,0.0124013
N8282|11307|0.484542,N8272|10761|0.822104,0.0108246
N8282|11307|0.484542,N8281|15228|0.040968,0.0131746
N8282|11307|0.484542,N8280|5972|1.604295,0.0123776
N8282|11307|0.484542,N8289|1508|1.847277,0.0108264
N8282|11307|0.484542,N8266|9494|2.242049,0.0123977
N8282|11307|0.484542,N8285|13409|1.135024,0.0132022
N12400|8398|0.041803,N12404|14686|0.798995,0.00927384
N12400|8398|0.041803,N12402|13482|2.714748,0.0116009
N12400|8398|0.041803,N12391|7250|0.533801,0.0147344
N12400|8398|0.041803,N12398|2543|2.944792,0.0085001
N12400|8398|0.041803,N12397|4028|0.091825,0.00539639
N12400|8398|0.041803,N12405|5497|0.022262,0.0124092
N7795|5061|2.843486,N7781|2797|2.301592,0.00926575
N7795|5061|2.843486,N7778|3705|0.300916,0.0108201
N10936|3645|4.274939,N10937|7754|3.135998,0.00850145
N10936|3645|4.274939,N10939|4559|0.840806,0.00540694
N7483|6020|4.771817,N7489|2699|0.216451,0.0124077
N7483|6020|4.771817,N7487|8500|1.973673,0.0131844
N7483|6020|4.771817,N7480|9412|0.529801,0.0139625
N11385|11164|3.283753,N11384|2281|1.186815,0.0116338
N12337|7132|1.686283,N12333|14732|0.868916,0.00850145
N8022|12003|0.569686,N8030|1826|4.32662,0.0132001
N12337|7132|1.686283,N12340|14760|0.151369,0.00926059
N8022|12003|0.569686,N8020|4770|0.329201,0.0139644
N8022|12003|0.569686,N8011|6303|3.222924,0.0139528
N12337|7132|1.686283,N12329|5949|0.741991,0.0116005
N8022|12003|0.569686,N8012|12050|0.024109,0.013978
N12337|7132|1.686283,N12331|7182|2.15702,0.011609
N12337|7132|1.686283,N12326|10017|0.968429,0.0123962
N12337|7132|1.686283,N12338|2957|0.134938,0.0108195
N12337|7132|1.686283,N12327|2178|4.302167,0.00771922
N12337|7132|1.686283,N12330|6498|0.353492,0.00849149
N12337|7132|1.686283,N12335|5374|3.451776,0.0124253
N12337|7132|1.686283,N12328|14516|2.112601,0.0100483
N12693|7887|0.664224,N12694|6225|2.745483,0.0084925
N12693|7887|0.664224,N12690|14282|1.295333,0.00770383
N12337|7132|1.686283,N12322|6249|0.030627,0.0139522
N12337|7132|1.686283,N12336|6471|2.511308,0.00771149
N12763|9214|0.250753,N12794|1915|0.264954,0.0131674
N12763|9214|0.250753,N12748|6117|1.604552,0.0124103
N12763|9214|0.250753,N12735|13411|1.300204,0.0139558
N12763|9214|0.250753,N12782|13348|2.56449,0.0147315
N12763|9214|0.250753,N12762|13412|1.090735,0.0123857
N12337|7132|1.686283,N12334|12617|5.728524,0.0123976
N11147|13660|1.053636,N11145|2536|2.107073,0.0116072
N11147|13660|1.053636,N11157|8486|3.92E-4,0.0147898
N8353|13525|4.961347,N8362|1898|0.341441,0.0147578
N10202|10267|0.04449,N10251|4593|1.663771,0.0147887
N10202|10267|0.04449,N10253|13358|0.566741,0.0124233
N10202|10267|0.04449,N10206|7264|0.209338,0.00771743
N11147|13660|1.053636,N11149|10964|0.916157,0.00929836
N10202|10267|0.04449,N10207|15177|1.031946,0.0124068
N11147|13660|1.053636,N11141|15381|2.233531,0.0132375
N11147|13660|1.053636,N11151|1794|2.061064,0.00849996
N8008|8037|2.076879,N8020|4770|0.329201,0.0116216
N8008|8037|2.076879,N8011|6303|3.222924,0.0116137
N8008|8037|2.076879,N8012|12050|0.024109,0.0116255
N11147|13660|1.053636,N11143|8334|1.175301,0.00771911
N11147|13660|1.053636,N11140|13489|0.899006,0.0108332
N11147|13660|1.053636,N11150|2180|2.985339,0.0139643
N11259|13651|4.526962,N11256|8782|2.978578,0.0131839
N11147|13660|1.053636,N11148|2051|2.162953,0.00928576
N11147|13660|1.053636,N11144|8436|2.672286,0.0116199
N11018|11103|0.202635,N11027|6079|0.714309,0.00693383
N11018|11103|0.202635,N11015|2416|1.746828,0.00693826
N11018|11103|0.202635,N11010|4955|0.212537,0.00616113
N9710|10698|0.307178,N9709|10650|1.987422,0.00384393
N9710|10698|0.307178,N9747|1844|0.32389,0.0147505
N10317|11010|1.250049,N10320|2151|2.016699,0.0131832
N10317|11010|1.250049,N10299|10444|2.378877,0.0131675
N9710|10698|0.307178,N9722|11084|0.167069,0.0147507
N10317|11010|1.250049,N10315|6133|1.421078,0.00307481
N9710|10698|0.307178,N9742|1593|1.843405,0.0147398
N10591|10257|2.420075,N10594|11499|0.093242,0.00848235
N10591|10257|2.420075,N10595|14754|3.616975,0.0123855
N10591|10257|2.420075,N10596|5106|3.670426,0.0123854
N10591|10257|2.420075,N10583|5548|4.724395,0.00928568
N11373|7146|0.687377,N11366|6591|5.541124,0.00770884
N11373|7146|0.687377,N11358|3722|2.637675,0.011622
N11373|7146|0.687377,N11375|8477|0.703535,0.0069462
N11373|7146|0.687377,N11384|2281|1.186815,0.00693927
N11373|7146|0.687377,N11361|9367|0.658486,0.00849282
N9710|10698|0.307178,N9733|11666|0.117101,0.0147392
N8731|10125|1.25572,N8724|1934|0.376952,0.013183
N9572|15044|0.508102,N9576|3682|0.302481,0.0131878
N9572|15044|0.508102,N9577|1514|0.131079,0.0131878
N9572|15044|0.508102,N9563|10572|0.466155,0.0131688
N7694|4064|2.201154,N7700|13769|0.192904,0.00852334
N9572|15044|0.508102,N9569|14020|1.47538,0.0147429
N7694|4064|2.201154,N7709|11706|0.15315,0.0140317
N7694|4064|2.201154,N7714|3550|0.106017,0.014778
N9572|15044|0.508102,N9595|11314|1.260827,0.0147257
N7555|11252|0.72638,N7514|9617|2.501809,0.0123838
N7555|11252|0.72638,N7515|11916|1.841037,0.0131687
N9572|15044|0.508102,N9564|8190|1.697426,0.0139546
N9572|15044|0.508102,N9579|13228|0.364303,0.014758
N9572|15044|0.508102,N9568|6979|2.778294,0.0131688
N7555|11252|0.72638,N7549|11692|2.118176,0.0131859
N9572|15044|0.508102,N9560|8544|0.447709,0.0123851
N7555|11252|0.72638,N7545|8538|0.438066,0.0139528
N7555|11252|0.72638,N7558|4154|4.477561,0.00695631
N12129|11476|2.879378,N12127|2725|0.772494,0.0139857
N9572|15044|0.508102,N9566|1874|1.386538,0.0139459
N11294|5556|0.119875,N11289|6772|3.546387,0.0123836
N11294|5556|0.119875,N11287|1604|0.798294,0.00849313
N12673|4752|1.088216,N12663|2204|1.369974,0.0108314
N12673|4752|1.088216,N12675|3288|2.397704,0.00771923
N12673|4752|1.088216,N12668|15202|0.179902,0.00153689
N12673|4752|1.088216,N12669|12240|8.33876,0.0123963
N12673|4752|1.088216,N12670|10894|2.37048,0.0023086
N12673|4752|1.088216,N12735|13411|1.300204,0.0123731
N12673|4752|1.088216,N12684|5768|0.171538,0.010845
N12673|4752|1.088216,N12676|14361|6.138787,0.008485
N12673|4752|1.088216,N12660|6563|0.037792,0.0100574
N9263|4414|1.894238,N9264|5275|1.087171,0.00461394
N9263|4414|1.894238,N9273|13046|0.2787,0.0147778
N9263|4414|1.894238,N9272|7257|0.692674,0.0147735
N9219|11851|0.409166,N9217|11202|0.826529,0.00849622
N9219|11851|0.409166,N9218|5627|1.577137,0.0100573
N8673|13767|0.155844,N8675|12520|4.641865,0.0116328
N8673|13767|0.155844,N8637|14919|0.32506,0.0123835
N8673|13767|0.155844,N8678|10511|0.772648,0.0100582
N8673|13767|0.155844,N8639|7321|1.594604,0.011609
N9140|13873|0.78678,N9119|6941|3.923678,0.0147397
N9140|13873|0.78678,N9138|9432|0.011423,0.0100506
N9140|13873|0.78678,N9120|7180|0.461068,0.0147573
N9140|13873|0.78678,N9158|9438|0.616688,0.0147732
N9140|13873|0.78678,N9113|7273|1.274578,0.0116142
N11366|6591|5.541124,N11358|3722|2.637675,0.0147628
N9140|13873|0.78678,N9108|7670|1.052065,0.0139697
N9140|13873|0.78678,N9126|4611|0.442235,0.0100531
N11366|6591|5.541124,N11375|8477|0.703535,0.0100498
N11366|6591|5.541124,N11384|2281|1.186815,0.0100392
N9140|13873|0.78678,N9117|15300|3.458374,0.0123998
N9140|13873|0.78678,N9122|8135|1.866096,0.0139528
N9140|13873|0.78678,N9116|10730|0.445411,0.0108326
N11366|6591|5.541124,N11361|9367|0.658486,0.0116083
N9140|13873|0.78678,N9109|4667|0.075349,0.0131767
N8675|12520|4.641865,N8678|10511|0.772648,0.00771312
N9140|13873|0.78678,N9134|1592|0.274906,0.0061664
N9140|13873|0.78678,N9115|2253|1.392066,0.0100576
N9140|13873|0.78678,N9124|12640|0.657822,0.010053
N9140|13873|0.78678,N9114|12028|0.249049,0.0108387
N9140|13873|0.78678,N9123|7269|4.075191,0.0131769
N9140|13873|0.78678,N9139|11794|1.064317,0.0131693
N8452|11623|1.6017,N8453|3056|0.990996,0.00616116
N8452|11623|1.6017,N8461|4708|0.70719,0.00461966
N9140|13873|0.78678,N9145|12677|0.169826,0.0147479
N9566|1874|1.386538,N9583|9172|0.762913,0.0147538
N9140|13873|0.78678,N9133|10512|0.63993,0.00617336
N9566|1874|1.386538,N9580|11726|1.403425,0.0139907
N10802|5614|0.119248,N10782|9588|4.038503,0.0147404
N10802|5614|0.119248,N10803|14417|0.009516,0.00616427
N10802|5614|0.119248,N10786|7868|1.275439,0.0116043
N10802|5614|0.119248,N10796|4868|0.355894,0.00771978
N8417|10222|0.841909,N8409|11701|0.396086,0.014789
N8417|10222|0.841909,N8402|10039|2.824344,0.0147737
N8417|10222|0.841909,N8399|13119|0.525142,0.0139725
N8417|10222|0.841909,N8411|2016|0.523717,0.0147701
N8417|10222|0.841909,N8403|8341|0.096508,0.0124101
N8417|10222|0.841909,N8418|9465|1.98604,0.00850422
N12776|9882|1.663565,N12775|9720|9.499851,0.0100511
N10003|8179|1.034743,N9994|3985|0.298694,0.0147225
N10003|8179|1.034743,N9979|13090|1.524267,0.0147257
N10003|8179|1.034743,N10007|2209|1.244396,0.0108337
N10003|8179|1.034743,N10008|2048|0.176038,0.00693906
N10003|8179|1.034743,N10005|1981|0.776109,0.00771739
N9364|2834|1.320972,N9358|15303|1.043357,0.0123993
N9364|2834|1.320972,N9363|2727|3.279489,0.0147393
N10937|7754|3.135998,N10939|4559|0.840806,0.00616735
N10003|8179|1.034743,N10004|5892|0.777952,0.00771995
N12577|3266|1.65453,N12485|3996|0.147552,0.0147497
N12577|3266|1.65453,N12604|13785|0.97067,0.0131715
N12577|3266|1.65453,N12490|9625|0.023124,0.0139543
N12577|3266|1.65453,N12556|12239|0.061929,0.0084926
N12577|3266|1.65453,N12547|6940|0.836952,0.00926422
N12577|3266|1.65453,N12568|5490|3.827395,0.0147312
N8786|14179|0.213573,N8783|12045|0.175354,0.0100614
N12577|3266|1.65453,N12466|6767|1.259225,0.0147496
N12577|3266|1.65453,N12533|7974|0.244196,0.0139714
N12577|3266|1.65453,N12575|5439|6.205919,0.0116492
N12577|3266|1.65453,N12591|8487|2.116312,0.0131747
N7623|1912|0.329254,N7624|8697|0.719776,0.0085119
N12577|3266|1.65453,N12597|12730|0.443169,0.0123835
N12577|3266|1.65453,N12581|2924|1.449166,0.0139614
N12577|3266|1.65453,N12551|7510|0.251933,0.00849031
N12577|3266|1.65453,N12584|7383|0.524904,0.0123848
N12577|3266|1.65453,N12566|9121|0.08259,0.0100528
N7623|1912|0.329254,N7618|8594|1.069863,0.0131762
N12577|3266|1.65453,N12498|9476|0.063085,0.013161
N12577|3266|1.65453,N12488|12101|1.121635,0.0147474
N7623|1912|0.329254,N7616|10188|1.521941,0.0131763
N12577|3266|1.65453,N12564|8090|2.029125,0.0116023
N12577|3266|1.65453,N12563|8865|1.422802,0.0116007
N12577|3266|1.65453,N12535|11736|0.394495,0.0147582
N12577|3266|1.65453,N12508|14807|0.41106,0.0147396
N12577|3266|1.65453,N12555|4208|2.598968,0.0108116
N12577|3266|1.65453,N12562|4529|0.61832,0.0139524
N12577|3266|1.65453,N12524|7348|0.12227,0.0147396
N12577|3266|1.65453,N12603|6671|3.050434,0.0147439
N12577|3266|1.65453,N12571|8941|1.241029,0.0108322
N12577|3266|1.65453,N12553|5590|1.684612,0.0116022
N12577|3266|1.65453,N12519|10480|2.16617,0.0147575
N12577|3266|1.65453,N12550|8083|0.027918,0.00849031
N12577|3266|1.65453,N12602|14045|0.864212,0.0147439
N12577|3266|1.65453,N12588|14367|1.187912,0.0116069
N12577|3266|1.65453,N12573|13981|2.727783,0.0123872
N11509|7537|0.30586,N11536|8711|0.193032,0.0124036
N11509|7537|0.30586,N11525|1465|2.743465,0.0116181
N11509|7537|0.30586,N11526|15011|1.043239,0.00771331
N11509|7537|0.30586,N11529|10443|1.930225,0.00926996
N11509|7537|0.30586,N11543|4427|0.832731,0.0139547
N11509|7537|0.30586,N11552|14034|0.499465,0.0108357
N11509|7537|0.30586,N11555|3021|1.953023,0.0131751
N12577|3266|1.65453,N12600|4349|1.436957,0.0147441
N11509|7537|0.30586,N11515|7523|2.271195,0.0116027
N12577|3266|1.65453,N12554|10454|0.637343,0.00848647
N12577|3266|1.65453,N12565|3942|2.216347,0.014757
N12577|3266|1.65453,N12534|12395|1.442349,0.0147497
N12577|3266|1.65453,N12569|10700|0.180908,0.0108247
N12577|3266|1.65453,N12497|5875|0.074333,0.013161
N12577|3266|1.65453,N12545|9734|2.533836,0.013178
N12577|3266|1.65453,N12574|12439|0.14536,0.0061599
N12577|3266|1.65453,N12546|6374|0.291382,0.0131746
N12577|3266|1.65453,N12543|10805|3.530949,0.0147495
N7339|11789|0.963465,N7333|14081|0.114831,0.010061
N7339|11789|0.963465,N7344|13885|2.911292,0.00695551
N7339|11789|0.963465,N7343|6288|0.018884,0.00538842
N7339|11789|0.963465,N7334|2761|0.788392,0.0108447
N9264|5275|1.087171,N9273|13046|0.2787,0.0147671
N9264|5275|1.087171,N9272|7257|0.692674,0.0147575
N7339|11789|0.963465,N7341|6592|1.010284,0.00540232
N7339|11789|0.963465,N7340|10804|0.142584,0.001535
N8109|8483|1.323114,N8108|3688|2.217922,0.011624
N7339|11789|0.963465,N7337|10852|0.521503,0.0100517
N8109|8483|1.323114,N8100|4227|1.318436,0.011607
N9644|7442|2.394774,N9635|5757|0.539996,0.0147703
N7339|11789|0.963465,N7342|14618|1.066006,0.00230453
N12293|10379|2.409423,N12292|13485|3.802085,0.0124024
N11700|6247|1.747934,N11693|10108|1.755544,0.0131875
N7514|9617|2.501809,N7515|11916|1.841037,0.00539651
N11700|6247|1.747934,N11692|14817|1.040448,0.0131875
N11700|6247|1.747934,N11697|12251|0.022806,0.0139617
N11700|6247|1.747934,N11695|10676|1.05039,0.01478
N7515|11916|1.841037,N7545|8538|0.438066,0.0147346
N11700|6247|1.747934,N11702|14744|0.617456,0.0061692
N11700|6247|1.747934,N11699|8260|0.716946,0.0124067
N11700|6247|1.747934,N11696|6974|3.630097,0.011622
N11820|2273|0.700337,N11826|10781|1.093903,0.0108253
N11820|2273|0.700337,N11824|12275|0.381059,0.0115944
N11820|2273|0.700337,N11812|8304|1.873095,0.0147396
N11820|2273|0.700337,N11844|10359|0.208095,0.0139497
N11700|6247|1.747934,N11711|5342|0.529197,0.0147578
N7881|5503|0.713161,N7877|6834|2.985305,0.0092962
N7388|7319|0.192424,N7386|8862|0.082069,0.012398
N7388|7319|0.192424,N7413|6277|0.482095,0.0147716
N12137|7572|4.235254,N12139|3882|0.80361,0.0100563
N12137|7572|4.235254,N12140|2962|4.443683,0.0131778
N7388|7319|0.192424,N7384|8193|0.322294,0.0139696
N7388|7319|0.192424,N7385|13875|0.016875,0.012398
N7388|7319|0.192424,N7410|14816|0.502302,0.0147715
N8217|2681|1.841336,N8216|1836|1.989144,0.0100843
N12565|3942|2.216347,N12569|10700|0.180908,0.00850063
N7388|7319|0.192424,N7383|14512|0.16135,0.0147634
N7388|7319|0.192424,N7390|11676|1.495667,0.00539657
N11358|3722|2.637675,N11375|8477|0.703535,0.0124179
N11358|3722|2.637675,N11384|2281|1.186815,0.0108315
N11358|3722|2.637675,N11361|9367|0.658486,0.0108423
N7388|7319|0.192424,N7387|6738|2.555496,0.00540454
N7388|7319|0.192424,N7391|13342|0.340533,0.00695545
N9145|12677|0.169826,N9133|10512|0.63993,0.0116025
N9145|12677|0.169826,N9154|8775|1.938037,0.0147502
N9145|12677|0.169826,N9147|11226|3.773725,0.00538837
N9145|12677|0.169826,N9144|4756|1.186141,0.0023047
N8280|5972|1.604295,N8289|1508|1.847277,0.0139543
N10958|1433|0.14152,N10960|7475|6.143285,0.00926071
N8280|5972|1.604295,N8266|9494|2.242049,0.012394
N10958|1433|0.14152,N10967|4807|0.979844,0.0147393
N10958|1433|0.14152,N10999|2906|0.173692,0.0148569
N10958|1433|0.14152,N10964|9217|0.46378,0.0132009
N7832|9416|0.759916,N7813|11090|0.345574,0.0131611
N10958|1433|0.14152,N10959|14583|1.798967,0.00153498
N7832|9416|0.759916,N7825|10194|4.905259,0.0131748
N7243|13845|6.779431,N7248|6507|2.903563,0.0131557
N7243|13845|6.779431,N7246|1982|0.640787,0.0131575
N10958|1433|0.14152,N10961|1854|3.770455,0.00461758
N10958|1433|0.14152,N10957|7904|0.350226,0.00773846
N12928|4964|0.725769,N12926|1746|0.022225,0.0116006
N11114|13789|49.417737,N11115|7311|51.741695,0.00384797
N12928|4964|0.725769,N12929|15262|2.182145,0.00850022
N12500|10430|1.273377,N12534|12395|1.442349,0.0139543
N12500|10430|1.273377,N12505|6802|1.904995,0.00770665
N12500|10430|1.273377,N12497|5875|0.074333,0.00461396
N12928|4964|0.725769,N12923|7004|6.511261,0.0131746
N12500|10430|1.273377,N12483|3059|1.085798,0.012391
N12500|10430|1.273377,N12517|2545|1.034848,0.0147475
N12500|10430|1.273377,N12529|4469|3.56161,0.0147475
N12500|10430|1.273377,N12528|11921|2.139033,0.0147497
N12500|10430|1.273377,N12487|6538|4.703612,0.0139614
N12928|4964|0.725769,N12930|8008|1.657687,0.0147472
N12096|4098|1.821324,N12100|7949|2.361964,0.00851284
N12928|4964|0.725769,N12927|4477|1.2477,0.00461514
N12096|4098|1.821324,N12110|11218|0.923665,0.010074
N10400|14302|0.087592,N10407|7948|0.064604,0.011634
N10764|12069|1.113628,N10771|8878|0.498584,0.014763
N10764|12069|1.113628,N10763|14949|2.675365,0.00849317
N12928|4964|0.725769,N12925|11810|0.737225,0.0131555
N8580|13781|1.519399,N8579|8521|11.460711,0.00770586
N8580|13781|1.519399,N8575|6510|3.577405,0.0124236
N8580|13781|1.519399,N8569|6801|0.783191,0.0108332
N8580|13781|1.519399,N8595|10283|0.208368,0.00849622
N8580|13781|1.519399,N8563|12261|0.017251,0.0100405
N8580|13781|1.519399,N8577|8419|1.10732,0.0116151
N8580|13781|1.519399,N8609|14094|1.142652,0.00851062
N8580|13781|1.519399,N8588|12447|1.070126,0.0140134
N8580|13781|1.519399,N8582|11892|0.085459,0.00230859
N8580|13781|1.519399,N8601|11429|2.258708,0.0085106
N8580|13781|1.519399,N8566|8396|2.10113,0.014763
N8580|13781|1.519399,N8611|5692|2.305303,0.0124253
N8580|13781|1.519399,N8571|8832|0.01461,0.0124099
N8580|13781|1.519399,N8591|4533|1.628251,0.00928421
N8580|13781|1.519399,N8572|8563|2.244043,0.0131747
N8580|13781|1.519399,N8583|8725|2.629299,0.0132003
N8580|13781|1.519399,N8596|10492|1.664659,0.0100514
N8580|13781|1.519399,N8599|13315|1.800522,0.01007
N8580|13781|1.519399,N8598|9678|4.893148,0.0131865
N8580|13781|1.519399,N8578|15099|0.090513,0.00848652
N8580|13781|1.519399,N8610|13391|2.668862,0.0108333
N8580|13781|1.519399,N8564|4408|0.742398,0.00928392
N8580|13781|1.519399,N8592|5055|2.510444,0.0108398
N13043|6617|8.289705,N13046|7586|0.27506,0.00849297
N8580|13781|1.519399,N8602|9185|4.229929,0.01241
N8580|13781|1.519399,N8586|2351|0.429267,0.00772361
N8580|13781|1.519399,N8593|14066|6.884081,0.00926977
N8580|13781|1.519399,N8594|10280|0.478187,0.0085009
N8580|13781|1.519399,N8597|3589|2.374505,0.0139671
N8580|13781|1.519399,N8603|14859|1.315696,0.00539633
N8580|13781|1.519399,N8606|11109|4.121354,0.00926421
N8580|13781|1.519399,N8585|6747|4.03225,0.0132003
N8580|13781|1.519399,N8581|6371|0.050036,0.000767362
N8580|13781|1.519399,N8573|5847|3.806004,0.0123913
N8580|13781|1.519399,N8574|1551|0.966694,0.0084927
N8580|13781|1.519399,N8600|9314|0.056536,0.00539632
N8579|8521|11.460711,N8582|11892|0.085459,0.0100357
N9131|9161|4.331721,N9133|10512|0.63993,0.0147583
N8255|8516|4.621123,N8250|9805|2.44573,0.0108383
N8255|8516|4.621123,N8258|12545|0.209232,0.0131748
N8579|8521|11.460711,N8578|15099|0.090513,0.0147141
N8289|1508|1.847277,N8266|9494|2.242049,0.0139797
N8579|8521|11.460711,N8603|14859|1.315696,0.0131569
N8579|8521|11.460711,N8581|6371|0.050036,0.00848026
N8579|8521|11.460711,N8600|9314|0.056536,0.0131569
N8448|8509|0.921513,N8447|8549|5.990736,0.0108314
N9816|4638|0.652743,N9817|7177|0.469023,0.010849
N10217|11469|2.639233,N10215|6231|1.049957,0.0123962
N10782|9588|4.038503,N10803|14417|0.009516,0.0147393
N10782|9588|4.038503,N10786|7868|1.275439,0.0123791
N10782|9588|4.038503,N10796|4868|0.355894,0.0147395
N7352|7772|0.679227,N7333|14081|0.114831,0.0147579
N7352|7772|0.679227,N7354|10999|1.862225,0.00616635
N7352|7772|0.679227,N7350|2743|0.421106,0.0124091
N9827|9083|2.365915,N9819|3524|3.039385,0.0131839
N9827|9083|2.365915,N9822|10407|0.064502,0.0100565
N7352|7772|0.679227,N7334|2761|0.788392,0.0147398
N10594|11499|0.093242,N10595|14754|3.616975,0.00385129
N10594|11499|0.093242,N10596|5106|3.670426,0.00385128
N10594|11499|0.093242,N10583|5548|4.724395,0.0100403
N7352|7772|0.679227,N7349|13916|4.558712,0.011634
N7352|7772|0.679227,N7355|4218|5.849677,0.0147633
N10595|14754|3.616975,N10596|5106|3.670426,0.00153686
N10595|14754|3.616975,N10583|5548|4.724395,0.013965
N7352|7772|0.679227,N7353|10399|1.083388,0.00463689
N7352|7772|0.679227,N7337|10852|0.521503,0.0139618
N10596|5106|3.670426,N10583|5548|4.724395,0.0139649
N7813|11090|0.345574,N7825|10194|4.905259,0.0139696
N12534|12395|1.442349,N12505|6802|1.904995,0.0147312
N12534|12395|1.442349,N12569|10700|0.180908,0.0147623
N12534|12395|1.442349,N12497|5875|0.074333,0.0108202
N12534|12395|1.442349,N12545|9734|2.533836,0.0139692
N12534|12395|1.442349,N12483|3059|1.085798,0.0147392
N12534|12395|1.442349,N12513|6383|0.180784,0.0147673
N12534|12395|1.442349,N12480|6588|1.156968,0.0147396
N12534|12395|1.442349,N12517|2545|1.034848,0.0131939
N12534|12395|1.442349,N12529|4469|3.56161,0.0069407
N12534|12395|1.442349,N12528|11921|2.139033,0.00772738
N12534|12395|1.442349,N12461|3483|0.725069,0.0139499
N12534|12395|1.442349,N12543|10805|3.530949,0.0147621
N12447|13631|1.752321,N12441|15258|0.530176,0.00849148
N12447|13631|1.752321,N12430|11924|0.617032,0.00927006
N12744|8148|4.007419,N12746|9831|0.377094,0.0124413
N11148|2051|2.162953,N11144|8436|2.672286,0.0108317
N9531|13427|0.792391,N9543|7007|0.278912,0.0147222
N9531|13427|0.792391,N9534|3060|2.008222,0.0108247
N11148|2051|2.162953,N11134|12224|0.192977,0.0147456
N9531|13427|0.792391,N9506|6295|0.279085,0.0139614
N9531|13427|0.792391,N9530|1505|2.744602,0.00615822
N11148|2051|2.162953,N11108|5884|0.77288,0.0147509
N9531|13427|0.792391,N9485|2254|0.457235,0.0147405
N9531|13427|0.792391,N9532|5569|1.531155,0.0115966
N9531|13427|0.792391,N9548|7991|5.5698,0.0139475
N9531|13427|0.792391,N9493|8379|0.638868,0.0139927
N9539|6002|0.511961,N9540|4800|2.029471,0.00694607
N9539|6002|0.511961,N9484|8231|2.243047,0.0139498
N9539|6002|0.511961,N9486|1956|0.766508,0.013183
N9531|13427|0.792391,N9553|9058|1.067382,0.0116088
N9531|13427|0.792391,N9481|6058|1.683084,0.0139524
N9531|13427|0.792391,N9538|7781|2.32725,0.0123835
N9531|13427|0.792391,N9533|4010|0.908495,0.0077108
N9531|13427|0.792391,N9525|10317|1.701035,0.0108178
N9539|6002|0.511961,N9549|15218|1.855956,0.0139648
N9531|13427|0.792391,N9482|2701|0.778378,0.0139595
N9531|13427|0.792391,N9492|8720|1.571976,0.0147885
N9531|13427|0.792391,N9495|7893|0.163381,0.0147731
N9531|13427|0.792391,N9552|6778|1.175407,0.0116198
N11536|8711|0.193032,N11526|15011|1.043239,0.0108509
N11536|8711|0.193032,N11529|10443|1.930225,0.01398
N11536|8711|0.193032,N11552|14034|0.499465,0.01398
N9531|13427|0.792391,N9536|5834|0.684354,0.0139557
N9531|13427|0.792391,N9547|8895|1.918115,0.0139499
N9531|13427|0.792391,N9546|9791|1.415917,0.013941
N9531|13427|0.792391,N9555|11655|0.457878,0.0123873
N9531|13427|0.792391,N9541|9315|2.046275,0.0131569
N12369|13497|0.468312,N12368|13329|12.263698,0.00927721
N9531|13427|0.792391,N9557|3452|1.915897,0.0139465
N9531|13427|0.792391,N9542|13337|0.791992,0.00925507
N12369|13497|0.468312,N12373|12163|1.077838,0.00616424
N9531|13427|0.792391,N9491|12440|0.015674,0.0124188
N9531|13427|0.792391,N9511|4037|0.11695,0.0147535
N12369|13497|0.468312,N12346|12410|0.372866,0.0124407
N12369|13497|0.468312,N12354|3530|2.800901,0.0139671
N9531|13427|0.792391,N9539|6002|0.511961,0.0116007
N12369|13497|0.468312,N12344|12378|1.266372,0.0108475
N9531|13427|0.792391,N9484|8231|2.243047,0.0131584
N9531|13427|0.792391,N9508|3512|0.122202,0.0139655
N9531|13427|0.792391,N9486|1956|0.766508,0.0123902
N12369|13497|0.468312,N12358|2665|0.156469,0.0139723
N12368|13329|12.263698,N12367|12480|18.709674,0.0108461
N12368|13329|12.263698,N12373|12163|1.077838,0.0139689
N9531|13427|0.792391,N9507|10649|0.049628,0.0139614
N9531|13427|0.792391,N9549|15218|1.855956,0.0131687
N8026|14333|1.938908,N8025|2541|0.186356,0.00307297
N8026|14333|1.938908,N8029|12483|2.007116,0.012373
N8026|14333|1.938908,N8032|13906|0.570499,0.00848494
N8026|14333|1.938908,N8024|14889|0.747143,0.00616107
N8026|14333|1.938908,N8028|7486|0.293428,0.0100404
N8026|14333|1.938908,N8031|3625|0.869058,0.0116093
N12127|2725|0.772494,N12128|13021|2.173363,0.0046176
N8026|14333|1.938908,N8038|2599|3.592852,0.013943
N8026|14333|1.938908,N8023|7811|2.891869,0.0139731
N8026|14333|1.938908,N8036|14795|5.15202,0.0139524
N8026|14333|1.938908,N8034|11942|0.98519,0.0100411
N8026|14333|1.938908,N8039|4402|0.429196,0.0108167
N12441|15258|0.530176,N12430|11924|0.617032,0.0116069
N8026|14333|1.938908,N8022|12003|0.569686,0.00693056
N8026|14333|1.938908,N8030|1826|4.32662,0.0139636
N8026|14333|1.938908,N8020|4770|0.329201,0.0147316
N8026|14333|1.938908,N8011|6303|3.222924,0.0147224
N8026|14333|1.938908,N8012|12050|0.024109,0.0147426
N11469|11377|1.277083,N11471|13768|0.711381,0.00616436
N11469|11377|1.277083,N11452|2698|0.399768,0.0139712
N11469|11377|1.277083,N11417|2611|2.032126,0.013183
N11649|15386|1.430713,N11645|4531|0.087086,0.00615987
N11649|15386|1.430713,N11660|13089|0.382191,0.0131676
N11649|15386|1.430713,N11646|7298|2.906628,0.0100414
N11649|15386|1.430713,N11648|14770|4.004292,0.0123982
N8373|6621|4.001402,N8374|10238|9.3E-5,0.000767364
N11355|14316|5.248091,N11348|14473|0.632811,0.0116211
N9073|8685|2.253138,N9090|5865|0.111667,0.0132169
N9073|8685|2.253138,N9069|8647|2.490183,0.0148308
N9073|8685|2.253138,N9075|13959|2.641422,0.0108421
N9073|8685|2.253138,N9074|12197|2.750243,0.0116081
N9943|10062|0.053075,N9952|15026|0.034028,0.00849654
N9943|10062|0.053075,N9941|6281|4.105851,0.0131624
N9943|10062|0.053075,N9940|14165|0.033801,0.00772363
N8637|14919|0.32506,N8627|6340|1.679732,0.00926689
N9943|10062|0.053075,N9949|5322|0.968888,0.0131687
N9943|10062|0.053075,N9953|4252|2.085547,0.0108386
N9943|10062|0.053075,N9954|14219|0.429237,0.0108399
N8637|14919|0.32506,N8639|7321|1.594604,0.00230528
N9943|10062|0.053075,N9951|10255|1.515199,0.00927843
N11984|1838|0.195328,N11979|10096|0.769496,0.0100513
N11984|1838|0.195328,N11971|12636|0.690138,0.0139747
N9943|10062|0.053075,N9939|3554|0.826545,0.0100654
N9943|10062|0.053075,N9958|1480|0.111606,0.00694074
N9943|10062|0.053075,N9938|9738|2.775301,0.0131941
N12639|5176|2.615927,N12640|4172|1.084093,0.00617486
N9480|5579|1.075498,N9484|8231|2.243047,0.0131714
N9943|10062|0.053075,N9947|2373|1.334517,0.00385864
N9480|5579|1.075498,N9486|1956|0.766508,0.0124057
N9943|10062|0.053075,N9946|7852|3.859452,0.00771987
N9943|10062|0.053075,N9945|15087|12.524462,0.0100497
N9943|10062|0.053075,N9957|8145|4.00704,0.0100742
N8809|7652|0.05461,N8868|14599|0.735291,0.0147497
N8337|7193|4.469422,N8331|13917|0.106613,0.0100495
N10320|2151|2.016699,N10299|10444|2.378877,0.0139396
N10320|2151|2.016699,N10315|6133|1.421078,0.0100496
N8319|8053|1.905724,N8318|5662|3.543446,0.00693894
N8319|8053|1.905724,N8312|5455|0.779465,0.00850004
N8025|2541|0.186356,N8029|12483|2.007116,0.0108167
N8025|2541|0.186356,N8032|13906|0.570499,0.00693918
N8025|2541|0.186356,N8033|9137|10.873219,0.0139777
N8318|5662|3.543446,N8312|5455|0.779465,0.00773821
N8537|12736|0.793561,N8539|10972|3.907177,0.0116328
N8025|2541|0.186356,N8024|14889|0.747143,0.00461618
N8025|2541|0.186356,N8028|7486|0.293428,0.00849248
N8025|2541|0.186356,N8013|7554|2.307135,0.0139799
N8025|2541|0.186356,N8031|3625|0.869058,0.0100603
N8025|2541|0.186356,N8009|14525|0.152579,0.0139533
N11810|3510|0.371168,N11805|9530|2.079066,0.0116492
N11810|3510|0.371168,N11799|11006|0.930139,0.0124902
N11810|3510|0.371168,N11812|8304|1.873095,0.0139817
N11810|3510|0.371168,N11801|13264|1.168057,0.0132204
N11810|3510|0.371168,N11844|10359|0.208095,0.012411
N11979|10096|0.769496,N11971|12636|0.690138,0.00849641
N8025|2541|0.186356,N8038|2599|3.592852,0.0123856
N8025|2541|0.186356,N8023|7811|2.891869,0.0124032
N11979|10096|0.769496,N12008|3071|0.647892,0.013969
N8025|2541|0.186356,N8036|14795|5.15202,0.0123913
N8025|2541|0.186356,N8034|11942|0.98519,0.00849139
N9465|7044|0.718834,N9476|7780|0.27861,0.00384231
N8025|2541|0.186356,N8039|4402|0.429196,0.00926541
N8025|2541|0.186356,N8014|11541|1.407573,0.0147747
N8025|2541|0.186356,N8022|12003|0.569686,0.00538592
N8025|2541|0.186356,N8030|1826|4.32662,0.01241
N8025|2541|0.186356,N8020|4770|0.329201,0.0131736
N8025|2541|0.186356,N8011|6303|3.222924,0.0131634
N12356|12642|2.926812,N12358|2665|0.156469,0.00539066
N8025|2541|0.186356,N8012|12050|0.024109,0.0131875
N8539|10972|3.907177,N8549|12863|1.403818,0.0147101
N11487|10666|0.327003,N11491|6099|1.205457,0.00927748
N11487|10666|0.327003,N11417|2611|2.032126,0.0131612
N11487|10666|0.327003,N11490|11587|2.807522,0.0139647
N9425|10731|0.354384,N9358|15303|1.043357,0.0147673
N12174|6606|10.59399,N12172|6903|0.887543,0.0147393
N9425|10731|0.354384,N9399|10757|3.06532,0.0124156
N9425|10731|0.354384,N9404|11969|0.138192,0.0084865
N9425|10731|0.354384,N9410|13851|2.199643,0.0124073
N11714|12412|4.098774,N11711|5342|0.529197,0.0092777
N12211|6084|0.906035,N12212|14013|4.760967,0.0108507
N11174|7612|0.80396,N11180|1876|0.387964,0.00770884
N11174|7612|0.80396,N11190|13683|1.914442,0.0131787
N11174|7612|0.80396,N11173|12964|0.86605,0.00153794
N11174|7612|0.80396,N11225|13378|0.022558,0.0116216
N11174|7612|0.80396,N11256|8782|2.978578,0.0147334
N11174|7612|0.80396,N11168|6068|1.640169,0.0124079
N11046|4421|1.078292,N11047|6258|0.08308,0.00307486
N11046|4421|1.078292,N11051|13838|0.533166,0.00850241
N11046|4421|1.078292,N11048|3370|1.599257,0.00307625
N7500|4265|6.319908,N7499|6719|5.70218,0.0139533
N9328|11461|0.306619,N9329|12643|8.797172,0.0147714
N9328|11461|0.306619,N9345|13969|7.396194,0.0100412
N9328|11461|0.306619,N9346|11654|6.65723,0.00848645
N9328|11461|0.306619,N9343|11073|2.399815,0.00772875
N9328|11461|0.306619,N9354|12995|4.075534,0.0131828
N9328|11461|0.306619,N9337|15095|0.733485,0.00771983
N9328|11461|0.306619,N9336|6702|4.063391,0.0147909
N9328|11461|0.306619,N9351|2120|3.029378,0.0123845
N9328|11461|0.306619,N9350|15286|0.742999,0.00772716
N9328|11461|0.306619,N9359|13859|0.138749,0.0139798
N9328|11461|0.306619,N9368|5528|1.847757,0.0131839
N10251|4593|1.663771,N10253|13358|0.566741,0.00230451
N9328|11461|0.306619,N9330|2293|1.827431,0.00926975
N9328|11461|0.306619,N9340|13662|3.058796,0.00616427
N9328|11461|0.306619,N9338|3890|5.260169,0.0147202
N9328|11461|0.306619,N9349|10069|1.964609,0.00850035
N9328|11461|0.306619,N9331|12217|1.148734,0.00538674
N9328|11461|0.306619,N9335|4549|4.258833,0.0116151
N10251|4593|1.663771,N10243|3916|0.411198,0.0132191
N9328|11461|0.306619,N9341|11718|4.206502,0.0108476
N9328|11461|0.306619,N9370|6191|0.044663,0.0108383
N9328|11461|0.306619,N9333|13054|1.645774,0.00693606
N9328|11461|0.306619,N9344|3471|0.361147,0.00539342
N9328|11461|0.306619,N9332|12098|1.613069,0.0092743
N9328|11461|0.306619,N9358|15303|1.043357,0.0147672
N9328|11461|0.306619,N9342|14450|0.850897,0.00462042
N9328|11461|0.306619,N9334|8076|0.202191,0.00462042
N11047|6258|0.08308,N11051|13838|0.533166,0.00694791
N11047|6258|0.08308,N11048|3370|1.599257,0.00153499
N8193|13047|5.158584,N8192|14114|6.92033,0.0100699
N8193|13047|5.158584,N8198|8976|2.567885,0.0139499
N8193|13047|5.158584,N8213|3840|0.621532,0.0139457
N8193|13047|5.158584,N8187|2376|1.130316,0.0123977
N8193|13047|5.158584,N8222|13876|2.129401,0.0139543
N8193|13047|5.158584,N8173|12513|1.810112,0.0123835
N8193|13047|5.158584,N8176|6430|0.414331,0.0116327
N12505|6802|1.904995,N12497|5875|0.074333,0.00616341
N12505|6802|1.904995,N12483|3059|1.085798,0.0139395
N8193|13047|5.158584,N8188|1643|3.838888,0.0100513
N8193|13047|5.158584,N8186|2195|0.728828,0.0116151
N8193|13047|5.158584,N8194|3761|1.134226,0.0116213
N8193|13047|5.158584,N8219|11882|3.212392,0.0147312
N8193|13047|5.158584,N8196|14222|0.462218,0.0147332
N7761|15153|1.102326,N7774|9310|0.070145,0.00540447
N8193|13047|5.158584,N8189|11388|1.488916,0.00771827
N7337|10852|0.521503,N7342|14618|1.066006,0.00927445
N8193|13047|5.158584,N8200|14143|0.460304,0.0108196
N11971|12636|0.690138,N12008|3071|0.647892,0.0131824
N8193|13047|5.158584,N8206|5109|0.82291,0.0140116
N8193|13047|5.158584,N8203|11050|0.018259,0.0116213
N8627|6340|1.679732,N8639|7321|1.594604,0.00848649
N8192|14114|6.92033,N8187|2376|1.130316,0.014763
N8192|14114|6.92033,N8173|12513|1.810112,0.0147455
N8192|14114|6.92033,N8176|6430|0.414331,0.0140118
N8142|5696|3.433193,N8159|14322|1.114167,0.0147583
N8192|14114|6.92033,N8188|1643|3.838888,0.0124098
N8192|14114|6.92033,N8186|2195|0.728828,0.0139804
N8142|5696|3.433193,N8163|5056|0.324114,0.0132383
N8192|14114|6.92033,N8194|3761|1.134226,0.0139935
N11525|1465|2.743465,N11526|15011|1.043239,0.00850234
N11525|1465|2.743465,N11529|10443|1.930225,0.0132035
N11525|1465|2.743465,N11552|14034|0.499465,0.0147853
N8192|14114|6.92033,N8189|11388|1.488916,0.0100699
N8192|14114|6.92033,N8200|14143|0.460304,0.0131746
N8192|14114|6.92033,N8203|11050|0.018259,0.0139934
N12373|12163|1.077838,N12346|12410|0.372866,0.013994
N12373|12163|1.077838,N12344|12378|1.266372,0.0124101
N9005|9621|0.184888,N9018|7028|1.271107,0.0100358
N9005|9621|0.184888,N9020|4424|0.845904,0.0108243
N9005|9621|0.184888,N9026|1384|1.778624,0.0124092
N9005|9621|0.184888,N8997|12760|0.707051,0.00850239
N9005|9621|0.184888,N9023|13272|1.556355,0.0131652
N8697|5329|0.327644,N8698|3792|1.008455,0.00230863
N11667|11266|5.620438,N11665|4465|1.044819,0.0116156
N12016|6389|2.646521,N12021|9357|0.044698,0.00771731
N12016|6389|2.646521,N12013|9857|1.013289,0.0100743
N11667|11266|5.620438,N11661|1883|0.916116,0.0124019
N11471|13768|0.711381,N11452|2698|0.399768,0.0123916
N11471|13768|0.711381,N11416|9551|0.424175,0.0147459
N11471|13768|0.711381,N11417|2611|2.032126,0.0123849
N7291|5461|0.256319,N7287|9602|3.103335,0.00153464
N7291|5461|0.256319,N7288|7639|0.369608,0.0046282
N11667|11266|5.620438,N11666|12127|1.023498,0.0131844
N12021|9357|0.044698,N12013|9857|1.013289,0.00695505
N11667|11266|5.620438,N11664|11254|0.625896,0.0108315
N9484|8231|2.243047,N9508|3512|0.122202,0.0131696
N9484|8231|2.243047,N9486|1956|0.766508,0.00697441
N9484|8231|2.243047,N9507|10649|0.049628,0.01238
N9484|8231|2.243047,N9549|15218|1.855956,0.0139473
N8752|3556|2.420544,N8746|11359|1.571353,0.0147894
N8752|3556|2.420544,N8748|7801|0.988138,0.0139642
N8752|3556|2.420544,N8749|12375|2.284148,0.0116152
N11491|6099|1.205457,N11417|2611|2.032126,0.0131715
N11491|6099|1.205457,N11490|11587|2.807522,0.0124053
N12100|7949|2.361964,N12110|11218|0.923665,0.0132128
N11183|8654|3.544745,N11180|1876|0.387964,0.0100292
N8752|3556|2.420544,N8744|3173|0.097836,0.0116343
N8752|3556|2.420544,N8745|9801|1.55755,0.0132037
N12696|6059|0.392814,N12707|9393|5.140154,0.0124073
N8045|8813|1.774773,N8042|14900|0.883668,0.0115913
N11041|10839|3.014523,N11031|10429|0.063655,0.0116093
N7439|8645|0.933322,N7453|14226|3.199795,0.0100496
N7439|8645|0.933322,N7437|6623|2.839089,0.0108398
N7439|8645|0.933322,N7441|15268|1.890086,0.0124073
N7439|8645|0.933322,N7445|3439|0.825649,0.0077198
N11526|15011|1.043239,N11529|10443|1.930225,0.00928722
N11526|15011|1.043239,N11543|4427|0.832731,0.0139697
N11526|15011|1.043239,N11552|14034|0.499465,0.0108598
N11526|15011|1.043239,N11555|3021|1.953023,0.0132013
N11526|15011|1.043239,N11515|7523|2.271195,0.0132015
N10811|8321|0.053514,N10817|8634|2.238831,0.00848026
N10811|8321|0.053514,N10808|4223|1.309205,0.0108386
N10811|8321|0.053514,N10818|13274|1.510005,0.0147571
N10865|4434|0.263375,N10861|5057|0.720329,0.00771807
N9273|13046|0.2787,N9272|7257|0.692674,0.00461965
N10290|12498|1.530341,N10305|5632|1.383602,0.0108323
N10290|12498|1.530341,N10310|2189|2.163687,0.0100486
N10290|12498|1.530341,N10322|14137|1.531451,0.013967
N10290|12498|1.530341,N10292|13316|0.436738,0.00538989
N10290|12498|1.530341,N10323|6376|0.815691,0.0116008
N10290|12498|1.530341,N10293|1501|5.525746,0.0100449
N10290|12498|1.530341,N10301|14140|0.237663,0.00849037
N11180|1876|0.387964,N11173|12964|0.86605,0.00926714
N10290|12498|1.530341,N10309|9762|0.882892,0.0100611
N10290|12498|1.530341,N10298|7700|1.966895,0.0100411
N10290|12498|1.530341,N10340|4232|1.303956,0.0139721
N10290|12498|1.530341,N10295|1976|0.696104,0.00770664
N11027|6079|0.714309,N11015|2416|1.746828,0.00926082
N11027|6079|0.714309,N11010|4955|0.212537,0.00770678
N10290|12498|1.530341,N10306|5814|2.442278,0.0116214
N9018|7028|1.271107,N9059|3952|0.117079,0.0147568
N10290|12498|1.530341,N10308|7071|0.582151,0.00693607
N9018|7028|1.271107,N9020|4424|0.845904,0.00385151
N9018|7028|1.271107,N9026|1384|1.778624,0.0100704
N9018|7028|1.271107,N9090|5865|0.111667,0.0139647
N10290|12498|1.530341,N10307|14002|0.117948,0.00771974
N9018|7028|1.271107,N8997|12760|0.707051,0.014735
N10290|12498|1.530341,N10313|9230|1.208993,0.0100391
N10290|12498|1.530341,N10339|3305|1.988433,0.0147583
N9018|7028|1.271107,N9023|13272|1.556355,0.00616746
N10290|12498|1.530341,N10326|9873|2.510876,0.0131853
N10290|12498|1.530341,N10325|4335|2.758753,0.0131853
N10290|12498|1.530341,N10316|9769|0.632086,0.0131895
N10290|12498|1.530341,N10331|14268|0.255619,0.0131999
N9241|8223|0.166378,N9250|11217|1.363665,0.01162
N10290|12498|1.530341,N10314|1679|0.052918,0.00849617
N10989|5003|1.95155,N10990|2197|1.135652,0.00772756
N10290|12498|1.530341,N10317|11010|1.250049,0.0139798
N10290|12498|1.530341,N10320|2151|2.016699,0.0147503
N10290|12498|1.530341,N10329|13495|2.243571,0.0123835
N11529|10443|1.930225,N11543|4427|0.832731,0.0139808
N11529|10443|1.930225,N11552|14034|0.499465,0.0124413
N11529|10443|1.930225,N11555|3021|1.953023,0.0147897
N10290|12498|1.530341,N10299|10444|2.378877,0.0115967
N11529|10443|1.930225,N11515|7523|2.271195,0.0147899
N10290|12498|1.530341,N10315|6133|1.421078,0.0108397
N11584|2146|2.577156,N11624|6571|0.228305,0.013965
N11584|2146|2.577156,N11587|4473|0.848148,0.0131834
N11584|2146|2.577156,N11603|11797|1.655793,0.0139861
N11584|2146|2.577156,N11599|10603|1.183727,0.0147746
N11584|2146|2.577156,N11610|4641|2.194546,0.0139787
N11584|2146|2.577156,N11612|7607|5.393571,0.0139949
N8736|3196|1.154293,N8740|8574|0.953211,0.0131675
N11584|2146|2.577156,N11602|1469|0.068194,0.0124139
N11584|2146|2.577156,N11589|3883|4.024833,0.0147594
N11584|2146|2.577156,N11604|14042|0.61391,0.0116094
N11584|2146|2.577156,N11595|5624|0.527232,0.0116348
N12336|6471|2.511308,N12334|12617|5.728524,0.00928307
N11584|2146|2.577156,N11596|10816|0.692399,0.0116348
N11584|2146|2.577156,N11585|1625|3.552302,0.00849652
N11584|2146|2.577156,N11592|6662|0.082858,0.013997
N11584|2146|2.577156,N11606|7388|0.162691,0.0108336
N11543|4427|0.832731,N11552|14034|0.499465,0.0108314
N11543|4427|0.832731,N11555|3021|1.953023,0.0131688
N11584|2146|2.577156,N11613|13304|1.663156,0.0116005
N11584|2146|2.577156,N11611|3842|2.309476,0.0116094
N11584|2146|2.577156,N11600|4625|0.576178,0.0124251
N11584|2146|2.577156,N11593|9226|1.599335,0.0131905
N11584|2146|2.577156,N11586|11857|2.323915,0.014751
N9076|5982|3.03622,N9090|5865|0.111667,0.0131747
N11584|2146|2.577156,N11607|13674|2.220092,0.0131874
N11584|2146|2.577156,N11614|15324|0.132472,0.0116113
N9076|5982|3.03622,N9069|8647|2.490183,0.0131625
N9245|4931|3.724097,N9240|5882|2.813349,0.0131765
N9245|4931|3.724097,N9243|7261|0.499571,0.0123914
N9245|4931|3.724097,N9242|4108|3.081762,0.011611
N9358|15303|1.043357,N9342|14450|0.850897,0.0131952
N9358|15303|1.043357,N9399|10757|3.06532,0.0147908
N9358|15303|1.043357,N9362|8633|2.407497,0.0123977
N9358|15303|1.043357,N9361|6873|1.129772,0.00772366
N9358|15303|1.043357,N9404|11969|0.138192,0.0131747
N9358|15303|1.043357,N9410|13851|2.199643,0.0147893
N9358|15303|1.043357,N9363|2727|3.279489,0.00693895
N9358|15303|1.043357,N9334|8076|0.202191,0.0131952
N9723|4534|3.162746,N9733|11666|0.117101,0.0116071
N9723|4534|3.162746,N9740|10865|0.999278,0.0131749
N9723|4534|3.162746,N9743|5866|1.262035,0.0131831
N12569|10700|0.180908,N12497|5875|0.074333,0.0131674
N12569|10700|0.180908,N12545|9734|2.533836,0.0131838
N12569|10700|0.180908,N12574|12439|0.14536,0.0123799
N12569|10700|0.180908,N12517|2545|1.034848,0.0139797
N12569|10700|0.180908,N12546|6374|0.291382,0.013183
N12569|10700|0.180908,N12543|10805|3.530949,0.0147621
N9245|4931|3.724097,N9248|4375|1.148923,0.00384655
N9245|4931|3.724097,N9241|8223|0.166378,0.0108332
N9245|4931|3.724097,N9250|11217|1.363665,0.01474
N8178|6829|5.024306,N8174|6184|1.425553,0.0147424
N8178|6829|5.024306,N8203|11050|0.018259,0.0132184
N7768|11463|2.348379,N7760|12340|1.820309,0.0131684
N7768|11463|2.348379,N7773|4420|0.302874,0.0116107
N7768|11463|2.348379,N7765|12456|1.235139,0.0108329
N7768|11463|2.348379,N7766|5030|1.575089,0.00927418
N11289|6772|3.546387,N11287|1604|0.798294,0.00538678
N7768|11463|2.348379,N7763|9827|0.177423,0.0100485
N12663|2204|1.369974,N12668|15202|0.179902,0.00927023
N12663|2204|1.369974,N12670|10894|2.37048,0.0100497
N12663|2204|1.369974,N12664|1490|6.209856,0.0123945
N9059|3952|0.117079,N9090|5865|0.111667,0.00694105
N7768|11463|2.348379,N7771|12711|0.814686,0.0147476
N7768|11463|2.348379,N7776|6843|0.069426,0.0131744
N7768|11463|2.348379,N7775|13589|2.24303,0.0147397
N9059|3952|0.117079,N9069|8647|2.490183,0.011614
N9059|3952|0.117079,N9075|13959|2.641422,0.012398
N9059|3952|0.117079,N9058|3054|0.871612,0.00461517
N9059|3952|0.117079,N9074|12197|2.750243,0.0131688
N11132|7813|3.265957,N11134|12224|0.192977,0.00539066
N11784|11902|1.191376,N11777|9609|0.992037,0.00849289
N7768|11463|2.348379,N7762|5234|0.684786,0.0131744
N7768|11463|2.348379,N7761|15153|1.102326,0.0108329
N7768|11463|2.348379,N7774|9310|0.070145,0.0116107
N7659|1712|0.576773,N7656|10953|1.479323,0.00153502
N12791|3432|1.382532,N12794|1915|0.264954,0.0123902
N12422|12209|1.051939,N12425|2070|1.092144,0.0108358
N12422|12209|1.051939,N12426|14918|1.027767,0.0131552
N12422|12209|1.051939,N12424|10163|0.680695,0.00539191
N9632|13351|0.423463,N9635|5757|0.539996,0.0147455
N9632|13351|0.423463,N9630|14564|1.455377,0.00153436
N9632|13351|0.423463,N9631|8649|9.699966,0.0101214
N9632|13351|0.423463,N9633|7951|1.82309,0.00462417
N8230|11367|1.090861,N8200|14143|0.460304,0.014756
N8230|11367|1.090861,N8223|15199|0.150591,0.00850099
N8230|11367|1.090861,N8206|5109|0.82291,0.014866
N8230|11367|1.090861,N8229|12704|0.376581,0.0092755
N8230|11367|1.090861,N8203|11050|0.018259,0.0124422
N10803|14417|0.009516,N10786|7868|1.275439,0.0116069
N10803|14417|0.009516,N10796|4868|0.355894,0.00773814
N8155|8047|3.74703,N8154|11693|1.349062,0.00539642
N8155|8047|3.74703,N8159|14322|1.114167,0.0123996
N8155|8047|3.74703,N8156|9303|2.047012,0.0131843
N8155|8047|3.74703,N8163|5056|0.324114,0.0132172
N8154|11693|1.349062,N8159|14322|1.114167,0.00850191
N8154|11693|1.349062,N8156|9303|2.047012,0.00927554
N8154|11693|1.349062,N8163|5056|0.324114,0.00929648
N10943|14839|0.02439,N10941|12319|0.663995,0.00384396
N10943|14839|0.02439,N10938|7310|0.422031,0.011607
N10943|14839|0.02439,N10933|1640|1.358356,0.0147559
N8030|1826|4.32662,N8020|4770|0.329201,0.0147585
N8030|1826|4.32662,N8011|6303|3.222924,0.0147455
N10943|14839|0.02439,N10953|13733|0.631549,0.0123915
N10943|14839|0.02439,N10942|12337|1.821038,0.00461511
N8030|1826|4.32662,N8012|12050|0.024109,0.0147717
N10943|14839|0.02439,N10948|2336|1.56205,0.0123969
N8518|2670|1.539168,N8519|10608|1.037246,0.00616636
N10943|14839|0.02439,N10932|10182|2.090259,0.0131865
N10943|14839|0.02439,N10944|5950|2.96748,0.0116255
N10943|14839|0.02439,N10950|13305|2.123607,0.0123902
N10943|14839|0.02439,N10934|13815|0.189545,0.0116139
N10943|14839|0.02439,N10952|8842|2.528475,0.0139695
N10943|14839|0.02439,N10936|3645|4.274939,0.0147584
N10943|14839|0.02439,N10939|4559|0.840806,0.0124013
N11321|7131|2.094019,N11326|7505|0.083515,0.0108449
N12694|6225|2.745483,N12690|14282|1.295333,0.0100447
N10466|3770|4.477816,N10446|4176|0.534117,0.0139651
N12497|5875|0.074333,N12545|9734|2.533836,0.0139642
N12497|5875|0.074333,N12483|3059|1.085798,0.00926583
N12497|5875|0.074333,N12513|6383|0.180784,0.013178
N12497|5875|0.074333,N12480|6588|1.156968,0.0131631
N12497|5875|0.074333,N12574|12439|0.14536,0.014718
N12497|5875|0.074333,N12517|2545|1.034848,0.0116069
N12497|5875|0.074333,N12529|4469|3.56161,0.0116069
N12497|5875|0.074333,N12528|11921|2.139033,0.011608
N12497|5875|0.074333,N12461|3483|0.725069,0.012369
N12497|5875|0.074333,N12546|6374|0.291382,0.0139557
N12497|5875|0.074333,N12487|6538|4.703612,0.0100442
N12497|5875|0.074333,N12424|10163|0.680695,0.0139349
N11375|8477|0.703535,N11384|2281|1.186815,0.00771338
N10466|3770|4.477816,N10447|13406|0.157979,0.0131763
N11375|8477|0.703535,N11361|9367|0.658486,0.00927559
N12139|3882|0.80361,N12140|2962|4.443683,0.00616524
N7781|2797|2.301592,N7778|3705|0.300916,0.00538825
N12301|10485|0.458503,N12317|12266|0.038061,0.0108584
N11384|2281|1.186815,N11361|9367|0.658486,0.0077116
N12301|10485|0.458503,N12303|8195|0.741826,0.00771146
N12301|10485|0.458503,N12310|7776|3.897331,0.00694609
N12301|10485|0.458503,N12316|11411|0.732884,0.0108584
N12301|10485|0.458503,N12318|11695|0.132527,0.0124102
N12301|10485|0.458503,N12306|3541|6.084288,0.01007
N12301|10485|0.458503,N12302|5658|0.862584,0.00616425
N9733|11666|0.117101,N9740|10865|0.999278,0.00927016
N9733|11666|0.117101,N9743|5866|1.262035,0.0124075
N12301|10485|0.458503,N12313|14357|0.889664,0.0139641
N12301|10485|0.458503,N12326|10017|0.968429,0.0131837
N12301|10485|0.458503,N12305|3700|0.084977,0.00461965
N9583|9172|0.762913,N9580|11726|1.403425,0.0108323
N12301|10485|0.458503,N12311|3713|2.175775,0.00617512
N12301|10485|0.458503,N12304|2562|0.235725,0.00384521
N12301|10485|0.458503,N12299|10097|11.787224,0.0100631
N12301|10485|0.458503,N12319|7679|1.193238,0.0123963
N12301|10485|0.458503,N12308|5775|1.252486,0.00695623
N12301|10485|0.458503,N12315|15139|2.647388,0.0124131
N9342|14450|0.850897,N9334|8076|0.202191,0.0015369
N12301|10485|0.458503,N12309|10166|0.928832,0.00539627
N11645|4531|0.087086,N11635|7975|0.702985,0.0147333
N11645|4531|0.087086,N11636|3750|0.574522,0.0147316
N11645|4531|0.087086,N11660|13089|0.382191,0.00849657
N11645|4531|0.087086,N11646|7298|2.906628,0.00539073
N11645|4531|0.087086,N11648|14770|4.004292,0.00772876
N10227|6504|1.313302,N10253|13358|0.566741,0.0139805
N11015|2416|1.746828,N11010|4955|0.212537,0.00849309
N11826|10781|1.093903,N11835|1559|2.226693,0.0147575
N11826|10781|1.093903,N11805|9530|2.079066,0.0139839
N11826|10781|1.093903,N11824|12275|0.381059,0.00849117
N11826|10781|1.093903,N11799|11006|0.930139,0.0124066
N11826|10781|1.093903,N11812|8304|1.873095,0.013196
N11826|10781|1.093903,N11801|13264|1.168057,0.0131825
N11826|10781|1.093903,N11844|10359|0.208095,0.011626
N8409|11701|0.396086,N8411|2016|0.523717,0.0100631
N8581|6371|0.050036,N8573|5847|3.806004,0.013178
N8581|6371|0.050036,N8574|1551|0.966694,0.00927435
N8581|6371|0.050036,N8600|9314|0.056536,0.00617519
N9799|4379|4.363789,N9802|4017|0.006262,0.0116074
N9799|4379|4.363789,N9800|3275|1.637768,0.00771348
N9799|4379|4.363789,N9803|3774|0.581018,0.0116074
N9887|14244|0.530702,N9893|5859|2.046382,0.0092643
N9799|4379|4.363789,N9801|13690|0.148092,0.00771348
N8200|14143|0.460304,N8206|5109|0.82291,0.0108442
N11836|8927|1.798477,N11837|1557|3.956819,0.0123985
N8200|14143|0.460304,N8197|3640|2.261794,0.00693329
N8200|14143|0.460304,N8203|11050|0.018259,0.0084904
N11835|1559|2.226693,N11805|9530|2.079066,0.0147924
N11835|1559|2.226693,N11799|11006|0.930139,0.0140348
N11836|8927|1.798477,N11846|8772|2.303198,0.0123972
N11835|1559|2.226693,N11840|5885|0.521166,0.0147405
N11835|1559|2.226693,N11812|8304|1.873095,0.0139817
N11835|1559|2.226693,N11801|13264|1.168057,0.0147731
N11835|1559|2.226693,N11844|10359|0.208095,0.00771876
N11836|8927|1.798477,N11841|6597|2.039268,0.0139955
N11836|8927|1.798477,N11843|9901|0.799723,0.0123973
N11836|8927|1.798477,N11794|15274|0.512393,0.0147352
N12842|5983|3.233808,N12838|7539|1.101225,0.0116235
N11836|8927|1.798477,N11839|7609|1.095137,0.00926597
N12842|5983|3.233808,N12812|2089|1.926513,0.0131764
N11836|8927|1.798477,N11838|8325|3.614666,0.0115961
N11836|8927|1.798477,N11842|13507|2.938431,0.0116097
N11836|8927|1.798477,N11845|7795|0.316845,0.0108245
N8159|14322|1.114167,N8169|2006|2.061169,0.0147705
N8159|14322|1.114167,N8156|9303|2.047012,0.00230453
N8159|14322|1.114167,N8163|5056|0.324114,0.00850504
N11836|8927|1.798477,N11835|1559|2.226693,0.0116217
N11836|8927|1.798477,N11812|8304|1.873095,0.0147464
N11836|8927|1.798477,N11844|10359|0.208095,0.0116028
N7403|12845|1.653957,N7406|12666|2.589913,0.0132009
N12153|2907|1.211284,N12154|6599|2.147591,0.00927495
N11892|11963|0.741992,N11890|9921|2.525315,0.00848662
N11635|7975|0.702985,N11636|3750|0.574522,0.00461518
N12153|2907|1.211284,N12155|3303|0.555083,0.00850069
N11635|7975|0.702985,N11634|11288|0.334484,0.0123861
N11635|7975|0.702985,N11660|13089|0.382191,0.0139434
N11635|7975|0.702985,N11630|1763|1.271438,0.0139532
N12153|2907|1.211284,N12156|2878|2.939164,0.00771957
N7743|9731|0.299603,N7744|5316|4.996405,0.0092899
N12153|2907|1.211284,N12152|9135|0.239371,0.00231083
N8472|4577|0.037671,N8478|13256|0.962904,0.0100612
N8472|4577|0.037671,N8468|11216|0.71844,0.00928671
N10786|7868|1.275439,N10796|4868|0.355894,0.0116069
N8472|4577|0.037671,N8481|6409|1.149436,0.0108248
N8250|9805|2.44573,N8258|12545|0.209232,0.0116142
N8472|4577|0.037671,N8470|5934|3.397941,0.0092757
N8472|4577|0.037671,N8469|11656|0.733795,0.00461775
N8169|2006|2.061169,N8163|5056|0.324114,0.0139963
N8472|4577|0.037671,N8486|8715|1.616419,0.0100448
N8472|4577|0.037671,N8479|14258|4.666982,0.0132318
N8472|4577|0.037671,N8473|12230|1.783264,0.00694076
N8472|4577|0.037671,N8474|13424|0.489979,0.00694613
N9457|6626|0.894829,N9458|9584|0.105922,0.00076673
N8472|4577|0.037671,N8480|13341|0.082904,0.00849148
N8472|4577|0.037671,N8485|1558|3.936767,0.0131676
N8472|4577|0.037671,N8482|6029|0.305383,0.00927021
N8472|4577|0.037671,N8483|13013|1.452695,0.0108203
N8472|4577|0.037671,N8471|4558|4.386056,0.00928418
N8472|4577|0.037671,N8487|11714|0.291764,0.00771319
N8472|4577|0.037671,N8464|6997|0.845618,0.00694074
N10706|11303|1.790605,N10705|3075|2.476916,0.00617363
N8020|4770|0.329201,N8011|6303|3.222924,0.00307383
N8020|4770|0.329201,N8012|12050|0.024109,0.00307625
N10372|3539|0.245136,N10375|10531|5.747938,0.013183
N10372|3539|0.245136,N10369|1996|1.854409,0.00849616
N9874|11501|0.244614,N9866|6159|2.918018,0.0100607
N9874|11501|0.244614,N9858|7228|0.829383,0.00539061
N9874|11501|0.244614,N9860|3015|1.032278,0.00771979
N9874|11501|0.244614,N9854|5220|2.64087,0.0100448
N8413|1613|2.180743,N8408|3972|2.608758,0.0116139
N8413|1613|2.180743,N8409|11701|0.396086,0.010842
N8223|15199|0.150591,N8229|12704|0.376581,0.00384655
N8413|1613|2.180743,N8411|2016|0.523717,0.00230529
N8223|15199|0.150591,N8203|11050|0.018259,0.0147584
N9399|10757|3.06532,N9404|11969|0.138192,0.00926652
N9399|10757|3.06532,N9410|13851|2.199643,0.010858
N11552|14034|0.499465,N11555|3021|1.953023,0.00384624
N11552|14034|0.499465,N11548|11137|5.21459,0.0131749
N8082|8867|2.053827,N8072|3618|3.874166,0.0116008
N8082|8867|2.053827,N8079|7241|5.15054,0.0116203
N8082|8867|2.053827,N8092|9654|0.063226,0.0131687
N10253|13358|0.566741,N10206|7264|0.209338,0.013967
N10143|6541|0.293384,N10138|2567|0.548902,0.0132079
N10143|6541|0.293384,N10164|13306|0.449205,0.0147893
N10253|13358|0.566741,N10243|3916|0.411198,0.0108592
N10143|6541|0.293384,N10169|2065|3.860674,0.014791
N10143|6541|0.293384,N10148|14970|1.835456,0.0140006
N9202|10171|0.551825,N9201|6587|1.404855,0.00461757
N10143|6541|0.293384,N10150|8448|0.63063,0.011649
N9202|10171|0.551825,N9203|8072|2.247232,0.00616624
N10143|6541|0.293384,N10140|13774|1.624122,0.0108506
N10143|6541|0.293384,N10145|8073|2.673846,0.0132087
N10143|6541|0.293384,N10153|2144|0.895476,0.0123978
N10143|6541|0.293384,N10146|10997|1.204118,0.0132033
N10143|6541|0.293384,N10147|10051|1.378086,0.0124192
N10143|6541|0.293384,N10149|11080|0.160309,0.0108594
N10143|6541|0.293384,N10154|13738|0.207181,0.01241
N10143|6541|0.293384,N10152|9351|0.056029,0.0147781
N12425|2070|1.092144,N12424|10163|0.680695,0.00849263
N10143|6541|0.293384,N10158|14329|0.227607,0.0147634
N10143|6541|0.293384,N10160|4433|0.171967,0.0147706
N10329|13495|2.243571,N10327|6676|3.397759,0.00926524
N10329|13495|2.243571,N10328|7748|7.056543,0.0100422
N10143|6541|0.293384,N10136|6253|0.845949,0.0124015
N10329|13495|2.243571,N10299|10444|2.378877,0.0115891
N10329|13495|2.243571,N10315|6133|1.421078,0.0123902
N10143|6541|0.293384,N10139|5635|0.470954,0.0108506
N10143|6541|0.293384,N10135|3888|1.954201,0.0131781
N9508|3512|0.122202,N9486|1956|0.766508,0.0131971
N7989|12110|3.1777,N7986|12813|3.119491,0.0139467
N9508|3512|0.122202,N9507|10649|0.049628,0.00384521
N9315|14193|0.052861,N9318|10710|0.589619,0.00617305
N9315|14193|0.052861,N9325|4983|1.773833,0.0123903
N9315|14193|0.052861,N9324|10213|1.234839,0.0131802
N11455|6968|3.156725,N11452|2698|0.399768,0.00927403
N11031|10429|0.063655,N11029|5280|2.375548,0.0139562
N11031|10429|0.063655,N11034|10822|0.322623,0.0115935
N7209|3424|0.568831,N7213|9538|0.153531,0.00772752
N7700|13769|0.192904,N7703|6455|2.844013,0.0131625
N7700|13769|0.192904,N7709|11706|0.15315,0.0116319
N7700|13769|0.192904,N7714|3550|0.106017,0.0108386
N7700|13769|0.192904,N7713|13298|0.510114,0.0124135
N7868|3342|0.401594,N7864|5611|0.028517,0.001535
N7868|3342|0.401594,N7863|9259|0.12999,0.001535
N9362|8633|2.407497,N9361|6873|1.129772,0.00771324
N7868|3342|0.401594,N7862|7387|0.026433,0.00461206
N9362|8633|2.407497,N9363|2727|3.279489,0.0147398
N10614|9268|6.760054,N10615|14842|0.028206,0.0116217
N7868|3342|0.401594,N7867|6195|1.334354,0.001535
N7868|3342|0.401594,N7865|13699|13.159582,0.0147894
N7489|2699|0.216451,N7487|8500|1.973673,0.00694102
N7868|3342|0.401594,N7869|13154|5.006402,0.0131766
N9486|1956|0.766508,N9507|10649|0.049628,0.0131951
N9486|1956|0.766508,N9549|15218|1.855956,0.0131804
N11364|8169|5.466004,N11365|7096|0.63038,0.0116082
N11364|8169|5.466004,N11363|15066|0.637353,0.0115968
N11364|8169|5.466004,N11361|9367|0.658486,0.012385
N8369|9454|0.782724,N8371|2400|0.622719,0.0131688
N9133|10512|0.63993,N9159|5400|0.497134,0.0131899
N9133|10512|0.63993,N9154|8775|1.938037,0.0139656
N8369|9454|0.782724,N8361|13423|0.310029,0.0108469
N8369|9454|0.782724,N8359|6678|0.09393,0.00928672
N8369|9454|0.782724,N8364|14684|0.429345,0.00772388
N9133|10512|0.63993,N9147|11226|3.773725,0.0147397
N9133|10512|0.63993,N9112|10385|2.194996,0.0139727
N9133|10512|0.63993,N9144|4756|1.186141,0.0139527
N9133|10512|0.63993,N9137|6577|1.01906,0.0123874
N10206|7264|0.209338,N10207|15177|1.031946,0.00461963
N8369|9454|0.782724,N8366|6761|3.821011,0.00539408
N12545|9734|2.533836,N12574|12439|0.14536,0.0147247
N8369|9454|0.782724,N8367|7627|1.553625,0.0061618
N12545|9734|2.533836,N12529|4469|3.56161,0.01477
N8369|9454|0.782724,N8358|2835|0.986928,0.0108468
N12545|9734|2.533836,N12546|6374|0.291382,0.0139804
N12545|9734|2.533836,N12543|10805|3.530949,0.00616104
N12483|3059|1.085798,N12517|2545|1.034848,0.0147503
N8369|9454|0.782724,N8368|3577|1.223714,0.00153499
N8760|12347|3.160725,N8761|11781|3.509813,0.0100566
N8369|9454|0.782724,N8363|7636|0.882553,0.00539533
N8369|9454|0.782724,N8370|11809|3.007444,0.00772912
N8369|9454|0.782724,N8360|11856|2.550031,0.0147679
N8369|9454|0.782724,N8362|1898|0.341441,0.00695514
N7842|1804|1.058058,N7843|1687|0.37952,0.00538833
N7842|1804|1.058058,N7844|2093|0.16838,0.00462791
N8072|3618|3.874166,N8092|9654|0.063226,0.0139527
N7842|1804|1.058058,N7838|7129|0.242089,0.00307689
N7842|1804|1.058058,N7836|13458|6.078908,0.00616943
N9819|3524|3.039385,N9822|10407|0.064502,0.00461758
N7842|1804|1.058058,N7815|11573|0.022539,0.0108238
N7387|6738|2.555496,N7391|13342|0.340533,0.0077285
N11636|3750|0.574522,N11634|11288|0.334484,0.0139532
N7842|1804|1.058058,N7829|7474|0.01916,0.0116213
N7842|1804|1.058058,N7835|11534|2.273651,0.00693886
N8156|9303|2.047012,N8163|5056|0.324114,0.00928274
N7842|1804|1.058058,N7845|3449|1.066443,0.0116041
N7842|1804|1.058058,N7839|11309|7.30164,0.00539059
N9814|2184|0.347172,N9810|11054|3.991748,0.0100634
N7842|1804|1.058058,N7822|9360|0.510657,0.0131895
N7842|1804|1.058058,N7826|10571|1.21748,0.0124232
N7842|1804|1.058058,N7819|13882|1.436249,0.013967
N7842|1804|1.058058,N7814|5279|0.380088,0.0116107
N11634|11288|0.334484,N11630|1763|1.271438,0.0061697
N7842|1804|1.058058,N7833|5742|2.205444,0.0123791
N7842|1804|1.058058,N7834|13992|3.359426,0.0108236
N11434|2008|6.10435,N11452|2698|0.399768,0.0139725
N11190|13683|1.914442,N11173|12964|0.86605,0.0147482
N10560|4175|0.28726,N10554|6501|1.169808,0.00851051
N10560|4175|0.28726,N10535|12368|0.523269,0.0132553
N10560|4175|0.28726,N10558|12714|0.308784,0.00385855
N9020|4424|0.845904,N9026|1384|1.778624,0.0108749
N9020|4424|0.845904,N9090|5865|0.111667,0.0147724
N9020|4424|0.845904,N9023|13272|1.556355,0.00539651
N10505|8617|0.171908,N10503|8171|1.286944,0.00771848
N7470|7144|0.418873,N7465|14436|1.092007,0.0116201
N7470|7144|0.418873,N7466|3451|0.070638,0.00230471
N11735|4128|0.027554,N11731|8864|0.18334,0.00307484
N12230|1707|0.356086,N12229|14358|1.917369,0.00694607
N12346|12410|0.372866,N12354|3530|2.800901,0.0124105
N12230|1707|0.356086,N12228|4219|2.536244,0.00849997
N12346|12410|0.372866,N12344|12378|1.266372,0.0124073
N12346|12410|0.372866,N12358|2665|0.156469,0.0116201
N12346|12410|0.372866,N12350|9203|3.129607,0.0139784
N8840|7206|2.272763,N8834|4471|2.616645,0.0147723
N12230|1707|0.356086,N12231|14902|1.058481,0.00307619
N12230|1707|0.356086,N12227|6097|1.698065,0.00851224
N7635|14144|34.165307,N7634|11194|45.751446,0.0108465
N12230|1707|0.356086,N12233|14714|1.905567,0.0085013
N12230|1707|0.356086,N12232|5012|6.374938,0.0108576
N9866|6159|2.918018,N9858|7228|0.829383,0.0124098
N9866|6159|2.918018,N9860|3015|1.032278,0.0147734
N12733|12303|1.887445,N12732|14936|7.80432,0.0108075
N12733|12303|1.887445,N12735|13411|1.300204,0.0077108
N12732|14936|7.80432,N12735|13411|1.300204,0.013938
N12513|6383|0.180784,N12517|2545|1.034848,0.0140002
N11575|14087|0.699239,N11577|8822|2.670043,0.0124075
N11575|14087|0.699239,N11573|1867|3.053341,0.00230604
N11575|14087|0.699239,N11569|6248|0.24562,0.013188
N9630|14564|1.455377,N9631|8649|9.699966,0.0116707
N9630|14564|1.455377,N9633|7951|1.82309,0.00616666
N10087|7836|0.189476,N10076|15281|0.628564,0.0100609
N10087|7836|0.189476,N10081|3877|1.475931,0.0108445
N11575|14087|0.699239,N11571|14920|0.603058,0.0139611
N9749|4008|1.232941,N9756|14594|0.546742,0.0116217
N12986|8658|4.09695,N12984|4889|4.234202,0.0147706
N12986|8658|4.09695,N12997|12399|1.005863,0.0108351
N12986|8658|4.09695,N12977|12673|1.17305,0.00771322
N12675|3288|2.397704,N12668|15202|0.179902,0.00616148
N12675|3288|2.397704,N12670|10894|2.37048,0.00693923
N12675|3288|2.397704,N12684|5768|0.171538,0.0139519
N12675|3288|2.397704,N12676|14361|6.138787,0.0100487
N12675|3288|2.397704,N12660|6563|0.037792,0.0139527
N11079|7055|0.791885,N11083|13343|1.817434,0.00848659
N11079|7055|0.791885,N11077|9491|0.19632,0.00617527
N12415|14255|3.33958,N12424|10163|0.680695,0.0131715
N7703|6455|2.844013,N7709|11706|0.15315,0.0123814
N7703|6455|2.844013,N7714|3550|0.106017,0.0116028
N7703|6455|2.844013,N7713|13298|0.510114,0.0131558
N8429|1831|1.117919,N8442|2939|2.318219,0.01474
N8429|1831|1.117919,N8431|13879|2.928435,0.0100835
N8429|1831|1.117919,N8434|5210|1.5043,0.0139801
N9026|1384|1.778624,N9023|13272|1.556355,0.0132173
N8429|1831|1.117919,N8430|9294|1.423986,0.0124406
N8429|1831|1.117919,N8428|12400|1.45475,0.00694096
N10407|7948|0.064604,N10405|4694|0.287947,0.00538485
N8942|9028|0.173101,N8943|13221|3.526765,0.010061
N8429|1831|1.117919,N8427|2620|2.793239,0.00849034
N8942|9028|0.173101,N8957|5722|3.760041,0.0123978
N8429|1831|1.117919,N8433|11853|0.993182,0.00929606
N8429|1831|1.117919,N8423|4571|0.442459,0.0100514
N8429|1831|1.117919,N8425|12091|4.347088,0.0069453
N9858|7228|0.829383,N9860|3015|1.032278,0.00230451
N9858|7228|0.829383,N9854|5220|2.64087,0.00771796
N8429|1831|1.117919,N8435|13784|0.320534,0.0139903
N8429|1831|1.117919,N8424|9554|1.692868,0.00771978
N8429|1831|1.117919,N8444|2159|1.045095,0.0139527
N8429|1831|1.117919,N8422|6992|3.41521,0.0147475
N8429|1831|1.117919,N8421|4691|2.121792,0.0147398
N8573|5847|3.806004,N8574|1551|0.966694,0.00849147
N8573|5847|3.806004,N8600|9314|0.056536,0.011604
N11805|9530|2.079066,N11824|12275|0.381059,0.0139696
N11805|9530|2.079066,N11799|11006|0.930139,0.0101016
N7704|5423|1.09176,N7707|12751|1.371253,0.00616427
N11805|9530|2.079066,N11812|8304|1.873095,0.013196
N11805|9530|2.079066,N11801|13264|1.168057,0.00927481
N11805|9530|2.079066,N11844|10359|0.208095,0.0116261
N7704|5423|1.09176,N7708|1985|3.580754,0.00927434
N11617|2162|3.315706,N11620|14204|1.80573,0.0139472
N8062|4565|0.295967,N8068|9245|1.768072,0.00850023
N7704|5423|1.09176,N7706|8855|0.313487,0
N12984|4889|4.234202,N12977|12673|1.17305,0.0131994
N9607|6071|0.254879,N9610|4777|0.060301,0.00771836
N12783|11478|4.222652,N12782|13348|2.56449,0.00849626
N11664|11254|0.625896,N11662|14010|1.873188,0.0108322
N11664|11254|0.625896,N11670|2581|1.385504,0.0131712
N11664|11254|0.625896,N11682|5969|0.745534,0.01474
N10139|5635|0.470954,N10135|3888|1.954201,0.00693374
N9607|6071|0.254879,N9612|6174|1.6603,0.0108448
N9607|6071|0.254879,N9604|2901|1.297017,0.00461399
N11173|12964|0.86605,N11225|13378|0.022558,0.0131841
N9607|6071|0.254879,N9611|15371|0.993276,0.00616175
N9607|6071|0.254879,N9609|10128|0.284588,0.00384234
N9607|6071|0.254879,N9613|2547|1.333227,0.0147395
N11173|12964|0.86605,N11256|8782|2.978578,0.0147335
N11173|12964|0.86605,N11168|6068|1.640169,0.0139804
N9607|6071|0.254879,N9606|2531|2.031099,0.00461768
N9090|5865|0.111667,N9069|8647|2.490183,0.00928651
N9090|5865|0.111667,N9075|13959|2.641422,0.0100633
N9090|5865|0.111667,N9058|3054|0.871612,0.0100443
N9090|5865|0.111667,N9074|12197|2.750243,0.0108281
N12480|6588|1.156968,N12517|2545|1.034848,0.0139775
N9607|6071|0.254879,N9608|11572|0.374229,0.0046162
N11662|14010|1.873188,N11670|2581|1.385504,0.0131674
N11662|14010|1.873188,N11682|5969|0.745534,0.0139607
N12057|13821|0.342187,N12118|8639|1.477518,0.0148096
N12057|13821|0.342187,N12079|8311|0.820379,0.0108462
N12057|13821|0.342187,N12068|5333|1.970972,0.0132165
N12057|13821|0.342187,N12076|12350|0.074,0.010873
N12057|13821|0.342187,N12061|12893|2.846137,0.011634
N12057|13821|0.342187,N12053|7243|0.075714,0.00307693
N12057|13821|0.342187,N12060|10946|0.282027,0.0061643
N12057|13821|0.342187,N12093|6486|0.715147,0.0124404
N12057|13821|0.342187,N12078|9343|0.596771,0.0124272
N12057|13821|0.342187,N12064|12188|2.046563,0.0116231
N11607|13674|2.220092,N11614|15324|0.132472,0.00772386
N12057|13821|0.342187,N12052|1462|0.742898,0.00697118
N12057|13821|0.342187,N12063|8845|0.246638,0.00771326
N12057|13821|0.342187,N12051|4854|0.440591,0.00384521
N12057|13821|0.342187,N12069|14335|0.683639,0.0116254
N12057|13821|0.342187,N12054|11742|8.2643,0.00076736
N12057|13821|0.342187,N12058|6335|6.011002,0.0116327
N12057|13821|0.342187,N12074|9368|0.993391,0.0100719
N12057|13821|0.342187,N12088|1729|0.444098,0.0148592
N12057|13821|0.342187,N12050|1425|0.06447,0.00384521
N7287|9602|3.103335,N7288|7639|0.369608,0.00463716
N12057|13821|0.342187,N12094|8684|0.190719,0.0124404
N10835|1635|1.232712,N10834|12219|2.173906,0.00230529
N12057|13821|0.342187,N12067|15033|0.850597,0.0124233
N12057|13821|0.342187,N12047|4052|0.982478,0.0148095
N12057|13821|0.342187,N12062|10982|1.689488,0.0077198
N12057|13821|0.342187,N12091|4328|0.976929,0.0132346
N12057|13821|0.342187,N12049|6519|2.771871,0.00771979
N9201|6587|1.404855,N9203|8072|2.247232,0.010838
N12574|12439|0.14536,N12546|6374|0.291382,0.014729
N9234|3819|3.587903,N9235|12873|0.182793,0.00153463
N9234|3819|3.587903,N9232|4588|0.75533,0.00384338
N10076|15281|0.628564,N10081|3877|1.475931,0.00849687
N10076|15281|0.628564,N10057|13681|0.686815,0.0131928
N10892|3803|0.273582,N10894|8335|1.689416,0.00153688
N10892|3803|0.273582,N10895|13787|0.935012,0.00230857
N12037|9010|2.380248,N12038|15392|1.038035,0.00617524
N12037|9010|2.380248,N12039|9336|1.183675,0.00850003
N9234|3819|3.587903,N9233|9309|0.624067,0.00616549
N7465|14436|1.092007,N7466|3451|0.070638,0.00927449
N9234|3819|3.587903,N9231|7133|1.834622,0.00693375
N8886|14755|1.395277,N8898|14688|0.203747,0.0038475
N7237|10876|1.311755,N7261|14293|0.135342,0.0139471
N7237|10876|1.311755,N7223|9510|1.199352,0.0100502
N7237|10876|1.311755,N7236|1396|0.084661,0.00384397
N7237|10876|1.311755,N7226|10346|3.042557,0.0116073
N7237|10876|1.311755,N7222|10778|0.966694,0.00926083
N7237|10876|1.311755,N7224|9525|1.63289,0.00770888
N7237|10876|1.311755,N7225|10784|0.941838,0.0100393
N7237|10876|1.311755,N7229|4355|2.131715,0.00926446
N12794|1915|0.264954,N12668|15202|0.179902,0.0147256
N12794|1915|0.264954,N12748|6117|1.604552,0.0147248
N12794|1915|0.264954,N12735|13411|1.300204,0.0131712
N7237|10876|1.311755,N7228|2074|1.066336,0.00848666
N12794|1915|0.264954,N12762|13412|1.090735,0.0147187
N7237|10876|1.311755,N7227|3532|0.645177,0.00926445
N7237|10876|1.311755,N7232|14323|1.293716,0.010818
N10894|8335|1.689416,N10895|13787|0.935012,0.00385852
N7237|10876|1.311755,N7233|6506|1.924172,0.0123919
N12517|2545|1.034848,N12529|4469|3.56161,0.0139897
N12517|2545|1.034848,N12528|11921|2.139033,0.0147846
N12517|2545|1.034848,N12476|9967|1.35257,0.0147842
N12517|2545|1.034848,N12461|3483|0.725069,0.0147392
N12517|2545|1.034848,N12546|6374|0.291382,0.0147673
N11660|13089|0.382191,N11646|7298|2.906628,0.0108315
N11660|13089|0.382191,N11648|14770|4.004292,0.0147788
N12426|14918|1.027767,N12424|10163|0.680695,0.0108117
N7237|10876|1.311755,N7234|5555|2.762448,0.011613
N12668|15202|0.179902,N12669|12240|8.33876,0.010824
N12668|15202|0.179902,N12670|10894|2.37048,0.000767363
N12668|15202|0.179902,N12735|13411|1.300204,0.010812
N12668|15202|0.179902,N12684|5768|0.171538,0.00927375
N12668|15202|0.179902,N12847|11170|0.171541,0.0147215
N12856|8964|1.055569,N12850|7151|0.053308,0.0116024
N12668|15202|0.179902,N12676|14361|6.138787,0.00848499
N12668|15202|0.179902,N12660|6563|0.037792,0.00850182
N12856|8964|1.055569,N12859|14780|1.39741,0.00693758
N12856|8964|1.055569,N12857|10799|0.693869,0.00461261
N12669|12240|8.33876,N12670|10894|2.37048,0.011609
N12670|10894|2.37048,N12735|13411|1.300204,0.0115914
N12670|10894|2.37048,N12684|5768|0.171538,0.0100582
N12856|8964|1.055569,N12858|10261|0.161876,0.0053887
N12670|10894|2.37048,N12676|14361|6.138787,0.0092655
N12670|10894|2.37048,N12660|6563|0.037792,0.00927848
N12856|8964|1.055569,N12851|11893|0.472655,0.0131583
N12856|8964|1.055569,N12855|12932|0.121879,0.00693378
N12856|8964|1.055569,N12860|14526|0.857363,0.00849191
N12856|8964|1.055569,N12854|10321|0.961383,0.0100357
N9631|8649|9.699966,N9633|7951|1.82309,0.0147906
N12856|8964|1.055569,N12846|4291|6.168948,0.0147313
N12856|8964|1.055569,N12847|11170|0.171541,0.00926069
N12856|8964|1.055569,N12849|2927|0.153846,0.0116024
N8512|14353|0.054117,N8504|14509|1.010982,0.0116151
N8512|14353|0.054117,N8510|1909|0.102184,0.0108312
N12354|3530|2.800901,N12344|12378|1.266372,0.0139649
N12354|3530|2.800901,N12358|2665|0.156469,0.0139467
N10625|13586|0.460411,N10623|9838|0.506739,0.00616952
N10625|13586|0.460411,N10637|10049|1.079549,0.0124361
N11452|2698|0.399768,N11417|2611|2.032126,0.0131828
N7466|3451|0.070638,N7445|3439|0.825649,0.0131782
N8830|13127|0.348201,N8821|12006|0.782773,0.0077175
N11103|10474|0.813537,N11099|12352|0.059695,0.00851086
N11103|10474|0.813537,N11100|7054|2.256424,0.00931071
N12838|7539|1.101225,N12812|2089|1.926513,0.0139715
N11103|10474|0.813537,N11098|10954|0.661148,0.0100585
N11103|10474|0.813537,N11111|9019|1.047778,0.0132091
N11103|10474|0.813537,N11102|10199|0.727087,0.0046205
N11103|10474|0.813537,N11109|4048|0.697151,0.0139806
N11103|10474|0.813537,N11113|10029|0.854518,0.0139806
N11103|10474|0.813537,N11106|12769|0.259315,0.006968
N8680|4515|3.231541,N8691|3049|1.408434,0.0139357
N11103|10474|0.813537,N11118|3441|0.266943,0.0147785
N11103|10474|0.813537,N11101|7070|0.946171,0.00694677
N10271|12976|0.245497,N10269|11143|0.494647,0.0108322
N11103|10474|0.813537,N11108|5884|0.77288,0.0139806
N11103|10474|0.813537,N11097|12564|1.398948,0.00772745
N11614|15324|0.132472,N11620|14204|1.80573,0.0147735
N12274|1564|2.603046,N12268|5064|2.239905,0.0092774
N10327|6676|3.397759,N10328|7748|7.056543,0.0147452
N12529|4469|3.56161,N12528|11921|2.139033,0.00539527
N9740|10865|0.999278,N9743|5866|1.262035,0.0139801
N10343|1415|0.365954,N10344|12856|0.158929,0.00384654
N7608|2641|2.682375,N7618|8594|1.069863,0.0123992
N9309|11026|1.576817,N9310|7234|1.816548,0.00616433
N7608|2641|2.682375,N7616|10188|1.521941,0.0123994
N7608|2641|2.682375,N7620|13891|0.667006,0.0147582
N11866|9059|0.195271,N11865|9837|0.950679,0.00384529
N9309|11026|1.576817,N9305|2127|0.874387,0.0084865
N11824|12275|0.381059,N11799|11006|0.930139,0.013973
N11824|12275|0.381059,N11812|8304|1.873095,0.013965
N11824|12275|0.381059,N11801|13264|1.168057,0.0139528
N11824|12275|0.381059,N11844|10359|0.208095,0.0116081
N9309|11026|1.576817,N9306|12076|0.602506,0.003854
N9309|11026|1.576817,N9307|7082|7.689669,0.0116232
N9309|11026|1.576817,N9304|3689|1.485817,0.0131747
N9309|11026|1.576817,N9303|11597|1.764638,0.013941
N9309|11026|1.576817,N9308|12766|1.761637,0.00617311
N8305|4538|0.002717,N8315|6529|1.015176,0.0131685
N8305|4538|0.002717,N8301|14038|0.096048,0.0116021
N8305|4538|0.002717,N8276|7340|0.140385,0.0131734
N12876|12962|3.113938,N12872|13249|0.725588,0.0131827
N8305|4538|0.002717,N8271|14464|0.211769,0.013964
N8305|4538|0.002717,N8278|12996|0.77561,0.0147422
N8305|4538|0.002717,N8304|3978|1.603384,0.0116021
N9361|6873|1.129772,N9363|2727|3.279489,0.0100495
N8011|6303|3.222924,N8012|12050|0.024109,0.00307298
N8305|4538|0.002717,N8316|8063|1.186279,0.0131745
N12476|9967|1.35257,N12461|3483|0.725069,0.0139525
N8305|4538|0.002717,N8323|11412|0.971271,0.0147561
N7889|13786|0.421545,N7901|1404|0.044159,0.0116256
N8305|4538|0.002717,N8272|10761|0.822104,0.0131746
N8305|4538|0.002717,N8281|15228|0.040968,0.0147561
N8305|4538|0.002717,N8280|5972|1.604295,0.0147312
N8305|4538|0.002717,N8266|9494|2.242049,0.0147583
N11682|5969|0.745534,N11676|10604|3.072656,0.0147403
N11682|5969|0.745534,N11677|8271|1.234584,0.0147318
N8305|4538|0.002717,N8312|5455|0.779465,0.0139777
N9987|5759|2.606275,N9983|10335|0.621526,0.0108248
N9318|10710|0.589619,N9325|4983|1.773833,0.0124017
N9318|10710|0.589619,N9324|10213|1.234839,0.0139457
N7687|12394|0.665525,N7688|7993|0.312065,0.0053907
N8206|5109|0.82291,N8197|3640|2.261794,0.0147503
N9987|5759|2.606275,N9992|11052|0.675775,0.0108334
N9987|5759|2.606275,N9985|13714|0.207087,0.0100447
N8206|5109|0.82291,N8203|11050|0.018259,0.00540444
N11051|13838|0.533166,N11048|3370|1.599257,0.00539542
N9987|5759|2.606275,N9994|3985|0.298694,0.00770878
N9987|5759|2.606275,N9984|15144|3.31279,0.0139616
N9987|5759|2.606275,N9982|6452|0.30047,0.0100527
N11416|9551|0.424175,N11417|2611|2.032126,0.0053902
N9987|5759|2.606275,N9979|13090|1.524267,0.00926983
N9987|5759|2.606275,N9995|11169|0.095018,0.0123875
N9987|5759|2.606275,N9996|9280|2.587202,0.0123965
N13014|4486|3.492421,N13023|9255|2.431417,0.0108262
N9987|5759|2.606275,N9980|6926|0.811684,0.0100496
N12866|10861|46.076789,N12867|5589|50.866935,0.0116138
N9987|5759|2.606275,N9990|8796|0.29883,0.00771334
N8374|10238|9.3E-5,N8362|1898|0.341441,0.01474
N9987|5759|2.606275,N9986|3239|0.136725,0.00616152
N9987|5759|2.606275,N9989|12587|5.539199,0.0100419
N9987|5759|2.606275,N9991|3356|4.003899,0.0131783
N9987|5759|2.606275,N9998|13481|1.227033,0.0131676
N9805|1413|0.035605,N9804|13840|0.404655,0.00384755
N11473|7548|8.988055,N11441|13197|0.277409,0.0139617
N11473|7548|8.988055,N11474|6745|0.399884,0.00926552
N7391|13342|0.340533,N7397|13737|4.966742,0.0139853
N12344|12378|1.266372,N12358|2665|0.156469,0.013978
N11473|7548|8.988055,N11476|7720|0.188723,0.00927449
N11473|7548|8.988055,N11466|6960|0.69333,0.0116153
N8174|6184|1.425553,N8203|11050|0.018259,0.0139935
N12735|13411|1.300204,N12812|2089|1.926513,0.0147473
N12735|13411|1.300204,N12782|13348|2.56449,0.0147256
N11473|7548|8.988055,N11472|6578|0.483504,0.0124016
N11473|7548|8.988055,N11447|15071|0.379129,0.0139647
N11473|7548|8.988055,N11469|11377|1.277083,0.0147577
N11473|7548|8.988055,N11471|13768|0.711381,0.0131784
N11799|11006|0.930139,N11812|8304|1.873095,0.0124257
N11799|11006|0.930139,N11801|13264|1.168057,0.00694718
N11799|11006|0.930139,N11844|10359|0.208095,0.0108589
N8115|7316|3.675933,N8092|9654|0.063226,0.0139543
N11083|13343|1.817434,N11077|9491|0.19632,0.0100516
N8552|6239|1.256476,N8549|12863|1.403818,0.0100488
N8078|11641|2.544248,N8073|3128|0.364227,0.0061618
N8078|11641|2.544248,N8088|10928|0.056422,0.0139783
N8078|11641|2.544248,N8093|5261|3.066135,0.0131784
N8078|11641|2.544248,N8083|9553|1.485977,0.0131749
N11134|12224|0.192977,N11108|5884|0.77288,0.0139673
N7618|8594|1.069863,N7616|10188|1.521941,0.00461394
N7618|8594|1.069863,N7620|13891|0.667006,0.00926988
N10712|12789|1.346723,N10713|9768|1.55032,0.0108237
N9325|4983|1.773833,N9324|10213|1.234839,0.009267
N8078|11641|2.544248,N8091|6232|0.813067,0.0123859
N8078|11641|2.544248,N8090|5485|0.952618,0.0147739
N8078|11641|2.544248,N8087|13268|0.069492,0.0124015
N8078|11641|2.544248,N8075|9102|0.980192,0.00694626
N8078|11641|2.544248,N8089|12579|1.42331,0.0131869
N8078|11641|2.544248,N8084|15213|0.362241,0.0147318
N8078|11641|2.544248,N8077|7225|1.930592,0.00539067
N8078|11641|2.544248,N8082|8867|2.053827,0.0100488
N8078|11641|2.544248,N8072|3618|3.874166,0.00926433
N8078|11641|2.544248,N8092|9654|0.063226,0.0123979
N13010|2132|0.839645,N13042|11415|0.646578,0.013192
N13010|2132|0.839645,N13030|14162|0.229725,0.0124072
N11646|7298|2.906628,N11648|14770|4.004292,0.0116489
N13010|2132|0.839645,N13055|13868|1.589563,0.0147698
N13010|2132|0.839645,N13082|1920|1.308468,0.0131895
N13010|2132|0.839645,N13064|2313|0.464264,0.0116316
N8312|5455|0.779465,N8306|12938|2.523605,0.01323
N11225|13378|0.022558,N11228|10250|0.474904,0.00849619
N13010|2132|0.839645,N13081|11163|0.1151,0.0132001
N13010|2132|0.839645,N13015|7025|0.167928,0.0100605
N13010|2132|0.839645,N13067|12459|0.550295,0.0108312
N13010|2132|0.839645,N13049|2463|0.241606,0.013195
N13010|2132|0.839645,N13062|8226|0.442183,0.01477
N13010|2132|0.839645,N13050|8552|0.300629,0.0139798
N13010|2132|0.839645,N13013|13077|0.990917,0.0100513
N7248|6507|2.903563,N7246|1982|0.640787,0.00926681
N13046|7586|0.27506,N13023|9255|2.431417,0.0139911
N13010|2132|0.839645,N13057|8415|0.620575,0.0132031
N13010|2132|0.839645,N13019|3661|1.485851,0.0108542
N13010|2132|0.839645,N13035|2966|0.267509,0.013195
N13010|2132|0.839645,N13017|10320|2.923302,0.0116306
N13010|2132|0.839645,N13044|14894|0.279795,0.0131941
N13010|2132|0.839645,N13058|11167|1.17044,0.0132084
N13010|2132|0.839645,N13021|2121|0.427363,0.0108397
N13010|2132|0.839645,N13052|14348|1.81875,0.0147577
N13010|2132|0.839645,N13024|3542|1.362275,0.0124064
N13010|2132|0.839645,N13027|10423|1.107882,0.0108382
N13010|2132|0.839645,N13009|7240|0.01128,0.0108385
N13010|2132|0.839645,N13026|9197|0.544685,0.00927013
N13010|2132|0.839645,N13053|4954|0.008268,0.0108397
N12997|12399|1.005863,N12977|12673|1.17305,0.0092742
N13010|2132|0.839645,N13071|4238|1.966479,0.0139612
N13010|2132|0.839645,N13011|2084|1.65746,0.00771319
N13010|2132|0.839645,N13008|10910|0.505102,0.0139514
N13010|2132|0.839645,N13014|4486|3.492421,0.013972
N13010|2132|0.839645,N13046|7586|0.27506,0.0139796
N13010|2132|0.839645,N13023|9255|2.431417,0.00849654
N7374|12846|0.630021,N7379|10021|1.092307,0.00928427
N7374|12846|0.630021,N7386|8862|0.082069,0.0139719
N7374|12846|0.630021,N7377|3270|4.448591,0.0100699
N7374|12846|0.630021,N7382|2530|1.554872,0.011649
N7731|3368|0.153734,N7728|3934|0.026172,0.00771324
N9069|8647|2.490183,N9075|13959|2.641422,0.0116591
N9069|8647|2.490183,N9058|3054|0.871612,0.0147394
N9069|8647|2.490183,N9074|12197|2.750243,0.0124186
N7374|12846|0.630021,N7381|3194|1.270612,0.00927354
N7374|12846|0.630021,N7385|13875|0.016875,0.0139719
N7374|12846|0.630021,N7378|10433|2.213428,0.0116342
N7374|12846|0.630021,N7383|14512|0.16135,0.00850429
N7374|12846|0.630021,N7375|12172|2.42398,0.00694553
N7374|12846|0.630021,N7380|1923|4.353238,0.0108585
N8681|2943|1.590694,N8693|12386|0.003939,0.0147383
N11840|5885|0.521166,N11844|10359|0.208095,0.0131678
N9173|6954|2.168493,N9166|2597|0.752052,0.0131719
N8681|2943|1.590694,N8684|2595|0.762075,0.0108197
N7709|11706|0.15315,N7714|3550|0.106017,0.00694078
N8681|2943|1.590694,N8688|4850|0.262757,0.00848653
N7709|11706|0.15315,N7713|13298|0.510114,0.008501
N8681|2943|1.590694,N8682|2017|0.76434,0.00384335
N8681|2943|1.590694,N8685|8382|2.471957,0.0108148
N10081|3877|1.475931,N10057|13681|0.686815,0.0123982
N8681|2943|1.590694,N8679|11931|0.669346,0.00307387
N10299|10444|2.378877,N10315|6133|1.421078,0.0100391
N12038|15392|1.038035,N12039|9336|1.183675,0.00384522
N8681|2943|1.590694,N8686|3829|3.228244,0.0061654
N8681|2943|1.590694,N8687|12321|2.324755,0.00770625
N9075|13959|2.641422,N9058|3054|0.871612,0.0139544
N9075|13959|2.641422,N9074|12197|2.750243,0.00848241
N8681|2943|1.590694,N8680|4515|3.231541,0.00770579
N9147|11226|3.773725,N9144|4756|1.186141,0.00770884
N8681|2943|1.590694,N8691|3049|1.408434,0.00926065
N8197|3640|2.261794,N8203|11050|0.018259,0.0123944
N7891|10432|1.803548,N7906|1966|2.669053,0.0124065
N7891|10432|1.803548,N7902|5408|0.192999,0.0108506
N7891|10432|1.803548,N7895|7360|0.043405,0.00693897
N7891|10432|1.803548,N7899|2676|1.632623,0.0108595
N7891|10432|1.803548,N7892|5284|0.242648,0.00693899
N7891|10432|1.803548,N7903|7046|0.315072,0.0108399
N7891|10432|1.803548,N7896|14707|2.438178,0.00928707
N7891|10432|1.803548,N7908|9183|1.010926,0.0124073
N7891|10432|1.803548,N7897|2553|0.357643,0.0131832
N7891|10432|1.803548,N7905|2277|0.003783,0.0100573
N10033|10634|4.451449,N10024|11221|2.732505,0.0147584
N7891|10432|1.803548,N7893|4502|1.144069,0.0100496
N7891|10432|1.803548,N7894|14382|1.644205,0.00926432
N7453|14226|3.199795,N7441|15268|1.890086,0.011607
N7453|14226|3.199795,N7445|3439|0.825649,0.00384394
N11620|14204|1.80573,N11622|13425|7.288353,0.00771315
N11620|14204|1.80573,N11621|15039|16.699134,0.0139795
N11622|13425|7.288353,N11621|15039|16.699134,0.00929708
N7891|10432|1.803548,N7889|13786|0.421545,0.00695555
N7891|10432|1.803548,N7907|15038|2.363248,0.0147675
N7891|10432|1.803548,N7901|1404|0.044159,0.0108399
N8504|14509|1.010982,N8510|1909|0.102184,0.00539525
N8506|13290|43.46329,N8505|10426|49.03472,0.0061614
N7379|10021|1.092307,N7377|3270|4.448591,0.00539623
N7379|10021|1.092307,N7382|2530|1.554872,0.0148314
N8324|10337|0.580733,N8331|13917|0.106613,0.0139806
N7379|10021|1.092307,N7381|3194|1.270612,0.00461509
N8402|10039|2.824344,N8399|13119|0.525142,0.0116152
N8402|10039|2.824344,N8403|8341|0.096508,0.00927443
N7379|10021|1.092307,N7378|10433|2.213428,0.00385008
N7379|10021|1.092307,N7383|14512|0.16135,0.0116478
N7379|10021|1.092307,N7375|12172|2.42398,0.013235
N7379|10021|1.092307,N7380|1923|4.353238,0.00617513
N11676|10604|3.072656,N11677|8271|1.234584,0.00616753
N9676|3673|5.239839,N9678|12787|1.343086,0.0123914
N9676|3673|5.239839,N9679|13209|1.647138,0.0123914
N10542|1999|4.01676,N10541|2290|2.197935,0.0108237
N10542|1999|4.01676,N10535|12368|0.523269,0.00771328
N11127|10312|2.573578,N11108|5884|0.77288,0.0147404
N11127|10312|2.573578,N11097|12564|1.398948,0.0147461
N9676|3673|5.239839,N9675|8632|0.033619,0.0123914
N10541|2290|2.197935,N10535|12368|0.523269,0.00461259
N10541|2290|2.197935,N10531|13747|1.12443,0.0131569
N7460|3127|0.163535,N7461|14775|2.324248,0.0108261
N9404|11969|0.138192,N9410|13851|2.199643,0.00926557
N8399|13119|0.525142,N8403|8341|0.096508,0.0108354
N10576|2228|0.794338,N10572|6426|2.012851,0.0116081
N10576|2228|0.794338,N10580|12481|0.361,0.0124023
N10576|2228|0.794338,N10569|4669|0.661424,0.00848648
N12847|11170|0.171541,N12849|2927|0.153846,0.00849134
N8453|3056|0.990996,N8461|4708|0.70719,0.00771152
N7616|10188|1.521941,N7620|13891|0.667006,0.0100516
N10576|2228|0.794338,N10584|7104|0.366573,0.0139735
N7545|8538|0.438066,N7544|11783|3.2608,0.00539353
N7714|3550|0.106017,N7713|13298|0.510114,0.00307623
N10576|2228|0.794338,N10582|10741|1.762303,0.0147439
N10576|2228|0.794338,N10573|3480|1.463531,0.00540199
N12894|3928|0.629595,N12891|12862|2.908224,0.0116141
N9860|3015|1.032278,N9854|5220|2.64087,0.0100527
N10576|2228|0.794338,N10570|13990|2.485243,0.00926427
N11812|8304|1.873095,N11801|13264|1.168057,0.0131788
N11812|8304|1.873095,N11844|10359|0.208095,0.0108316
N10576|2228|0.794338,N10594|11499|0.093242,0.0131805
N10515|9957|1.828626,N10535|12368|0.523269,0.0108196
N8574|1551|0.966694,N8600|9314|0.056536,0.00771091
N10554|6501|1.169808,N10558|12714|0.308784,0.00772719
N7437|6623|2.839089,N7445|3439|0.825649,0.0139712
N10535|12368|0.523269,N10531|13747|1.12443,0.00848649
N10535|12368|0.523269,N10558|12714|0.308784,0.0108729
N10634|13278|4.636117,N10637|10049|1.079549,0.00928445
N11801|13264|1.168057,N11844|10359|0.208095,0.0116115
N9673|8333|0.352889,N9672|6425|1.6956,0.0116381
N9217|11202|0.826529,N9218|5627|1.577137,0.00153793
N7441|15268|1.890086,N7445|3439|0.825649,0.00927433
N9780|4463|1.049062,N9776|7606|0.763841,0.0139694
N8403|8341|0.096508,N8418|9465|1.98604,0.0147633
N12925|11810|0.737225,N12924|8780|12.365151,0.00926067
N11108|5884|0.77288,N11097|12564|1.398948,0.00927048
N12404|14686|0.798995,N12402|13482|2.714748,0.00384753
N12404|14686|0.798995,N12398|2543|2.944792,0.0116342
N12404|14686|0.798995,N12397|4028|0.091825,0.00851258
N12402|13482|2.714748,N12398|2543|2.944792,0.0139561
N12402|13482|2.714748,N12397|4028|0.091825,0.0108267
N7476|9350|1.650242,N7474|13115|0.790998,0.0116217
N7476|9350|1.650242,N7473|6423|1.999291,0.0100698
N7476|9350|1.650242,N7475|7364|0.383068,0.0100609
N10704|11449|0.706351,N10709|6959|2.340312,0.0123834
N10704|11449|0.706351,N10707|6039|2.306618,0.0108167
N10704|11449|0.706351,N10708|14758|0.348726,0.00927012
N10704|11449|0.706351,N10706|11303|1.790605,0.0108592
N10704|11449|0.706351,N10705|3075|2.476916,0.0139926
N12162|12015|2.149287,N12161|9531|1.47895,0.00694663
N12162|12015|2.149287,N12158|13659|0.209424,0.00772833
N12162|12015|2.149287,N12160|4162|3.082236,0.0116022
N12162|12015|2.149287,N12163|7913|0.357563,0.0108524
N12162|12015|2.149287,N12159|11901|2.7287,0.0108575
N12162|12015|2.149287,N12152|9135|0.239371,0.0147582
N11112|7712|2.574908,N11117|1967|3.445404,0.0123981
N11112|7712|2.574908,N11107|9460|1.262088,0.0131767
N11112|7712|2.574908,N11110|9712|0.454843,0.0139802
N11112|7712|2.574908,N11099|12352|0.059695,0.0124079
N11112|7712|2.574908,N11098|10954|0.661148,0.013962
N11112|7712|2.574908,N11111|9019|1.047778,0.00772372
N11112|7712|2.574908,N11102|10199|0.727087,0.0132033
N11112|7712|2.574908,N11109|4048|0.697151,0.0116236
N11112|7712|2.574908,N11113|10029|0.854518,0.00384523
N11112|7712|2.574908,N11118|3441|0.266943,0.0108388
N11112|7712|2.574908,N11119|6343|0.137069,0.012407
N11112|7712|2.574908,N11108|5884|0.77288,0.0116236
N11112|7712|2.574908,N11097|12564|1.398948,0.0116222
N7206|12900|6.295551,N7204|9474|2.871165,0.00695656
N7206|12900|6.295551,N7211|15134|1.061161,0.0131743
N7206|12900|6.295551,N7208|6016|1.626661,0.00694699
N7206|12900|6.295551,N7203|6151|0.533891,0.00694696
N7206|12900|6.295551,N7209|3424|0.568831,0.0100731
N7206|12900|6.295551,N7213|9538|0.153531,0.0132241
N8177|7718|4.375009,N8176|6430|0.414331,0.0116327
N8177|7718|4.375009,N8188|1643|3.838888,0.0147886
N8177|7718|4.375009,N8180|1655|1.115515,0.0132004
N8177|7718|4.375009,N8179|5845|2.87042,0.014011
N8177|7718|4.375009,N8178|6829|5.024306,0.00618788
N8177|7718|4.375009,N8203|11050|0.018259,0.0148345
N10845|4453|0.918482,N10833|11188|0.880592,0.0123908
N10845|4453|0.918482,N10839|7722|0.251771,0.00771075
N10845|4453|0.918482,N10837|4246|0.026761,0.0116261
N10845|4453|0.918482,N10840|8790|1.649109,0.0100357
N10845|4453|0.918482,N10844|10976|2.862646,0.00770664
N10845|4453|0.918482,N10843|5292|6.029104,0.0108173
N10845|4453|0.918482,N10838|8147|1.139579,0.0131609
N10845|4453|0.918482,N10835|1635|1.232712,0.0123847
N10845|4453|0.918482,N10834|12219|2.173906,0.0116041
N11958|14106|0.296675,N11961|13104|1.409509,0.00384392
N11958|14106|0.296675,N11962|3096|5.201551,0.00848474
N11958|14106|0.296675,N11959|8119|0.89737,0.00538672
N11958|14106|0.296675,N11951|8255|0.548719,0.0147426
N11958|14106|0.296675,N11963|11284|0.294758,0.00307385
N7686|13059|5.759525,N7687|12394|0.665525,0.0131841
N7686|13059|5.759525,N7688|7993|0.312065,0.0124076
N12485|3996|0.147552,N12479|3780|1.151415,0.0147452
N12485|3996|0.147552,N12490|9625|0.023124,0.00696987
N12485|3996|0.147552,N12556|12239|0.061929,0.00927532
N12485|3996|0.147552,N12547|6940|0.836952,0.0100528
N12485|3996|0.147552,N12540|12220|1.135966,0.0140097
N12485|3996|0.147552,N12466|6767|1.259225,0.0124058
N12485|3996|0.147552,N12533|7974|0.244196,0.0116295
N12485|3996|0.147552,N12509|3933|2.316697,0.0147393
N12485|3996|0.147552,N12597|12730|0.443169,0.0147475
N12485|3996|0.147552,N12551|7510|0.251933,0.00927842
N12485|3996|0.147552,N12584|7383|0.524904,0.0131747
N12485|3996|0.147552,N12566|9121|0.08259,0.013994
N12485|3996|0.147552,N12498|9476|0.063085,0.00617468
N12485|3996|0.147552,N12488|12101|1.121635,0.00773899
N12485|3996|0.147552,N12475|4624|0.137927,0.0147575
N12485|3996|0.147552,N12459|10633|0.178368,0.0131806
N12485|3996|0.147552,N12495|13566|3.461848,0.0139911
N12485|3996|0.147552,N12564|8090|2.029125,0.0131747
N12485|3996|0.147552,N12507|9063|0.371893,0.0108866
N12485|3996|0.147552,N12486|7707|0.199262,0.0123847
N12485|3996|0.147552,N12563|8865|1.422802,0.0139606
N12485|3996|0.147552,N12535|11736|0.394495,0.0123977
N12485|3996|0.147552,N12541|4819|2.172499,0.0147876
N12485|3996|0.147552,N12508|14807|0.41106,0.00772739
N12485|3996|0.147552,N12555|4208|2.598968,0.0115966
N12485|3996|0.147552,N12524|7348|0.12227,0.0123902
N12485|3996|0.147552,N12531|6368|0.808906,0.0139798
N12485|3996|0.147552,N12465|9663|3.510964,0.013213
N12485|3996|0.147552,N12462|6718|0.293305,0.0139542
N12485|3996|0.147552,N12473|13030|2.051846,0.0139842
N12485|3996|0.147552,N12481|5745|0.140218,0.0147503
N12485|3996|0.147552,N12553|5590|1.684612,0.0123902
N12485|3996|0.147552,N12482|15143|0.193936,0.00852744
N12485|3996|0.147552,N12527|9237|0.448218,0.0116043
N12485|3996|0.147552,N12518|9895|2.414444,0.0139942
N12485|3996|0.147552,N12504|8693|0.601243,0.00852749
N12485|3996|0.147552,N12519|10480|2.16617,0.0124106
N12485|3996|0.147552,N12550|8083|0.027918,0.00927842
N12485|3996|0.147552,N12489|10602|3.074326,0.0139898
N12485|3996|0.147552,N12588|14367|1.187912,0.0139693
N12485|3996|0.147552,N12491|14941|6.537729,0.0116597
N12485|3996|0.147552,N12492|6139|1.973109,0.00927561
N12485|3996|0.147552,N12554|10454|0.637343,0.00927551
N12485|3996|0.147552,N12500|10430|1.273377,0.0092861
N12485|3996|0.147552,N12534|12395|1.442349,0.0124058
N12485|3996|0.147552,N12505|6802|1.904995,0.0108203
N12485|3996|0.147552,N12569|10700|0.180908,0.0147623
N12485|3996|0.147552,N12497|5875|0.074333,0.00617461
N12485|3996|0.147552,N12483|3059|1.085798,0.0108492
N12485|3996|0.147552,N12513|6383|0.180784,0.0147673
N12485|3996|0.147552,N12480|6588|1.156968,0.0147397
N12485|3996|0.147552,N12517|2545|1.034848,0.0131939
N12485|3996|0.147552,N12529|4469|3.56161,0.0131939
N12485|3996|0.147552,N12528|11921|2.139033,0.0139942
N12485|3996|0.147552,N12546|6374|0.291382,0.0139713
N12485|3996|0.147552,N12487|6538|4.703612,0.0124064
N11351|5740|0.972585,N11357|7423|1.888211,0.00848668
N11351|5740|0.972585,N11353|6988|0.241705,0.00771806
N11351|5740|0.972585,N11354|2427|0.080642,0.00927026
N11351|5740|0.972585,N11356|6647|1.107781,0.00771814
N11351|5740|0.972585,N11349|10202|0.90621,0.0139659
N11351|5740|0.972585,N11350|2365|1.175804,0.010818
N11351|5740|0.972585,N11334|12468|1.530882,0.0139615
N11351|5740|0.972585,N11352|6705|2.913347,0.0139375
N11351|5740|0.972585,N11355|14316|5.248091,0.0108201
N11351|5740|0.972585,N11348|14473|0.632811,0.0147487
N11448|3857|3.495299,N11441|13197|0.277409,0.0140339
N11448|3857|3.495299,N11474|6745|0.399884,0.0148197
N11448|3857|3.495299,N11457|3440|2.050117,0.014013
N11448|3857|3.495299,N11436|8642|2.737344,0.0148143
N11448|3857|3.495299,N11476|7720|0.188723,0.0148371
N11448|3857|3.495299,N11466|6960|0.69333,0.0148368
N11448|3857|3.495299,N11439|4031|5.949013,0.0140339
N11448|3857|3.495299,N11447|15071|0.379129,0.0108789
N11448|3857|3.495299,N11452|2698|0.399768,0.0132179
N11668|8814|0.241117,N11709|8765|2.407597,0.0139534
N11668|8814|0.241117,N11665|4465|1.044819,0.0123919
N11668|8814|0.241117,N11690|6644|0.131364,0.0147437
N11668|8814|0.241117,N11661|1883|0.916116,0.00693321
N11668|8814|0.241117,N11669|4440|6.791373,0.0116354
N11668|8814|0.241117,N11666|12127|1.023498,0.0123904
N11668|8814|0.241117,N11679|11343|0.672931,0.0123733
N11668|8814|0.241117,N11681|13181|1.679551,0.0115915
N11668|8814|0.241117,N11711|5342|0.529197,0.0147404
N11668|8814|0.241117,N11664|11254|0.625896,0.0116073
N11668|8814|0.241117,N11662|14010|1.873188,0.0108176
N11668|8814|0.241117,N11670|2581|1.385504,0.0100359
N11668|8814|0.241117,N11682|5969|0.745534,0.0139484
N11541|1403|1.79062,N11540|12290|0.167917,0.00385874
N11541|1403|1.79062,N11533|8152|0.973372,0.0124242
N11541|1403|1.79062,N11538|11013|1.022348,0.00927461
N11541|1403|1.79062,N11530|12697|1.748775,0.0100584
N11541|1403|1.79062,N11535|7769|2.633978,0.0147906
N11541|1403|1.79062,N11534|10703|0.757553,0.0124105
N11541|1403|1.79062,N11539|11393|0.198572,0.00772862
N11541|1403|1.79062,N11531|8005|0.409323,0.0123998
N11541|1403|1.79062,N11536|8711|0.193032,0.0108591
N12201|1753|0.028237,N12206|12333|0.381509,0.0123975
N12201|1753|0.028237,N12203|9044|0.177156,0.00616732
N12201|1753|0.028237,N12202|4191|6.975798,0.0108353
N12468|6375|0.086601,N12490|9625|0.023124,0.014757
N12468|6375|0.086601,N12556|12239|0.061929,0.0139797
N12468|6375|0.086601,N12547|6940|0.836952,0.0147574
N12468|6375|0.086601,N12471|14150|0.434018,0.00230857
N12468|6375|0.086601,N12466|6767|1.259225,0.00771821
N12468|6375|0.086601,N12533|7974|0.244196,0.0147775
N12468|6375|0.086601,N12551|7510|0.251933,0.0139794
N12468|6375|0.086601,N12498|9476|0.063085,0.0139543
N12468|6375|0.086601,N12475|4624|0.137927,0.00693887
N12468|6375|0.086601,N12459|10633|0.178368,0.0116042
N12468|6375|0.086601,N12508|14807|0.41106,0.0139612
N12468|6375|0.086601,N12524|7348|0.12227,0.0147473
N12468|6375|0.086601,N12465|9663|3.510964,0.00849614
N12468|6375|0.086601,N12462|6718|0.293305,0.0123835
N12468|6375|0.086601,N12473|13030|2.051846,0.00771984
N12468|6375|0.086601,N12472|2949|0.315673,0.009267
N12468|6375|0.086601,N12518|9895|2.414444,0.0139942
N12468|6375|0.086601,N12519|10480|2.16617,0.0124106
N12468|6375|0.086601,N12550|8083|0.027918,0.0139794
N12468|6375|0.086601,N12554|10454|0.637343,0.0139711
N12468|6375|0.086601,N12497|5875|0.074333,0.0139542
N12468|6375|0.086601,N12517|2545|1.034848,0.0131939
N12468|6375|0.086601,N12476|9967|1.35257,0.00928411
N12468|6375|0.086601,N12461|3483|0.725069,0.0139499
N12470|6975|20.742692,N12469|7919|26.559378,0.00694076
N8445|10947|0.353342,N8431|13879|2.928435,0.0147504
N8445|10947|0.353342,N8428|12400|1.45475,0.0147398
N8445|10947|0.353342,N8433|11853|0.993182,0.0139558
N8445|10947|0.353342,N8425|12091|4.347088,0.0147476
N8445|10947|0.353342,N8446|14990|1.012653,0.00850087
N8445|10947|0.353342,N8424|9554|1.692868,0.0139525
N8445|10947|0.353342,N8448|8509|0.921513,0.00849043
N11145|2536|2.107073,N11149|10964|0.916157,0.0100577
N11145|2536|2.107073,N11141|15381|2.233531,0.0139807
N11145|2536|2.107073,N11151|1794|2.061064,0.00928692
N11145|2536|2.107073,N11143|8334|1.175301,0.00850091
N11145|2536|2.107073,N11140|13489|0.899006,0.0116269
N11145|2536|2.107073,N11150|2180|2.985339,0.0147576
N11145|2536|2.107073,N11148|2051|2.162953,0.0100532
N11145|2536|2.107073,N11144|8436|2.672286,0.0084933
N9052|14584|0.768909,N9055|8837|0.029904,0.00539067
N9052|14584|0.768909,N8994|15030|1.499435,0.0147702
N9052|14584|0.768909,N9042|4508|0.255122,0.0108266
N9052|14584|0.768909,N9015|1762|1.460395,0.0147566
N9052|14584|0.768909,N9000|2661|1.128144,0.0147579
N9052|14584|0.768909,N9035|8717|1.582124,0.013187
N9052|14584|0.768909,N9044|5166|2.117901,0.0131764
N9052|14584|0.768909,N9036|15289|0.836622,0.00927747
N9052|14584|0.768909,N9050|14172|5.451576,0.0123849
N9052|14584|0.768909,N9021|7955|0.469038,0.0116334
N9052|14584|0.768909,N9045|13243|0.113371,0.0139609
N9052|14584|0.768909,N9008|6572|1.500492,0.0131841
N9052|14584|0.768909,N9041|13663|0.42431,0.0100566
N9052|14584|0.768909,N9017|9094|2.029675,0.0139675
N9052|14584|0.768909,N9054|10461|2.648133,0.00771931
N9052|14584|0.768909,N9037|3151|0.565871,0.0108465
N9052|14584|0.768909,N9033|6190|1.42565,0.0147499
N9052|14584|0.768909,N9009|14787|1.215625,0.0139811
N9052|14584|0.768909,N9051|3727|0.752761,0.00307829
N9052|14584|0.768909,N9019|1759|3.21172,0.0108242
N9052|14584|0.768909,N9012|7036|0.144812,0.0139727
N9052|14584|0.768909,N9005|9621|0.184888,0.0131842
N9052|14584|0.768909,N9018|7028|1.271107,0.0100489
N9052|14584|0.768909,N9020|4424|0.845904,0.0108449
N9052|14584|0.768909,N9026|1384|1.778624,0.0139963
N9052|14584|0.768909,N9023|13272|1.556355,0.0131871
N8371|2400|0.622719,N8361|13423|0.310029,0.0116091
N8371|2400|0.622719,N8359|6678|0.09393,0.0092569
N8371|2400|0.622719,N8364|14684|0.429345,0.0116207
N8371|2400|0.622719,N8366|6761|3.821011,0.0139468
N8371|2400|0.622719,N8367|7627|1.553625,0.0147427
N8371|2400|0.622719,N8358|2835|0.986928,0.0108333
N8371|2400|0.622719,N8368|3577|1.223714,0.0116025
N8371|2400|0.622719,N8363|7636|0.882553,0.0092754
N8371|2400|0.622719,N8362|1898|0.341441,0.010824
N11557|10219|4.330345,N11521|2839|0.149121,0.0147581
N11557|10219|4.330345,N11556|10035|3.080027,0.0108363
N11557|10219|4.330345,N11558|4971|0.648042,0.0116142
N11557|10219|4.330345,N11552|14034|0.499465,0.0100498
N11557|10219|4.330345,N11555|3021|1.953023,0.0123839
N9310|7234|1.816548,N9305|2127|0.874387,0.00849259
N9310|7234|1.816548,N9306|12076|0.602506,0.00384524
N9310|7234|1.816548,N9307|7082|7.689669,0.0116218
N9310|7234|1.816548,N9304|3689|1.485817,0.013186
N9310|7234|1.816548,N9303|11597|1.764638,0.0139419
N9310|7234|1.816548,N9308|12766|1.761637,0.00616178
N11909|7686|0.051918,N11912|4099|4.948276,0.0147269
N11909|7686|0.051918,N11910|9375|3.090878,0.00461761
N11909|7686|0.051918,N11906|4722|2.062717,0.0131896
N8664|4714|0.622674,N8660|3004|0.530455,0.013202
N8664|4714|0.622674,N8665|4011|0.724426,0.00616171
N8664|4714|0.622674,N8659|8322|0.377356,0.0147423
N8664|4714|0.622674,N8663|11239|1.72174,0.00693894
N8664|4714|0.622674,N8667|5850|1.086772,0.00771148
N8664|4714|0.622674,N8666|13078|0.559671,0.00616108
N8664|4714|0.622674,N8669|4088|1.262664,0.0131647
N8664|4714|0.622674,N8670|11686|1.623364,0.0123835
N8664|4714|0.622674,N8674|9719|0.296966,0.0116339
N8664|4714|0.622674,N8661|10851|1.961822,0.014756
N8664|4714|0.622674,N8672|2210|0.469018,0.0108331
N8664|4714|0.622674,N8673|13767|0.155844,0.0100603
N8664|4714|0.622674,N8678|10511|0.772648,0.0123874
N10709|6959|2.340312,N10707|6039|2.306618,0.0139267
N10709|6959|2.340312,N10708|14758|0.348726,0.0139588
N7252|14309|0.448936,N7260|9737|2.070826,0.0100576
N7252|14309|0.448936,N7261|14293|0.135342,0.0084964
N7252|14309|0.448936,N7257|6534|4.963021,0.0139811
N7252|14309|0.448936,N7258|10758|0.581307,0.0116221
N7252|14309|0.448936,N7255|4944|0.47656,0.00772743
N7252|14309|0.448936,N7253|12457|4.157358,0.0124102
N7252|14309|0.448936,N7254|6299|0.918044,0.0100845
N7252|14309|0.448936,N7262|2821|1.430439,0.0131879
N10805|9024|6.597407,N10807|4417|0.540167,0.0131831
N10805|9024|6.597407,N10806|8085|0.809489,0.0139692
N8992|7299|0.629267,N8994|15030|1.499435,0.0131954
N8992|7299|0.629267,N8991|3914|3.697244,0.00928282
N8992|7299|0.629267,N8993|1884|1.206722,0.00926988
N8992|7299|0.629267,N8982|12416|0.081628,0.0140325
N9878|2758|0.640394,N9865|11954|1.629578,0.00926649
N9878|2758|0.640394,N9863|4557|2.876813,0.0147583
N9878|2758|0.640394,N9871|15174|0.56615,0.00616146
N9878|2758|0.640394,N9884|4212|2.035011,0.00848232
N9878|2758|0.640394,N9876|12176|3.563165,0.0100496
N9878|2758|0.640394,N9881|13561|0.404367,0.00307827
N9878|2758|0.640394,N9862|13419|0.677409,0.0100583
N9878|2758|0.640394,N9877|5997|0.206392,0.00307622
N9878|2758|0.640394,N9864|13029|0.48077,0.00927731
N9878|2758|0.640394,N9883|4740|2.938363,0.0123975
N9878|2758|0.640394,N9882|5025|2.017777,0.00461951
N9878|2758|0.640394,N9861|14909|0.467325,0.0092744
N9878|2758|0.640394,N9867|2262|0.771963,0.00616732
N9878|2758|0.640394,N9875|10138|0.143738,0.00461396
N9878|2758|0.640394,N9870|10159|0.43556,0.006936
N9878|2758|0.640394,N9857|12874|2.319649,0.00693922
N9878|2758|0.640394,N9855|6001|0.173178,0.00771918
N9878|2758|0.640394,N9879|4595|5.543983,0.00771317
N9878|2758|0.640394,N9874|11501|0.244614,0.00384233
N9878|2758|0.640394,N9866|6159|2.918018,0.0108332
N9878|2758|0.640394,N9858|7228|0.829383,0.00461966
N9878|2758|0.640394,N9860|3015|1.032278,0.00694615
N9878|2758|0.640394,N9854|5220|2.64087,0.00926424
N9312|11152|6.701101,N9313|12927|2.952578,0.0132594
N9312|11152|6.701101,N9314|12722|3.282221,0.0139674
N9312|11152|6.701101,N9315|14193|0.052861,0.0124015
N9312|11152|6.701101,N9318|10710|0.589619,0.0139857
N9313|12927|2.952578,N9314|12722|3.282221,0.0148104
N9313|12927|2.952578,N9315|14193|0.052861,0.0132359
N9313|12927|2.952578,N9318|10710|0.589619,0.0148313
N11624|6571|0.228305,N11605|4602|3.361874,0.0139471
N11624|6571|0.228305,N11603|11797|1.655793,0.0139619
N11624|6571|0.228305,N11599|10603|1.183727,0.0147463
N11624|6571|0.228305,N11616|10945|0.229646,0.013946
N11624|6571|0.228305,N11610|4641|2.194546,0.0123982
N11624|6571|0.228305,N11612|7607|5.393571,0.0124098
N11624|6571|0.228305,N11602|1469|0.068194,0.0123918
N11624|6571|0.228305,N11604|14042|0.61391,0.0100415
N11624|6571|0.228305,N11595|5624|0.527232,0.0116114
N11624|6571|0.228305,N11596|10816|0.692399,0.0116114
N11624|6571|0.228305,N11592|6662|0.082858,0.0139951
N11624|6571|0.228305,N11606|7388|0.162691,0.00926676
N11624|6571|0.228305,N11613|13304|1.663156,0.0116005
N11624|6571|0.228305,N11611|3842|2.309476,0.0100415
N11624|6571|0.228305,N11600|4625|0.576178,0.0123983
N11624|6571|0.228305,N11593|9226|1.599335,0.013169
N11624|6571|0.228305,N11607|13674|2.220092,0.0116114
N11624|6571|0.228305,N11614|15324|0.132472,0.0116114
N7953|6532|0.004956,N7952|1385|0.446349,0.0023029
N7953|6532|0.004956,N7947|7971|3.261738,0.0139724
N7953|6532|0.004956,N7941|13715|0.321718,0.0131867
N7953|6532|0.004956,N7951|13066|0.564577,0.0100447
N12725|9526|0.558869,N12724|12029|0.10223,0.00616427
N12725|9526|0.558869,N12721|12292|1.084163,0.00616735
N12725|9526|0.558869,N12730|12949|0.061493,0.00384392
N12725|9526|0.558869,N12729|3913|4.208075,0.00616614
N12725|9526|0.558869,N12723|13100|2.761022,0.00693605
N12725|9526|0.558869,N12718|13208|0.414143,0.0108277
N12725|9526|0.558869,N12720|1572|0.182671,0.0108417
N12725|9526|0.558869,N12726|1522|2.240839,0.00616177
N12725|9526|0.558869,N12735|13411|1.300204,0.0147328
N10044|7950|0.695635,N10041|3276|0.238204,0.0108364
N10044|7950|0.695635,N10045|12472|0.860905,0.0123904
N9911|15104|0.372954,N9910|9461|9.803738,0.008511
N9911|15104|0.372954,N9909|15266|9.218238,0.00772823
N9911|15104|0.372954,N9912|12936|1.278866,0.014739
N9911|15104|0.372954,N9906|11546|0.788039,0.0123912
N9911|15104|0.372954,N9908|5600|0.180843,0.00771967
N9911|15104|0.372954,N9907|6221|0.798311,0.0108396
N9910|9461|9.803738,N9909|15266|9.218238,0.00230528
N11605|4602|3.361874,N11610|4641|2.194546,0.00927028
N11605|4602|3.361874,N11612|7607|5.393571,0.0108358
N11605|4602|3.361874,N11602|1469|0.068194,0.0139528
N11605|4602|3.361874,N11604|14042|0.61391,0.00693755
N11605|4602|3.361874,N11595|5624|0.527232,0.0131689
N11605|4602|3.361874,N11596|10816|0.692399,0.0131689
N11605|4602|3.361874,N11606|7388|0.162691,0.00616536
N11605|4602|3.361874,N11613|13304|1.663156,0.0100392
N11605|4602|3.361874,N11611|3842|2.309476,0.00848653
N11605|4602|3.361874,N11600|4625|0.576178,0.0139563
N11605|4602|3.361874,N11593|9226|1.599335,0.0147316
N11605|4602|3.361874,N11607|13674|2.220092,0.00849308
N11605|4602|3.361874,N11614|15324|0.132472,0.0100498
N10257|6893|1.220431,N10258|11600|5.414147,0.00694665
N10257|6893|1.220431,N10261|14522|1.599189,0.00849153
N10257|6893|1.220431,N10259|14317|1.019833,0.00616926
N10257|6893|1.220431,N10254|5148|2.583065,0.00926983
N10257|6893|1.220431,N10251|4593|1.663771,0.0147399
N10257|6893|1.220431,N10253|13358|0.566741,0.0123836
N10446|4176|0.534117,N10496|6203|0.037199,0.0131675
N10446|4176|0.534117,N10450|4103|2.396855,0.0100574
N10446|4176|0.534117,N10460|1800|0.07162,0.00771317
N10446|4176|0.534117,N10385|13721|0.084633,0.0147456
N10446|4176|0.534117,N10444|11264|4.117282,0.0053953
N10446|4176|0.534117,N10445|1942|5.275127,0.00307483
N10446|4176|0.534117,N10419|7788|0.960112,0.0147439
N10446|4176|0.534117,N10465|5296|0.714784,0.0100447
N10446|4176|0.534117,N10447|13406|0.157979,0.000767622
N10446|4176|0.534117,N10453|5010|3.198702,0.0124136
N10446|4176|0.534117,N10436|2703|0.383166,0.0116042
N10446|4176|0.534117,N10435|14161|2.34167,0.0147394
N10446|4176|0.534117,N10463|6162|0.183799,0.00849297
N10446|4176|0.534117,N10416|11369|0.698039,0.0147206
N10446|4176|0.534117,N10468|13503|2.975931,0.0100448
N10446|4176|0.534117,N10451|8351|0.152582,0.0116153
N10446|4176|0.534117,N10440|6346|0.732477,0.0108281
N10446|4176|0.534117,N10350|11191|0.820068,0.0139458
N10446|4176|0.534117,N10464|13817|1.982144,0.0131946
N10446|4176|0.534117,N10421|1621|0.185784,0.0139542
N10446|4176|0.534117,N10477|13531|0.072022,0.013956
N10446|4176|0.534117,N10457|8278|1.686393,0.0116153
N10446|4176|0.534117,N10452|9184|0.524044,0.01084
N10446|4176|0.534117,N10458|6483|1.010701,0.0108282
N10446|4176|0.534117,N10459|13491|0.273509,0.00927858
N12028|10124|0.008526,N12022|15079|0.179931,0.0124233
N12028|10124|0.008526,N11981|4158|1.444705,0.0140115
N12028|10124|0.008526,N11982|8400|0.852639,0.0147501
N12028|10124|0.008526,N11980|8650|1.136375,0.0124087
N12028|10124|0.008526,N12010|8885|0.16324,0.0131745
N12028|10124|0.008526,N11979|10096|0.769496,0.0116326
N12028|10124|0.008526,N11971|12636|0.690138,0.0108262
N12028|10124|0.008526,N12008|3071|0.647892,0.0147395
N11314|15272|1.5459,N11315|14273|17.673291,0.0147462
N11314|15272|1.5459,N11309|10131|1.20384,0.0123881
N11314|15272|1.5459,N11313|1562|2.839803,0.0069469
N11314|15272|1.5459,N11310|5739|0.947455,0.0108199
N11314|15272|1.5459,N11312|5572|2.450101,0.00770894
N11314|15272|1.5459,N11326|7505|0.083515,0.0147753
N8389|9722|1.08359,N8390|6308|0.602683,0.0092699
N8389|9722|1.08359,N8388|12848|0.591119,0.00772828
N8575|6510|3.577405,N8569|6801|0.783191,0.0124254
N8575|6510|3.577405,N8595|10283|0.208368,0.0147474
N8575|6510|3.577405,N8563|12261|0.017251,0.0147346
N8575|6510|3.577405,N8577|8419|1.10732,0.0100701
N8575|6510|3.577405,N8609|14094|1.142652,0.0132035
N8575|6510|3.577405,N8582|11892|0.085459,0.0100583
N8575|6510|3.577405,N8601|11429|2.258708,0.0147584
N8575|6510|3.577405,N8571|8832|0.01461,0.0124235
N8575|6510|3.577405,N8572|8563|2.244043,0.0131781
N8575|6510|3.577405,N8578|15099|0.090513,0.00851645
N8575|6510|3.577405,N8586|2351|0.429267,0.0139693
N8575|6510|3.577405,N8594|10280|0.478187,0.0147504
N8575|6510|3.577405,N8603|14859|1.315696,0.0116109
N8575|6510|3.577405,N8581|6371|0.050036,0.0132166
N8575|6510|3.577405,N8573|5847|3.806004,0.0124252
N8575|6510|3.577405,N8574|1551|0.966694,0.00852957
N8575|6510|3.577405,N8600|9314|0.056536,0.0116109
N9014|2951|1.925334,N9000|2661|1.128144,0.0123983
N9014|2951|1.925334,N9010|5896|0.079458,0.0108283
N9014|2951|1.925334,N9008|6572|1.500492,0.0131844
N9014|2951|1.925334,N9009|14787|1.215625,0.0108317
N9014|2951|1.925334,N9012|7036|0.144812,0.0139731
N9014|2951|1.925334,N9005|9621|0.184888,0.0131846
N9277|9808|2.488212,N9278|8324|0.126293,0.0015379
N9277|9808|2.488212,N9280|1878|0.108319,0.00773958
N9277|9808|2.488212,N9270|11008|0.082626,0.0147732
N9277|9808|2.488212,N9274|10577|0.532175,0.0132084
N9277|9808|2.488212,N9359|13859|0.138749,0.0147576
N9277|9808|2.488212,N9259|8520|0.048263,0.00927522
N9277|9808|2.488212,N9256|2757|2.040753,0.0116137
N9277|9808|2.488212,N9257|6339|0.058928,0.0100563
N9277|9808|2.488212,N9286|1853|1.74475,0.0147736
N9277|9808|2.488212,N9268|8263|0.021383,0.0132026
N9277|9808|2.488212,N9255|14771|0.350205,0.0100563
N9277|9808|2.488212,N9281|5602|0.079699,0.00695495
N9277|9808|2.488212,N9273|13046|0.2787,0.0140003
N9277|9808|2.488212,N9272|7257|0.692674,0.0139957
N9834|13451|6.832691,N9833|9941|0.470396,0.0124246
N8569|6801|0.783191,N8595|10283|0.208368,0.0123847
N8569|6801|0.783191,N8563|12261|0.017251,0.0131556
N8569|6801|0.783191,N8577|8419|1.10732,0.0116109
N8569|6801|0.783191,N8609|14094|1.142652,0.0100583
N8569|6801|0.783191,N8582|11892|0.085459,0.00848652
N8569|6801|0.783191,N8601|11429|2.258708,0.0131686
N8569|6801|0.783191,N8566|8396|2.10113,0.0147585
N8569|6801|0.783191,N8611|5692|2.305303,0.0139779
N8569|6801|0.783191,N8570|6567|1.474241,0.0116138
N8569|6801|0.783191,N8571|8832|0.01461,0.0124089
N8569|6801|0.783191,N8591|4533|1.628251,0.0131686
N8569|6801|0.783191,N8572|8563|2.244043,0.0131685
N8569|6801|0.783191,N8596|10492|1.664659,0.0139457
N8569|6801|0.783191,N8599|13315|1.800522,0.0147345
N8569|6801|0.783191,N8578|15099|0.090513,0.00848503
N8569|6801|0.783191,N8610|13391|2.668862,0.0123858
N8569|6801|0.783191,N8564|4408|0.742398,0.0139672
N8569|6801|0.783191,N8592|5055|2.510444,0.0147393
N8569|6801|0.783191,N8586|2351|0.429267,0.0123941
N8569|6801|0.783191,N8593|14066|6.884081,0.0131624
N8569|6801|0.783191,N8594|10280|0.478187,0.0123835
N8569|6801|0.783191,N8603|14859|1.315696,0.010039
N8569|6801|0.783191,N8606|11109|4.121354,0.0139471
N8569|6801|0.783191,N8581|6371|0.050036,0.01162
N8569|6801|0.783191,N8573|5847|3.806004,0.0123874
N8569|6801|0.783191,N8574|1551|0.966694,0.00849151
N8569|6801|0.783191,N8600|9314|0.056536,0.010039
N9119|6941|3.923678,N9118|9051|4.87176,0.0108267
N9119|6941|3.923678,N9113|7273|1.274578,0.0108478
N9119|6941|3.923678,N9108|7670|1.052065,0.0147565
N9119|6941|3.923678,N9126|4611|0.442235,0.0123966
N9119|6941|3.923678,N9117|15300|3.458374,0.0116208
N9119|6941|3.923678,N9116|10730|0.445411,0.0100605
N9119|6941|3.923678,N9109|4667|0.075349,0.0139529
N9119|6941|3.923678,N9134|1592|0.274906,0.0116003
N9119|6941|3.923678,N9115|2253|1.392066,0.00928608
N9119|6941|3.923678,N9124|12640|0.657822,0.0139562
N9119|6941|3.923678,N9114|12028|0.249049,0.0100728
N9119|6941|3.923678,N9133|10512|0.63993,0.011596
N9118|9051|4.87176,N9113|7273|1.274578,0.012409
N9118|9051|4.87176,N9126|4611|0.442235,0.0139675
N9118|9051|4.87176,N9117|15300|3.458374,0.0131868
N9118|9051|4.87176,N9116|10730|0.445411,0.01162
N9118|9051|4.87176,N9134|1592|0.274906,0.0131688
N9118|9051|4.87176,N9115|2253|1.392066,0.0092745
N9118|9051|4.87176,N9114|12028|0.249049,0.011633
N9118|9051|4.87176,N9133|10512|0.63993,0.0131678
N11237|3881|3.149819,N11247|5042|0.257851,0.0124012
N11237|3881|3.149819,N11258|2631|1.191311,0.0116007
N11237|3881|3.149819,N11246|2938|0.328696,0.00927537
N11237|3881|3.149819,N11238|3233|0.328401,0.00772355
N11237|3881|3.149819,N11250|10513|2.717306,0.0124065
N11237|3881|3.149819,N11239|2706|0.06103,0.00694523
N11237|3881|3.149819,N11257|10396|3.68508,0.0139653
N11237|3881|3.149819,N11255|3313|1.707005,0.0108422
N11237|3881|3.149819,N11249|12952|0.190843,0.0108462
N11237|3881|3.149819,N11254|2673|4.351879,0.0131941
N11237|3881|3.149819,N11242|14132|0.054995,0.0116151
N11237|3881|3.149819,N11251|10061|0.941611,0.0100564
N11237|3881|3.149819,N11253|10802|1.437638,0.0124072
N11237|3881|3.149819,N11241|3858|0.478726,0.0147734
N11237|3881|3.149819,N11259|13651|4.526962,0.0147627
N11237|3881|3.149819,N11256|8782|2.978578,0.0108323
N13073|3533|3.807489,N13077|12864|1.091684,0.0131742
N13073|3533|3.807489,N13082|1920|1.308468,0.0123973
N13073|3533|3.807489,N13078|10715|0.406326,0.0116068
N13073|3533|3.807489,N13081|11163|0.1151,0.00926629
N13073|3533|3.807489,N13076|4891|0.725229,0.0123911
N13073|3533|3.807489,N13072|12819|1.672875,0.0100528
N13073|3533|3.807489,N13080|8198|2.835692,0.0131624
N13073|3533|3.807489,N13079|1454|0.626084,0.0124177
N13073|3533|3.807489,N13071|4238|1.966479,0.00693604
N13073|3533|3.807489,N13070|7113|5.886608,0.0115914
N13073|3533|3.807489,N13087|2366|3.091692,0.014771
N12118|8639|1.477518,N12116|12596|0.676881,0.00230451
N12118|8639|1.477518,N12076|12350|0.074,0.01483
N12118|8639|1.477518,N12114|14759|0.42786,0.00540445
N12118|8639|1.477518,N12121|10891|1.462474,0.00928362
N12118|8639|1.477518,N12074|9368|0.993391,0.0140132
N12118|8639|1.477518,N12120|9198|0.687501,0.00929585
N12118|8639|1.477518,N12110|11218|0.923665,0.0147494
N11716|14103|5.266853,N11715|9563|3.299773,0.0147562
N11955|12818|1.911261,N11956|6480|9.168637,0.0123975
N11955|12818|1.911261,N11951|8255|0.548719,0.00772832
N11955|12818|1.911261,N11953|9752|0.750454,0.00693894
N7443|2138|0.266162,N7449|6178|1.983259,0.00694073
N7443|2138|0.266162,N7448|5474|0.236799,0.00384785
N7443|2138|0.266162,N7442|6669|2.495459,0.0139613
N7443|2138|0.266162,N7436|15309|1.420543,0.0139499
N7443|2138|0.266162,N7447|9983|3.052163,0.00616633
N7443|2138|0.266162,N7444|4231|5.518606,0.0124178
N7443|2138|0.266162,N7438|5804|1.092133,0.0108495
N7443|2138|0.266162,N7426|3108|1.291881,0.0147724
N7443|2138|0.266162,N7454|2711|0.057998,0.00616918
N7443|2138|0.266162,N7450|4514|0.348837,0.00540211
N7443|2138|0.266162,N7440|4221|1.427708,0.0100631
N7443|2138|0.266162,N7451|13616|0.92384,0.0061611
N7443|2138|0.266162,N7439|8645|0.933322,0.00927845
N7443|2138|0.266162,N7466|3451|0.070638,0.0147498
N7443|2138|0.266162,N7453|14226|3.199795,0.00694546
N7443|2138|0.266162,N7441|15268|1.890086,0.0108323
N7443|2138|0.266162,N7445|3439|0.825649,0.00461955
N9406|9757|1.246202,N9384|9009|1.313177,0.0147576
N9406|9757|1.246202,N9400|10181|1.115884,0.0108202
N9406|9757|1.246202,N9380|13987|0.013952,0.0131831
N9406|9757|1.246202,N9402|14702|1.463795,0.00693607
N9406|9757|1.246202,N9422|9014|1.448228,0.0100514
N9406|9757|1.246202,N9397|14957|1.010538,0.0100411
N9406|9757|1.246202,N9418|11659|0.082455,0.00771732
N9406|9757|1.246202,N9408|9665|0.673645,0.0092655
N9406|9757|1.246202,N9423|6527|0.148587,0.00850093
N9406|9757|1.246202,N9398|2413|1.127416,0.00693606
N9406|9757|1.246202,N9394|7196|2.769976,0.0100482
N9406|9757|1.246202,N9416|3982|2.127591,0.00849622
N9406|9757|1.246202,N9359|13859|0.138749,0.0116215
N9406|9757|1.246202,N9429|6293|0.044463,0.00694618
N9406|9757|1.246202,N9368|5528|1.847757,0.0131866
N9406|9757|1.246202,N9385|1958|3.873197,0.0147578
N9406|9757|1.246202,N9419|8042|1.209773,0.0100583
N9406|9757|1.246202,N9432|6316|2.40081,0.0131674
N9406|9757|1.246202,N9420|3100|3.388402,0.0108354
N9406|9757|1.246202,N9382|3614|0.131365,0.0139713
N9406|9757|1.246202,N9413|7854|2.302913,0.0108353
N9406|9757|1.246202,N9370|6191|0.044663,0.01241
N9406|9757|1.246202,N9411|12961|0.776325,0.00616175
N9406|9757|1.246202,N9414|3729|3.038117,0.0108445
N9406|9757|1.246202,N9405|11433|2.621768,0.00616916
N9406|9757|1.246202,N9433|9770|1.952284,0.013194
N9406|9757|1.246202,N9426|2312|2.112556,0.0123901
N9406|9757|1.246202,N9417|14062|0.337818,0.00771732
N9406|9757|1.246202,N9425|10731|0.354384,0.00927831
N9406|9757|1.246202,N9358|15303|1.043357,0.0124013
N9406|9757|1.246202,N9399|10757|3.06532,0.00849622
N9406|9757|1.246202,N9404|11969|0.138192,0.00538829
N9406|9757|1.246202,N9410|13851|2.199643,0.00849273
N9406|9757|1.246202,N9363|2727|3.279489,0.0147455
N10236|9113|1.841204,N10237|9820|0.33196,0.00153499
N10236|9113|1.841204,N10230|14806|0.229795,0.0100639
N10236|9113|1.841204,N10239|14223|0.730288,0.00462042
N10236|9113|1.841204,N10238|14027|7.405968,0.0139798
N10236|9113|1.841204,N10240|3543|0.53474,0.010851
N10236|9113|1.841204,N10253|13358|0.566741,0.0147701
N10236|9113|1.841204,N10235|1812|3.471862,0.0124158
N12724|12029|0.10223,N12721|12292|1.084163,0.00153498
N12724|12029|0.10223,N12730|12949|0.061493,0.00693606
N12724|12029|0.10223,N12729|3913|4.208075,0.00927004
N12724|12029|0.10223,N12770|5861|0.616059,0.0147311
N12724|12029|0.10223,N12723|13100|2.761022,0.00076673
N12724|12029|0.10223,N12718|13208|0.414143,0.00849168
N12724|12029|0.10223,N12720|1572|0.182671,0.00850028
N12724|12029|0.10223,N12805|7599|5.251764,0.0147316
N12724|12029|0.10223,N12769|13527|0.825958,0.0139527
N12724|12029|0.10223,N12726|1522|2.240839,0.00926656
N12724|12029|0.10223,N12735|13411|1.300204,0.0123795
N10066|5044|1.170769,N10069|12002|1.22255,0.0139527
N10066|5044|1.170769,N10068|11807|1.557756,0.0124236
N10066|5044|1.170769,N10063|11014|3.925773,0.00927747
N10066|5044|1.170769,N10065|8060|1.039306,0.00772015
N10066|5044|1.170769,N10094|7322|3.27339,0.0116072
N10066|5044|1.170769,N10096|4634|3.033585,0.0116072
N10066|5044|1.170769,N10060|3824|0.405696,0.0139613
N10066|5044|1.170769,N10062|10532|0.956953,0.0100498
N10066|5044|1.170769,N10105|6840|2.06747,0.0147504
N10066|5044|1.170769,N10061|3384|0.179959,0.00538995
N12341|3312|2.542448,N12340|14760|0.151369,0.0147312
N12341|3312|2.542448,N12326|10017|0.968429,0.0131865
N12341|3312|2.542448,N12327|2178|4.302167,0.0147396
N12341|3312|2.542448,N12322|6249|0.030627,0.0147472
N12341|3312|2.542448,N12336|6471|2.511308,0.014739
N10496|6203|0.037199,N10498|1409|2.998609,0.00539837
N10496|6203|0.037199,N10460|1800|0.07162,0.0131675
N10496|6203|0.037199,N10385|13721|0.084633,0.0139779
N10496|6203|0.037199,N10445|1942|5.275127,0.0147398
N10496|6203|0.037199,N10485|7680|2.958462,0.0131898
N10496|6203|0.037199,N10401|9819|0.783816,0.014756
N10496|6203|0.037199,N10465|5296|0.714784,0.0147312
N10496|6203|0.037199,N10396|13112|0.065223,0.0147504
N10496|6203|0.037199,N10447|13406|0.157979,0.0123836
N10496|6203|0.037199,N10502|9692|3.366082,0.0100607
N10496|6203|0.037199,N10500|15192|0.972975,0.00616729
N10496|6203|0.037199,N10489|14557|1.2079,0.0139726
N10496|6203|0.037199,N10463|6162|0.183799,0.0123835
N10496|6203|0.037199,N10394|7361|0.277432,0.014731
N10496|6203|0.037199,N10493|3189|0.684653,0.0108399
N10496|6203|0.037199,N10440|6346|0.732477,0.0147503
N10496|6203|0.037199,N10491|10314|2.891016,0.0108383
N10496|6203|0.037199,N10350|11191|0.820068,0.0147312
N10496|6203|0.037199,N10482|5922|0.535341,0.0108265
N10496|6203|0.037199,N10501|6935|3.339859,0.0100515
N10496|6203|0.037199,N10504|14885|0.410614,0.0061615
N10496|6203|0.037199,N10400|14302|0.087592,0.0147583
N10496|6203|0.037199,N10487|12981|0.426877,0.0147909
N10496|6203|0.037199,N10459|13491|0.273509,0.0147498
N10496|6203|0.037199,N10505|8617|0.171908,0.00693929
N10496|6203|0.037199,N10503|8171|1.286944,0.00850095
N8010|5246|1.571658,N8032|13906|0.570499,0.0123776
N8010|5246|1.571658,N8015|5442|3.948232,0.0139559
N8010|5246|1.571658,N8021|4539|2.068237,0.0147256
N8010|5246|1.571658,N8028|7486|0.293428,0.0139394
N8010|5246|1.571658,N8013|7554|2.307135,0.0131868
N8010|5246|1.571658,N8009|14525|0.152579,0.00538485
N8010|5246|1.571658,N8034|11942|0.98519,0.0139454
N8010|5246|1.571658,N8007|9686|0.849915,0.00848642
N8010|5246|1.571658,N8039|4402|0.429196,0.0131568
N8010|5246|1.571658,N8014|11541|1.407573,0.0139782
N8010|5246|1.571658,N8008|8037|2.076879,0.00849281
N8010|5246|1.571658,N8020|4770|0.329201,0.0123914
N8010|5246|1.571658,N8011|6303|3.222924,0.0123835
N8010|5246|1.571658,N8012|12050|0.024109,0.0123978
N9793|4676|1.867748,N9797|9238|2.012604,0.0100723
N9793|4676|1.867748,N9794|14737|3.13713,0.00153498
N9793|4676|1.867748,N9796|12538|1.649078,0.00771995
N10793|6741|1.456684,N10807|4417|0.540167,0.0140132
N10793|6741|1.456684,N10790|8624|1.814839,0.0139956
N10793|6741|1.456684,N10804|6679|0.385732,0.0148302
N10793|6741|1.456684,N10801|4309|1.346652,0.0116648
N10793|6741|1.456684,N10792|4678|0.278792,0.00773955
N10793|6741|1.456684,N10791|5095|0.101859,0.0139775
N10793|6741|1.456684,N10806|8085|0.809489,0.0148097
N10793|6741|1.456684,N10794|4196|1.198788,0.0148081
N10793|6741|1.456684,N10802|5614|0.119248,0.0139956
N10793|6741|1.456684,N10803|14417|0.009516,0.0140312
N10793|6741|1.456684,N10786|7868|1.275439,0.0147581
N10793|6741|1.456684,N10796|4868|0.355894,0.0140313
N8345|10155|0.207743,N8349|5573|0.240558,0.001535
N8345|10155|0.207743,N8348|2492|0.545785,0.00307296
N8345|10155|0.207743,N8350|11689|1.066414,0.00538673
N8345|10155|0.207743,N8346|10358|0.231302,0.0023109
N8345|10155|0.207743,N8352|5699|1.278721,0.00927017
N8345|10155|0.207743,N8347|5005|4.874808,0.0132125
N7711|1601|0.185578,N7696|6211|2.346475,0.00927025
N7711|1601|0.185578,N7672|4796|0.453661,0.0147257
N7711|1601|0.185578,N7702|1487|0.895309,0.0123995
N7711|1601|0.185578,N7697|5849|2.33713,0.0123904
N7711|1601|0.185578,N7712|14567|5.434348,0.010036
N7711|1601|0.185578,N7694|4064|2.201154,0.0132008
N7711|1601|0.185578,N7700|13769|0.192904,0.0108323
N7711|1601|0.185578,N7703|6455|2.844013,0.011605
N7711|1601|0.185578,N7709|11706|0.15315,0.00384621
N7711|1601|0.185578,N7714|3550|0.106017,0.00616653
N7711|1601|0.185578,N7713|13298|0.510114,0.00770881
N10363|6770|0.75263,N10447|13406|0.157979,0.0147333
N10363|6770|0.75263,N10364|9025|0.732719,0.00694779
N10363|6770|0.75263,N10365|14245|1.181506,0.00695624
N9409|13353|3.590625,N9408|9665|0.673645,0.0123773
N9409|13353|3.590625,N9411|12961|0.776325,0.00926068
N9409|13353|3.590625,N9410|13851|2.199643,0.0116025
N10048|10282|0.948719,N10050|2175|1.199263,0.0108507
N10048|10282|0.948719,N10049|9842|2.399333,0.0147699
N10048|10282|0.948719,N10047|3647|2.358655,0.00927015
N10048|10282|0.948719,N10051|2045|4.253187,0.0147698
N10048|10282|0.948719,N10024|11221|2.732505,0.0147504
N10450|4103|2.396855,N10460|1800|0.07162,0.00849635
N10450|4103|2.396855,N10444|11264|4.117282,0.0139799
N10450|4103|2.396855,N10445|1942|5.275127,0.0116219
N10450|4103|2.396855,N10465|5296|0.714784,0.0108314
N10450|4103|2.396855,N10447|13406|0.157979,0.0092755
N10450|4103|2.396855,N10453|5010|3.198702,0.0100656
N10450|4103|2.396855,N10463|6162|0.183799,0.00927547
N10450|4103|2.396855,N10468|13503|2.975931,0.0131834
N10450|4103|2.396855,N10451|8351|0.152582,0.00927553
N10450|4103|2.396855,N10440|6346|0.732477,0.0147577
N10450|4103|2.396855,N10464|13817|1.982144,0.0139785
N10450|4103|2.396855,N10457|8278|1.686393,0.00927556
N10450|4103|2.396855,N10452|9184|0.524044,0.00850221
N10450|4103|2.396855,N10458|6483|1.010701,0.00850077
N10450|4103|2.396855,N10459|13491|0.273509,0.00695515
N11270|7155|1.685967,N11271|9085|8.13581,0.0108338
N11270|7155|1.685967,N11261|3110|0.877249,0.0108357
N11270|7155|1.685967,N11266|1515|2.91517,0.0147512
N11270|7155|1.685967,N11269|14899|0.38981,0.0108336
N11270|7155|1.685967,N11281|13364|0.185494,0.0147385
N11270|7155|1.685967,N11288|13108|0.384806,0.0147385
N11270|7155|1.685967,N11278|7842|1.936678,0.00927457
N11270|7155|1.685967,N11263|9326|0.863094,0.008511
N11270|7155|1.685967,N11268|1588|0.835826,0.0100587
N11270|7155|1.685967,N11272|7605|0.463027,0.00153464
N11270|7155|1.685967,N11284|8731|0.171845,0.0147271
N11270|7155|1.685967,N11282|15176|0.441175,0.0139475
N11270|7155|1.685967,N11277|3094|1.405953,0.0139397
N11270|7155|1.685967,N11279|13880|0.575043,0.010828
N11270|7155|1.685967,N11265|11932|2.622816,0.00849292
N11270|7155|1.685967,N11276|2917|0.721746,0.0116042
N11270|7155|1.685967,N11274|11186|2.075797,0.0131686
N11270|7155|1.685967,N11287|1604|0.798294,0.0147386
N11271|9085|8.13581,N11272|7605|0.463027,0.00927407
N11201|1400|1.39606,N11211|3669|2.156246,0.00928397
N11201|1400|1.39606,N11217|2394|0.726068,0.0139457
N11201|1400|1.39606,N11205|12735|0.493271,0.00770878
N11201|1400|1.39606,N11200|9936|3.798424,0.00695551
N11201|1400|1.39606,N11206|4715|3.061944,0.00848237
N11201|1400|1.39606,N11196|2056|0.95491,0.00927367
N11201|1400|1.39606,N11210|5343|1.815671,0.00849631
N11201|1400|1.39606,N11204|14459|1.246016,0.00770878
N11201|1400|1.39606,N11203|11166|2.317383,0.010824
N11201|1400|1.39606,N11212|1937|0.207728,0.0139545
N11201|1400|1.39606,N11213|6878|0.573284,0.0131687
N11201|1400|1.39606,N11209|11513|2.376764,0.0116008
N11201|1400|1.39606,N11197|8504|2.111817,0.0108237
N11201|1400|1.39606,N11208|2122|2.080393,0.00926427
N11201|1400|1.39606,N11216|9423|0.027099,0.0131677
N11201|1400|1.39606,N11199|2139|0.525467,0.00694617
N10523|11507|0.463124,N10537|2793|1.663414,0.013184
N10523|11507|0.463124,N10540|3723|0.326189,0.00927028
N10523|11507|0.463124,N10524|6095|3.077912,0.0147902
N10523|11507|0.463124,N10522|5802|1.060222,0.000767359
N10523|11507|0.463124,N10518|9355|1.106462,0.0139614
N10523|11507|0.463124,N10527|6890|0.101809,0.0124012
N10523|11507|0.463124,N10539|3755|0.466474,0.0100497
N10523|11507|0.463124,N10526|7145|1.150403,0.0108398
N10523|11507|0.463124,N10532|12282|4.59853,0.0124074
N10523|11507|0.463124,N10521|14655|3.786586,0.0100486
N10523|11507|0.463124,N10536|5868|0.748762,0.010053
N10523|11507|0.463124,N10525|5486|3.135281,0.0108385
N10523|11507|0.463124,N10541|2290|2.197935,0.0123849
N10523|11507|0.463124,N10535|12368|0.523269,0.00772001
N7204|9474|2.871165,N7220|10570|1.082133,0.0131863
N7204|9474|2.871165,N7211|15134|1.061161,0.0108198
N7204|9474|2.871165,N7219|11468|0.060354,0.0131863
N7204|9474|2.871165,N7208|6016|1.626661,0.00616743
N7204|9474|2.871165,N7203|6151|0.533891,0.00616741
N7204|9474|2.871165,N7216|13402|0.665164,0.013175
N7204|9474|2.871165,N7209|3424|0.568831,0.00771856
N7204|9474|2.871165,N7213|9538|0.153531,0.0108453
N8595|10283|0.208368,N8563|12261|0.017251,0.0123799
N8595|10283|0.208368,N8577|8419|1.10732,0.0139748
N8595|10283|0.208368,N8609|14094|1.142652,0.0108322
N8595|10283|0.208368,N8588|12447|1.070126,0.013192
N8595|10283|0.208368,N8582|11892|0.085459,0.00616629
N8595|10283|0.208368,N8601|11429|2.258708,0.0108322
N8595|10283|0.208368,N8611|5692|2.305303,0.0147398
N8595|10283|0.208368,N8571|8832|0.01461,0.0147496
N8595|10283|0.208368,N8591|4533|1.628251,0.00230451
N8595|10283|0.208368,N8583|8725|2.629299,0.0123835
N8595|10283|0.208368,N8596|10492|1.664659,0.00461618
N8595|10283|0.208368,N8599|13315|1.800522,0.00616723
N8595|10283|0.208368,N8598|9678|4.893148,0.00926975
N8595|10283|0.208368,N8578|15099|0.090513,0.0108364
N8595|10283|0.208368,N8610|13391|2.668862,0.0131624
N8595|10283|0.208368,N8564|4408|0.742398,0.0131747
N8595|10283|0.208368,N8592|5055|2.510444,0.00384786
N8595|10283|0.208368,N8602|9185|4.229929,0.0147495
N8595|10283|0.208368,N8586|2351|0.429267,0.00695518
N8595|10283|0.208368,N8593|14066|6.884081,0.00230599
N8595|10283|0.208368,N8594|10280|0.478187,0.00153498
N8595|10283|0.208368,N8597|3589|2.374505,0.00849263
N8595|10283|0.208368,N8603|14859|1.315696,0.00771798
N8595|10283|0.208368,N8606|11109|4.121354,0.011626
N8595|10283|0.208368,N8585|6747|4.03225,0.0123836
N8595|10283|0.208368,N8581|6371|0.050036,0.00927729
N8595|10283|0.208368,N8573|5847|3.806004,0.0147532
N8595|10283|0.208368,N8574|1551|0.966694,0.0108364
N8595|10283|0.208368,N8600|9314|0.056536,0.00771797
N12252|6686|9.080687,N12253|11064|0.662412,0.013145
N13022|6042|5.029928,N13015|7025|0.167928,0.0147396
N13022|6042|5.029928,N13013|13077|0.990917,0.0147311
N13022|6042|5.029928,N13026|9197|0.544685,0.0139498
N13022|6042|5.029928,N13023|9255|2.431417,0.0123848
N8531|3848|0.252103,N8536|1578|1.200852,0.00540203
N8531|3848|0.252103,N8543|5534|1.731312,0.0108382
N8531|3848|0.252103,N8541|13638|8.498028,0.0147493
N8531|3848|0.252103,N8545|8408|2.651616,0.0100564
N8531|3848|0.252103,N8532|3610|2.520584,0.00463254
N8531|3848|0.252103,N8544|7232|0.87161,0.0108322
N8531|3848|0.252103,N8542|14167|3.9748,0.0131829
N8531|3848|0.252103,N8547|9642|2.033348,0.0147255
N8531|3848|0.252103,N8535|9122|0.13603,0.00463247
N8531|3848|0.252103,N8537|12736|0.793561,0.00694762
N8531|3848|0.252103,N8539|10972|3.907177,0.0123976
N12926|1746|0.022225,N12929|15262|2.182145,0.013956
N12926|1746|0.022225,N12923|7004|6.511261,0.0108246
N12926|1746|0.022225,N12927|4477|1.2477,0.010039
N12926|1746|0.022225,N12925|11810|0.737225,0.00153436
N12926|1746|0.022225,N12924|8780|12.365151,0.0108117
N9345|13969|7.396194,N9346|11654|6.65723,0.00461969
N9345|13969|7.396194,N9343|11073|2.399815,0.0116008
N9345|13969|7.396194,N9337|15095|0.733485,0.0116095
N9345|13969|7.396194,N9350|15286|0.742999,0.0115966
N9345|13969|7.396194,N9340|13662|3.058796,0.0100405
N9345|13969|7.396194,N9349|10069|1.964609,0.0123739
N9345|13969|7.396194,N9331|12217|1.148734,0.0123773
N9345|13969|7.396194,N9341|11718|4.206502,0.0147399
N9345|13969|7.396194,N9333|13054|1.645774,0.0108164
N9345|13969|7.396194,N9344|3471|0.361147,0.00926558
N9345|13969|7.396194,N9332|12098|1.613069,0.0131748
N9345|13969|7.396194,N9342|14450|0.850897,0.00849264
N9345|13969|7.396194,N9334|8076|0.202191,0.00849264
N9346|11654|6.65723,N9343|11073|2.399815,0.0100502
N9346|11654|6.65723,N9337|15095|0.733485,0.0100412
N9346|11654|6.65723,N9351|2120|3.029378,0.0147203
N9346|11654|6.65723,N9350|15286|0.742999,0.0100497
N9346|11654|6.65723,N9340|13662|3.058796,0.00848233
N9346|11654|6.65723,N9349|10069|1.964609,0.0108256
N9346|11654|6.65723,N9331|12217|1.148734,0.0108148
N9346|11654|6.65723,N9335|4549|4.258833,0.0139466
N9346|11654|6.65723,N9341|11718|4.206502,0.0131762
N9346|11654|6.65723,N9370|6191|0.044663,0.0147399
N9346|11654|6.65723,N9333|13054|1.645774,0.00925683
N9346|11654|6.65723,N9344|3471|0.361147,0.00770876
N9346|11654|6.65723,N9332|12098|1.613069,0.0116001
N9346|11654|6.65723,N9342|14450|0.850897,0.00693376
N9346|11654|6.65723,N9334|8076|0.202191,0.00693376
N7449|6178|1.983259,N7448|5474|0.236799,0.00307296
N7449|6178|1.983259,N7436|15309|1.420543,0.0147255
N7449|6178|1.983259,N7447|9983|3.052163,0.00538674
N7449|6178|1.983259,N7444|4231|5.518606,0.0131952
N7449|6178|1.983259,N7438|5804|1.092133,0.0116041
N7449|6178|1.983259,N7454|2711|0.057998,0.0053906
N7449|6178|1.983259,N7450|4514|0.348837,0.00461764
N7449|6178|1.983259,N7440|4221|1.427708,0.0108311
N7449|6178|1.983259,N7451|13616|0.92384,0.0053859
N7449|6178|1.983259,N7439|8645|0.933322,0.0100513
N7449|6178|1.983259,N7453|14226|3.199795,0.0061611
N7449|6178|1.983259,N7441|15268|1.890086,0.0116108
N7449|6178|1.983259,N7445|3439|0.825649,0.0038452
N12750|8342|0.943226,N12800|3339|0.55552,0.0131938
N12750|8342|0.943226,N12801|7832|1.540443,0.0131806
N12750|8342|0.943226,N12796|8593|0.43714,0.0116174
N12750|8342|0.943226,N12784|3331|0.692063,0.0139559
N12750|8342|0.943226,N12761|7081|2.292789,0.0116217
N12750|8342|0.943226,N12792|4718|1.104993,0.0108321
N12750|8342|0.943226,N12758|8468|1.311158,0.0100496
N12750|8342|0.943226,N12759|12675|0.102362,0.00771731
N12750|8342|0.943226,N12770|5861|0.616059,0.0131871
N12750|8342|0.943226,N12751|14883|0.545789,0.00462351
N12750|8342|0.943226,N12756|2309|1.276595,0.00771979
N12750|8342|0.943226,N12755|12020|0.149553,0.00694755
N12750|8342|0.943226,N12803|2064|0.265817,0.0108362
N12750|8342|0.943226,N12804|2693|0.587741,0.0131747
N12750|8342|0.943226,N12795|4574|2.553366,0.0116259
N12750|8342|0.943226,N12805|7599|5.251764,0.0116109
N12750|8342|0.943226,N12760|3800|0.656399,0.0131747
N12750|8342|0.943226,N12769|13527|0.825958,0.0123976
N12750|8342|0.943226,N12754|12915|1.230618,0.00928258
N12750|8342|0.943226,N12802|8143|0.716222,0.0124029
N12750|8342|0.943226,N12797|2791|0.77827,0.0100572
N12750|8342|0.943226,N12747|10085|0.02083,0.00230528
N12750|8342|0.943226,N12765|5223|0.290977,0.0131838
N12750|8342|0.943226,N12763|9214|0.250753,0.00850095
N12750|8342|0.943226,N12791|3432|1.382532,0.0139784
N12750|8342|0.943226,N12794|1915|0.264954,0.0108361
N12750|8342|0.943226,N12748|6117|1.604552,0.00538595
N12750|8342|0.943226,N12735|13411|1.300204,0.0131746
N12750|8342|0.943226,N12782|13348|2.56449,0.0139466
N12750|8342|0.943226,N12762|13412|1.090735,0.0116024
N11627|2784|1.292767,N11635|7975|0.702985,0.0147233
N11627|2784|1.292767,N11660|13089|0.382191,0.0147227
N8660|3004|0.530455,N8665|4011|0.724426,0.0116204
N8660|3004|0.530455,N8659|8322|0.377356,0.00616727
N8660|3004|0.530455,N8663|11239|1.72174,0.0139655
N8660|3004|0.530455,N8667|5850|1.086772,0.0116338
N8660|3004|0.530455,N8666|13078|0.559671,0.0100582
N8660|3004|0.530455,N8669|4088|1.262664,0.0139526
N8660|3004|0.530455,N8670|11686|1.623364,0.0131686
N8660|3004|0.530455,N8674|9719|0.296966,0.0124252
N8660|3004|0.530455,N8661|10851|1.961822,0.00307297
N8660|3004|0.530455,N8662|14607|7.138743,0.00617515
N8660|3004|0.530455,N8672|2210|0.469018,0.0116199
N8660|3004|0.530455,N8673|13767|0.155844,0.0108476
N8660|3004|0.530455,N8678|10511|0.772648,0.0147561
N10161|1892|0.185477,N10140|13774|1.624122,0.0131858
N10161|1892|0.185477,N10162|2511|1.108867,0.00461966
N10161|1892|0.185477,N10153|2144|0.895476,0.0131874
N10161|1892|0.185477,N10149|11080|0.160309,0.0147926
N10161|1892|0.185477,N10154|13738|0.207181,0.013202
N10161|1892|0.185477,N10158|14329|0.227607,0.0139962
N10161|1892|0.185477,N10160|4433|0.171967,0.0139939
N10161|1892|0.185477,N10136|6253|0.845949,0.0147424
N10161|1892|0.185477,N10139|5635|0.470954,0.0131858
N11064|10345|5.454363,N11065|4475|0.303463,0.0147507
N9570|4312|5.971935,N9567|1682|1.220902,0.0139955
N9570|4312|5.971935,N9563|10572|0.466155,0.0116088
N9570|4312|5.971935,N9569|14020|1.47538,0.013187
N9570|4312|5.971935,N9564|8190|1.697426,0.0139558
N9570|4312|5.971935,N9568|6979|2.778294,0.0116088
N9570|4312|5.971935,N9560|8544|0.447709,0.0108197
N9570|4312|5.971935,N9565|9084|0.859842,0.0147314
N9570|4312|5.971935,N9566|1874|1.386538,0.0123792
N7843|1687|0.37952,N7844|2093|0.16838,0.00461763
N7843|1687|0.37952,N7838|7129|0.242089,0.00848646
N7843|1687|0.37952,N7836|13458|6.078908,0.0115999
N7843|1687|0.37952,N7815|11573|0.022539,0.0131674
N7843|1687|0.37952,N7829|7474|0.01916,0.0139692
N7843|1687|0.37952,N7835|11534|2.273651,0.0108312
N7843|1687|0.37952,N7845|3449|1.066443,0.0139726
N7843|1687|0.37952,N7839|11309|7.30164,0.0108247
N7843|1687|0.37952,N7826|10571|1.21748,0.0147629
N7843|1687|0.37952,N7814|5279|0.380088,0.0139608
N7843|1687|0.37952,N7833|5742|2.205444,0.013161
N7843|1687|0.37952,N7834|13992|3.359426,0.0147343
N12222|5898|0.22706,N12224|5930|5.8577,0.0139989
N12222|5898|0.22706,N12223|5011|3.053448,0.00927513
N13042|11415|0.646578,N13030|14162|0.229725,0.0100495
N13042|11415|0.646578,N13055|13868|1.589563,0.0124095
N13042|11415|0.646578,N13082|1920|1.308468,0.0139612
N13042|11415|0.646578,N13064|2313|0.464264,0.00928408
N13042|11415|0.646578,N13039|7252|7.328065,0.0100573
N13042|11415|0.646578,N13047|2936|1.890519,0.00928374
N13042|11415|0.646578,N13081|11163|0.1151,0.0139667
N13042|11415|0.646578,N13065|9942|3.28249,0.011615
N13042|11415|0.646578,N13063|12606|0.037579,0.0116217
N13042|11415|0.646578,N13067|12459|0.550295,0.00849129
N13042|11415|0.646578,N13049|2463|0.241606,0.0108441
N13042|11415|0.646578,N13062|8226|0.442183,0.0108352
N13042|11415|0.646578,N13045|8524|3.432792,0.00849653
N13042|11415|0.646578,N13050|8552|0.300629,0.0116212
N13042|11415|0.646578,N13066|11539|2.641891,0.0116069
N13042|11415|0.646578,N13057|8415|0.620575,0.0108581
N13042|11415|0.646578,N13035|2966|0.267509,0.0108311
N13042|11415|0.646578,N13044|14894|0.279795,0.00153498
N13042|11415|0.646578,N13058|11167|1.17044,0.0092841
N13042|11415|0.646578,N13052|14348|1.81875,0.0139668
N13042|11415|0.646578,N13026|9197|0.544685,0.0147494
N13042|11415|0.646578,N13053|4954|0.008268,0.0084998
N13042|11415|0.646578,N13041|13386|2.491826,0.0100717
N13042|11415|0.646578,N13031|1964|2.547926,0.0131762
N13042|11415|0.646578,N13071|4238|1.966479,0.0147392
N13042|11415|0.646578,N13043|6617|8.289705,0.00771311
N13042|11415|0.646578,N13046|7586|0.27506,0.0023045
N13042|11415|0.646578,N13023|9255|2.431417,0.013197
N12478|3026|5.67591,N12481|5745|0.140218,0.0147708
N12478|3026|5.67591,N12480|6588|1.156968,0.0131743
N9384|9009|1.313177,N9380|13987|0.013952,0.00539653
N9384|9009|1.313177,N9386|13312|1.083904,0.00461966
N9384|9009|1.313177,N9418|11659|0.082455,0.0147675
N9384|9009|1.313177,N9393|2307|0.682241,0.01398
N9384|9009|1.313177,N9359|13859|0.138749,0.0116152
N9384|9009|1.313177,N9429|6293|0.044463,0.0139855
N9384|9009|1.313177,N9368|5528|1.847757,0.0123977
N9384|9009|1.313177,N9385|1958|3.873197,0.00307623
N9384|9009|1.313177,N9390|2933|0.66356,0.0123777
N9384|9009|1.313177,N9257|6339|0.058928,0.0147567
N9384|9009|1.313177,N9387|6126|5.358804,0.00850099
N9384|9009|1.313177,N9255|14771|0.350205,0.0147567
N9384|9009|1.313177,N9382|3614|0.131365,0.00616955
N9384|9009|1.313177,N9381|3359|1.575732,0.00851057
N9384|9009|1.313177,N9370|6191|0.044663,0.0116216
N9384|9009|1.313177,N9367|13918|2.215421,0.0147454
N9384|9009|1.313177,N9417|14062|0.337818,0.0147675
N9384|9009|1.313177,N9388|7990|6.867605,0.0131676
N9384|9009|1.313177,N9358|15303|1.043357,0.0123978
N9384|9009|1.313177,N9363|2727|3.279489,0.0147399
N9643|3447|0.119031,N9640|14360|3.414417,0.00926992
N9643|3447|0.119031,N9639|12181|9.136207,0.0115959
N9643|3447|0.119031,N9637|2173|2.015081,0.0108314
N9643|3447|0.119031,N9636|10447|3.210074,0.0139803
N9643|3447|0.119031,N9644|7442|2.394774,0.00928443
N9643|3447|0.119031,N9635|5757|0.539996,0.0147579
N9824|1793|2.752894,N9823|1727|2.2514,0.0123914
N9824|1793|2.752894,N9820|3484|0.38852,0.0139799
N9824|1793|2.752894,N9819|3524|3.039385,0.0147576
N9824|1793|2.752894,N9822|10407|0.064502,0.0116217
N11247|5042|0.257851,N11258|2631|1.191311,0.0116023
N11247|5042|0.257851,N11246|2938|0.328696,0.00461619
N11247|5042|0.257851,N11238|3233|0.328401,0.0108313
N11247|5042|0.257851,N11250|10513|2.717306,0.00927853
N11247|5042|0.257851,N11239|2706|0.06103,0.0100496
N11247|5042|0.257851,N11257|10396|3.68508,0.0139608
N11247|5042|0.257851,N11255|3313|1.707005,0.0108386
N11247|5042|0.257851,N11249|12952|0.190843,0.00771983
N11247|5042|0.257851,N11254|2673|4.351879,0.0131922
N11247|5042|0.257851,N11242|14132|0.054995,0.0100515
N11247|5042|0.257851,N11251|10061|0.941611,0.00694073
N11247|5042|0.257851,N11253|10802|1.437638,0.0092754
N11247|5042|0.257851,N11241|3858|0.478726,0.0132007
N11247|5042|0.257851,N11259|13651|4.526962,0.0147732
N11247|5042|0.257851,N11256|8782|2.978578,0.0108313
N10059|6683|3.021529,N10060|3824|0.405696,0.0131692
N10059|6683|3.021529,N10058|7641|2.216887,0.010053
N10059|6683|3.021529,N10061|3384|0.179959,0.0139611
N8793|12707|5.605395,N8789|14927|5.602195,0.0132028
N8793|12707|5.605395,N8792|14407|1.135004,0.0139796
N8793|12707|5.605395,N8791|10412|2.069768,0.0124189
N9447|7685|4.71783,N9446|6330|1.012356,0.0139532
N12967|9269|0.595373,N12973|7414|2.121448,0.0139696
N12967|9269|0.595373,N12968|3251|4.304614,0.0084904
N12967|9269|0.595373,N12969|7672|1.042786,0.0100486
N12967|9269|0.595373,N12970|7761|2.204726,0.0147478
N12967|9269|0.595373,N12975|8764|3.432604,0.0124012
N12967|9269|0.595373,N12977|12673|1.17305,0.0139668
N13003|5409|0.615798,N12989|14824|0.718334,0.0100479
N13003|5409|0.615798,N12980|11454|2.467428,0.0124082
N13003|5409|0.615798,N12979|10967|5.097833,0.0132014
N13003|5409|0.615798,N13004|6360|0.690787,0.00616
N13003|5409|0.615798,N13001|13178|0.76269,0.00616164
N13003|5409|0.615798,N13006|7909|1.475456,0.00616712
N13003|5409|0.615798,N13005|4444|1.174449,0.00538997
N13003|5409|0.615798,N12982|14252|0.33309,0.0147342
N13003|5409|0.615798,N12969|7672|1.042786,0.013961
N13003|5409|0.615798,N13000|10768|0.660106,0.00693603
N13003|5409|0.615798,N12995|3030|0.832701,0.0100578
N13003|5409|0.615798,N12978|8669|5.795832,0.0124244
N13003|5409|0.615798,N12985|2038|1.072247,0.0139522
N13003|5409|0.615798,N12988|5294|0.324096,0.0123871
N13003|5409|0.615798,N12998|8221|0.848825,0.0116086
N13003|5409|0.615798,N12996|11426|0.862639,0.0116106
N13003|5409|0.615798,N12987|13617|0.236659,0.0108329
N13003|5409|0.615798,N12992|10856|1.925319,0.0108237
N13003|5409|0.615798,N12986|8658|4.09695,0.0116106
N13003|5409|0.615798,N12997|12399|1.005863,0.0131861
N13003|5409|0.615798,N12977|12673|1.17305,0.00850103
N11940|14396|2.524057,N11941|11975|0.338174,0.00230528
N11940|14396|2.524057,N11943|13571|0.293141,0.00461618
N11940|14396|2.524057,N11942|13263|1.774592,0.00771982
N8855|11761|2.449038,N8852|8603|0.90749,0.0108354
N8855|11761|2.449038,N8853|2677|4.449466,0.0139526
N10820|1891|1.058399,N10821|2102|4.216763,0.00384335
N10736|13762|6.392295,N10737|12068|0.497491,0.0131674
N10736|13762|6.392295,N10735|8144|0.65834,0.0139525
N7849|8433|0.636285,N7850|2616|0.790243,0.00539642
N9197|3393|3.339817,N9191|5091|0.55779,0.0131676
N9197|3393|3.339817,N9190|11189|0.636114,0.0123903
N9197|3393|3.339817,N9192|8439|1.719298,0.0139585
N9197|3393|3.339817,N9212|11276|1.009717,0.0132168
N9197|3393|3.339817,N9195|9968|2.978135,0.00850211
N9197|3393|3.339817,N9209|13816|0.419325,0.0147949
N9197|3393|3.339817,N9194|1677|2.533542,0.0132027
N10142|7934|0.750452,N10138|2567|0.548902,0.0124374
N10142|7934|0.750452,N10164|13306|0.449205,0.0139468
N10142|7934|0.750452,N10169|2065|3.860674,0.0139528
N10142|7934|0.750452,N10148|14970|1.835456,0.0147478
N10142|7934|0.750452,N10141|15388|1.388087,0.00538886
N10142|7934|0.750452,N10150|8448|0.63063,0.0123916
N10142|7934|0.750452,N10140|13774|1.624122,0.0100507
N10142|7934|0.750452,N10145|8073|2.673846,0.0139611
N10142|7934|0.750452,N10153|2144|0.895476,0.0115948
N10142|7934|0.750452,N10146|10997|1.204118,0.0139658
N10142|7934|0.750452,N10147|10051|1.378086,0.0131768
N10142|7934|0.750452,N10149|11080|0.160309,0.0116071
N10142|7934|0.750452,N10154|13738|0.207181,0.0115969
N10142|7934|0.750452,N10152|9351|0.056029,0.0139547
N10142|7934|0.750452,N10158|14329|0.227607,0.0139503
N10142|7934|0.750452,N10160|4433|0.171967,0.0139618
N10142|7934|0.750452,N10136|6253|0.845949,0.0116028
N10142|7934|0.750452,N10139|5635|0.470954,0.0100507
N10142|7934|0.750452,N10135|3888|1.954201,0.0123804
N10237|9820|0.33196,N10230|14806|0.229795,0.0100654
N10237|9820|0.33196,N10239|14223|0.730288,0.0046262
N10237|9820|0.33196,N10238|14027|7.405968,0.0139853
N10237|9820|0.33196,N10240|3543|0.53474,0.00928683
N10237|9820|0.33196,N10253|13358|0.566741,0.0147676
N10237|9820|0.33196,N10235|1812|3.471862,0.012419
N12648|4276|0.762228,N12391|7250|0.533801,0.0147426
N12648|4276|0.762228,N12645|14426|0.217353,0.0116215
N12648|4276|0.762228,N12556|12239|0.061929,0.0139839
N12648|4276|0.762228,N12547|6940|0.836952,0.013164
N12648|4276|0.762228,N12636|8812|0.274926,0.01007
N12648|4276|0.762228,N12647|13618|1.367856,0
N12648|4276|0.762228,N12551|7510|0.251933,0.0139652
N12648|4276|0.762228,N12644|11855|0.121076,0.0100583
N12648|4276|0.762228,N12633|3813|0.796225,0.014763
N12648|4276|0.762228,N12649|2098|1.034296,0.00616429
N12648|4276|0.762228,N12550|8083|0.027918,0.0139652
N12648|4276|0.762228,N12651|778|7.689216,0.0147699
N12648|4276|0.762228,N12646|13270|0.39972,0.010832
N12648|4276|0.762228,N12554|10454|0.637343,0.0139531
N12648|4276|0.762228,N12639|5176|2.615927,0.0124422
N12648|4276|0.762228,N12640|4172|1.084093,0.0139936
N7952|1385|0.446349,N7942|8829|2.189437,0.0147716
N7952|1385|0.446349,N7947|7971|3.261738,0.0131781
N7952|1385|0.446349,N7941|13715|0.321718,0.0123963
N7952|1385|0.446349,N7949|2592|2.436013,0.0147736
N7952|1385|0.446349,N7951|13066|0.564577,0.00926072
N8941|14203|1.307343,N8938|12763|3.197821,0.0100731
N8941|14203|1.307343,N8954|6672|0.444382,0.0131783
N8941|14203|1.307343,N8947|9745|0.337258,0.00851092
N8941|14203|1.307343,N8953|8503|3.426344,0.0147391
N8941|14203|1.307343,N8963|5098|2.636494,0.0116153
N8941|14203|1.307343,N8946|6380|0.862479,0.00848655
N8941|14203|1.307343,N8962|11889|1.067723,0.0131901
N8941|14203|1.307343,N8960|4831|0.445665,0.013981
N8941|14203|1.307343,N8945|12427|2.726987,0.0139801
N8941|14203|1.307343,N8956|15297|1.548554,0.013187
N8941|14203|1.307343,N8948|7351|0.152822,0.00849628
N8941|14203|1.307343,N8942|9028|0.173101,0.00616739
N8941|14203|1.307343,N8943|13221|3.526765,0.0132012
N8941|14203|1.307343,N8957|5722|3.760041,0.0139614
N10761|13710|1.184701,N10759|12657|0.771367,0.00230469
N10761|13710|1.184701,N10754|3438|0.225781,0.0147627
N10761|13710|1.184701,N10751|13615|1.046001,0.0139788
N10761|13710|1.184701,N10756|14201|0.794564,0.0147498
N10761|13710|1.184701,N10744|15106|0.931125,0.0147627
N10761|13710|1.184701,N10745|5703|0.574657,0.0147627
N10761|13710|1.184701,N10747|6612|0.988886,0.0147577
N10759|12657|0.771367,N10751|13615|1.046001,0.0147702
N10759|12657|0.771367,N10744|15106|0.931125,0.0139846
N10759|12657|0.771367,N10745|5703|0.574657,0.0139846
N7824|13877|4.431147,N7820|13775|2.573905,0.0147794
N7824|13877|4.431147,N7815|11573|0.022539,0.00849264
N7824|13877|4.431147,N7829|7474|0.01916,0.00928683
N7824|13877|4.431147,N7830|15131|1.945989,0.0147475
N7824|13877|4.431147,N7822|9360|0.510657,0.0108504
N7824|13877|4.431147,N7826|10571|1.21748,0.00851112
N7824|13877|4.431147,N7831|7277|0.377138,0.0147777
N7824|13877|4.431147,N7819|13882|1.436249,0.0116255
N7824|13877|4.431147,N7814|5279|0.380088,0.00927727
N7824|13877|4.431147,N7832|9416|0.759916,0.0131781
N7824|13877|4.431147,N7813|11090|0.345574,0.0139724
N7824|13877|4.431147,N7825|10194|4.905259,0.0124158
N7548|5956|1.281553,N7547|6467|2.426316,0.0124113
N7548|5956|1.281553,N7519|6406|1.156999,0.0147715
N7548|5956|1.281553,N7534|5987|0.306367,0.0147717
N7548|5956|1.281553,N7541|6674|0.832864,0.00770667
N7548|5956|1.281553,N7546|4592|0.931722,0.00694084
N7548|5956|1.281553,N7528|1998|1.594102,0.0139939
N7548|5956|1.281553,N7526|14207|0.370422,0.012409
N7548|5956|1.281553,N7542|2651|1.142831,0.0124014
N7548|5956|1.281553,N7543|1554|2.449295,0.0077201
N7548|5956|1.281553,N7555|11252|0.72638,0.0147456
N7548|5956|1.281553,N7545|8538|0.438066,0.00694101
N7548|5956|1.281553,N7544|11783|3.2608,0.0108387
N9226|9961|1.598678,N9224|2914|2.795347,0.00616544
N9226|9961|1.598678,N9223|5192|1.016832,0.00693766
N9226|9961|1.598678,N9222|5285|2.462127,0.0147293
N9226|9961|1.598678,N9221|3287|1.931716,0.0139527
N9226|9961|1.598678,N9227|3109|1.922733,0.0123857
N9226|9961|1.598678,N9220|7153|0.060846,0.0115968
N9226|9961|1.598678,N9230|5653|0.302782,0.00848654
N9226|9961|1.598678,N9219|11851|0.409166,0.0139501
N9226|9961|1.598678,N9217|11202|0.826529,0.0116008
N9226|9961|1.598678,N9218|5627|1.577137,0.0131715
N8979|8510|2.142018,N8980|6715|1.676288,0.00770877
N8979|8510|2.142018,N8981|9251|0.289305,0.00616183
N10305|5632|1.383602,N10310|2189|2.163687,0.00848645
N10305|5632|1.383602,N10302|3630|2.889233,0.0147535
N10305|5632|1.383602,N10322|14137|1.531451,0.0123913
N10305|5632|1.383602,N10292|13316|0.436738,0.011642
N10305|5632|1.383602,N10323|6376|0.815691,0.0116008
N10305|5632|1.383602,N10301|14140|0.237663,0.00693821
N10305|5632|1.383602,N10309|9762|0.882892,0.00851344
N10305|5632|1.383602,N10340|4232|1.303956,0.0139714
N10305|5632|1.383602,N10306|5814|2.442278,0.0100513
N10305|5632|1.383602,N10308|7071|0.582151,0.00538834
N10305|5632|1.383602,N10307|14002|0.117948,0.00616428
N10305|5632|1.383602,N10313|9230|1.208993,0.00848475
N10305|5632|1.383602,N10326|9873|2.510876,0.0131684
N10305|5632|1.383602,N10325|4335|2.758753,0.0131683
N10305|5632|1.383602,N10316|9769|0.632086,0.011615
N10305|5632|1.383602,N10324|6913|0.741067,0.0139613
N10305|5632|1.383602,N10331|14268|0.255619,0.013178
N10305|5632|1.383602,N10304|10827|0.144852,0.0123834
N10305|5632|1.383602,N10314|1679|0.052918,0.00694071
N10305|5632|1.383602,N10317|11010|1.250049,0.0124064
N10305|5632|1.383602,N10320|2151|2.016699,0.0131746
N10305|5632|1.383602,N10329|13495|2.243571,0.0123914
N10305|5632|1.383602,N10299|10444|2.378877,0.0100412
N10305|5632|1.383602,N10315|6133|1.421078,0.00927532
N10166|2973|2.002367,N10138|2567|0.548902,0.0147402
N10166|2973|2.002367,N10164|13306|0.449205,0.00539017
N10166|2973|2.002367,N10165|9426|0.030185,0.00153499
N10166|2973|2.002367,N10169|2065|3.860674,0.0100583
N10166|2973|2.002367,N10168|13332|2.843622,0.00927564
N10166|2973|2.002367,N10163|14555|5.692309,0.0147432
N10166|2973|2.002367,N10150|8448|0.63063,0.0140201
N10166|2973|2.002367,N10140|13774|1.624122,0.0124103
N10166|2973|2.002367,N10153|2144|0.895476,0.012414
N10166|2973|2.002367,N10167|9324|4.421383,0.00772755
N10166|2973|2.002367,N10147|10051|1.378086,0.0147722
N10166|2973|2.002367,N10149|11080|0.160309,0.0132235
N10166|2973|2.002367,N10154|13738|0.207181,0.0124293
N10166|2973|2.002367,N10152|9351|0.056029,0.0147901
N10166|2973|2.002367,N10158|14329|0.227607,0.0147723
N10166|2973|2.002367,N10160|4433|0.171967,0.0147721
N10166|2973|2.002367,N10136|6253|0.845949,0.0139656
N10166|2973|2.002367,N10139|5635|0.470954,0.0124103
N10166|2973|2.002367,N10135|3888|1.954201,0.0147443
N8330|13374|5.102611,N8332|6824|2.587973,0.00850157
N8330|13374|5.102611,N8335|13440|0.49766,0.00850012
N8330|13374|5.102611,N8334|11806|4.874931,0.0139644
N8330|13374|5.102611,N8339|5753|1.622711,0.0131686
N8330|13374|5.102611,N8337|7193|4.469422,0.0139524
N8330|13374|5.102611,N8331|13917|0.106613,0.00851243
N10378|5783|3.546923,N10379|8555|1.286615,0.00693377
N10378|5783|3.546923,N10383|2736|1.774963,0.0116173
N12604|13785|0.97067,N12490|9625|0.023124,0.0147439
N12604|13785|0.97067,N12556|12239|0.061929,0.00926975
N12604|13785|0.97067,N12547|6940|0.836952,0.0100447
N12604|13785|0.97067,N12533|7974|0.244196,0.0147623
N12604|13785|0.97067,N12591|8487|2.116312,0.0139608
N12604|13785|0.97067,N12597|12730|0.443169,0.0131676
N12604|13785|0.97067,N12581|2924|1.449166,0.0139608
N12604|13785|0.97067,N12551|7510|0.251933,0.00693607
N12604|13785|0.97067,N12584|7383|0.524904,0.0131715
N12604|13785|0.97067,N12566|9121|0.08259,0.0124172
N12604|13785|0.97067,N12498|9476|0.063085,0.013161
N12604|13785|0.97067,N12488|12101|1.121635,0.0147495
N12604|13785|0.97067,N12459|10633|0.178368,0.0147568
N12604|13785|0.97067,N12564|8090|2.029125,0.0123836
N12604|13785|0.97067,N12563|8865|1.422802,0.0123846
N12604|13785|0.97067,N12555|4208|2.598968,0.0115914
N12604|13785|0.97067,N12562|4529|0.61832,0.0147392
N12604|13785|0.97067,N12553|5590|1.684612,0.0116138
N12604|13785|0.97067,N12482|15143|0.193936,0.0147535
N12604|13785|0.97067,N12550|8083|0.027918,0.00693607
N12604|13785|0.97067,N12588|14367|1.187912,0.0123902
N12604|13785|0.97067,N12554|10454|0.637343,0.00850167
N12604|13785|0.97067,N12569|10700|0.180908,0.0131829
N12604|13785|0.97067,N12497|5875|0.074333,0.0139457
N12604|13785|0.97067,N12545|9734|2.533836,0.0139614
N12604|13785|0.97067,N12574|12439|0.14536,0.0131801
N12604|13785|0.97067,N12546|6374|0.291382,0.0139607
N7963|7805|0.057046,N7960|12615|2.176411,0.0131837
N7963|7805|0.057046,N7958|13338|3.983643,0.0147887
N7963|7805|0.057046,N7955|13044|0.061785,0.0084864
N7963|7805|0.057046,N7962|5303|0.094404,0.0023029
N7963|7805|0.057046,N7954|2296|1.139415,0.00771784
N7963|7805|0.057046,N7961|4472|1.770793,0.0123872
N7963|7805|0.057046,N7957|5133|2.437222,0.0147471
N7963|7805|0.057046,N7956|5213|0.684995,0.00926414
N8246|1919|1.403531,N8245|14469|2.162018,0.00927552
N8246|1919|1.403531,N8249|8431|0.561774,0.0131783
N8246|1919|1.403531,N8252|2035|0.385452,0.014758
N8246|1919|1.403531,N8259|6237|1.846607,0.0147476
N8246|1919|1.403531,N8251|4438|0.010981,0.014758
N8507|13550|3.45001,N8513|8075|0.224442,0.0116042
N8507|13550|3.45001,N8511|3065|2.010675,0.0124027
N8507|13550|3.45001,N8508|9851|0.401994,0.00541366
N8507|13550|3.45001,N8512|14353|0.054117,0.0124056
N8507|13550|3.45001,N8504|14509|1.010982,0.00384781
N8507|13550|3.45001,N8510|1909|0.102184,0.00619776
N10425|3119|1.353442,N10430|12674|1.281819,0.0140552
N10425|3119|1.353442,N10428|11845|0.863415,0.0124243
N10425|3119|1.353442,N10419|7788|0.960112,0.0100607
N10425|3119|1.353442,N10431|13777|0.107201,0.0116482
N10425|3119|1.353442,N10424|14505|2.191986,0.00618516
N10425|3119|1.353442,N10437|15110|0.575782,0.0124189
N10425|3119|1.353442,N10436|2703|0.383166,0.0116343
N10425|3119|1.353442,N10429|13739|0.934834,0.0132035
N10425|3119|1.353442,N10416|11369|0.698039,0.0139558
N10425|3119|1.353442,N10427|3970|0.156468,0.0124133
N10425|3119|1.353442,N10418|7026|0.951921,0.0131747
N10425|3119|1.353442,N10440|6346|0.732477,0.0108593
N10425|3119|1.353442,N10420|12519|2.497745,0.0116218
N10425|3119|1.353442,N10421|1621|0.185784,0.00928437
N10425|3119|1.353442,N10432|5320|1.445576,0.0108586
N10425|3119|1.353442,N10414|11960|1.623667,0.0147737
N12124|13752|2.466818,N12132|7171|0.82468,0.0123777
N12124|13752|2.466818,N12126|500|0.85542,0.00848459
N12124|13752|2.466818,N12125|3357|5.157608,0.00926689
N12124|13752|2.466818,N12129|11476|2.879378,0.0139561
N12124|13752|2.466818,N12127|2725|0.772494,0.0123918
N12124|13752|2.466818,N12128|13021|2.173363,0.0139528
N12122|10868|60.050879,N12123|11609|63.988647,0.00772737
N7547|6467|2.426316,N7541|6674|0.832864,0.0123818
N7547|6467|2.426316,N7546|4592|0.931722,0.00695553
N7547|6467|2.426316,N7542|2651|1.142831,0.0139805
N7547|6467|2.426316,N7543|1554|2.449295,0.00773981
N7547|6467|2.426316,N7545|8538|0.438066,0.00694802
N7547|6467|2.426316,N7544|11783|3.2608,0.0108551
N10310|2189|2.163687,N10302|3630|2.889233,0.0139456
N10310|2189|2.163687,N10322|14137|1.531451,0.0116203
N10310|2189|2.163687,N10292|13316|0.436738,0.0108261
N10310|2189|2.163687,N10323|6376|0.815691,0.0108235
N10310|2189|2.163687,N10301|14140|0.237663,0.00616142
N10310|2189|2.163687,N10309|9762|0.882892,0.0061663
N10310|2189|2.163687,N10340|4232|1.303956,0.0131778
N10310|2189|2.163687,N10295|1976|0.696104,0.0147187
N10310|2189|2.163687,N10306|5814|2.442278,0.00928564
N10310|2189|2.163687,N10308|7071|0.582151,0.0030769
N10310|2189|2.163687,N10307|14002|0.117948,0.00539826
N10310|2189|2.163687,N10313|9230|1.208993,0.0077068
N10310|2189|2.163687,N10339|3305|1.988433,0.0147558
N10310|2189|2.163687,N10326|9873|2.510876,0.0123966
N10310|2189|2.163687,N10325|4335|2.758753,0.0123966
N10310|2189|2.163687,N10316|9769|0.632086,0.0108445
N10310|2189|2.163687,N10324|6913|0.741067,0.0131854
N10310|2189|2.163687,N10331|14268|0.255619,0.0124098
N10310|2189|2.163687,N10304|10827|0.144852,0.0147423
N10310|2189|2.163687,N10314|1679|0.052918,0.0061672
N10310|2189|2.163687,N10317|11010|1.250049,0.0116212
N10310|2189|2.163687,N10320|2151|2.016699,0.012396
N10310|2189|2.163687,N10329|13495|2.243571,0.0115958
N10310|2189|2.163687,N10327|6676|3.397759,0.0147737
N10310|2189|2.163687,N10299|10444|2.378877,0.00925524
N10310|2189|2.163687,N10315|6133|1.421078,0.00849982
N12620|8329|1.623524,N12619|10886|1.1317,0.00615821
N12620|8329|1.623524,N12614|11646|3.866314,0.0147222
N12620|8329|1.623524,N12618|12648|1.729851,0.00616727
N12620|8329|1.623524,N12616|4462|1.325698,0.0100404
N12620|8329|1.623524,N12617|8249|1.299601,0.0108195
N12620|8329|1.623524,N12615|10228|1.212348,0.0123873
N12620|8329|1.623524,N12621|1623|1.449089,0.0115933
N10498|1409|2.998609,N10502|9692|3.366082,0.0139779
N10498|1409|2.998609,N10500|15192|0.972975,0.0100582
N10498|1409|2.998609,N10493|3189|0.684653,0.0147586
N10498|1409|2.998609,N10491|10314|2.891016,0.0147503
N10498|1409|2.998609,N10482|5922|0.535341,0.0147428
N10498|1409|2.998609,N10501|6935|3.339859,0.0139643
N10498|1409|2.998609,N10504|14885|0.410614,0.0100503
N10498|1409|2.998609,N10505|8617|0.171908,0.0108359
N10498|1409|2.998609,N10503|8171|1.286944,0.0124089
N9240|5882|2.813349,N9251|6805|1.2713,0.0131764
N9240|5882|2.813349,N9252|10390|1.674579,0.0131764
N9240|5882|2.813349,N9243|7261|0.499571,0.00850506
N9240|5882|2.813349,N9244|3043|4.915487,0.0139615
N9240|5882|2.813349,N9242|4108|3.081762,0.00772387
N9240|5882|2.813349,N9248|4375|1.148923,0.0108367
N9240|5882|2.813349,N9239|14615|0.547723,0.0147686
N9240|5882|2.813349,N9241|8223|0.166378,0.0038541
N9240|5882|2.813349,N9250|11217|1.363665,0.0139608
N9739|12503|2.447884,N9711|11353|1.275095,0.0124171
N9739|12503|2.447884,N9737|7406|0.048183,0.00694532
N9739|12503|2.447884,N9718|3089|1.589766,0.00926428
N9739|12503|2.447884,N9724|12926|0.820052,0.00929901
N9739|12503|2.447884,N9734|4999|0.948464,0.0100527
N9739|12503|2.447884,N9729|8174|0.467334,0.0108248
N9739|12503|2.447884,N9747|1844|0.32389,0.00927831
N9739|12503|2.447884,N9735|12774|3.55185,0.014738
N9739|12503|2.447884,N9716|11708|2.376221,0.0108148
N9739|12503|2.447884,N9726|8488|0.687493,0.0100892
N9739|12503|2.447884,N9744|11153|1.514729,0.0108384
N9739|12503|2.447884,N9731|10819|0.095892,0.0100516
N9739|12503|2.447884,N9722|11084|0.167069,0.00771741
N9739|12503|2.447884,N9748|7503|0.077164,0.00850038
N9739|12503|2.447884,N9742|1593|1.843405,0.00926982
N9739|12503|2.447884,N9736|4880|0.301087,0.00771786
N9739|12503|2.447884,N9728|15310|0.085393,0.0100502
N9739|12503|2.447884,N9713|11770|0.47842,0.0124172
N9739|12503|2.447884,N9717|6100|7.537105,0.0147291
N9739|12503|2.447884,N9727|2654|0.637465,0.00849039
N9739|12503|2.447884,N9723|4534|3.162746,0.011608
N9739|12503|2.447884,N9733|11666|0.117101,0.00771786
N9739|12503|2.447884,N9740|10865|0.999278,0.00462048
N9739|12503|2.447884,N9743|5866|1.262035,0.0124064
N10288|9064|0.681202,N10286|11719|2.209748,0.00615986
N10288|9064|0.681202,N10289|9139|1.899365,0.00693365
N10288|9064|0.681202,N10284|13236|2.888831,0.0123847
N10288|9064|0.681202,N10278|13801|0.829834,0.0147562
N10288|9064|0.681202,N10283|15113|0.181433,0.0061582
N10288|9064|0.681202,N10287|12296|3.816019,0.0123846
N10334|9721|5.648262,N10308|7071|0.582151,0.0139773
N10334|9721|5.648262,N10307|14002|0.117948,0.0147881
N10334|9721|5.648262,N10326|9873|2.510876,0.0139771
N10334|9721|5.648262,N10325|4335|2.758753,0.0139771
N10334|9721|5.648262,N10331|14268|0.255619,0.00771821
N10334|9721|5.648262,N10329|13495|2.243571,0.0131747
N10334|9721|5.648262,N10330|13133|2.484875,0.014758
N8967|6794|0.398775,N8965|5511|1.381895,0.00385396
N8967|6794|0.398775,N8969|4867|1.87617,0.0131968
N8967|6794|0.398775,N8968|1807|1.211901,0.00771801
N8967|6794|0.398775,N8966|5713|0.015611,0.000767619
N8769|12221|0.367215,N8767|13157|11.677335,0.0100744
N8769|12221|0.367215,N8771|13152|0.900055,0.011633
N8769|12221|0.367215,N8766|12325|0.443356,0.0023047
N8769|12221|0.367215,N8770|12369|0.757474,0.010845
N8767|13157|11.677335,N8766|12325|0.443356,0.0124032
N7614|7825|2.481189,N7610|9057|0.688321,0.00616962
N7614|7825|2.481189,N7627|13129|0.025741,0.01398
N7614|7825|2.481189,N7596|2993|3.413126,0.0139903
N7614|7825|2.481189,N7631|14896|2.134,0.0116218
N7614|7825|2.481189,N7609|5761|4.684875,0.0131749
N7614|7825|2.481189,N7595|2100|3.352798,0.0131843
N7614|7825|2.481189,N7605|9220|0.78423,0.00850121
N7614|7825|2.481189,N7613|2721|3.006235,0.00848659
N7614|7825|2.481189,N7612|1953|2.630362,0.00771997
N7614|7825|2.481189,N7602|12012|1.025436,0.0124106
N7614|7825|2.481189,N7604|7734|1.196841,0.00928722
N7614|7825|2.481189,N7603|12566|1.558334,0.00851147
N7614|7825|2.481189,N7623|1912|0.329254,0.0139694
N7614|7825|2.481189,N7608|2641|2.682375,0.0131923
N7614|7825|2.481189,N7618|8594|1.069863,0.0053907
N7614|7825|2.481189,N7616|10188|1.521941,0.00539069
N7614|7825|2.481189,N7620|13891|0.667006,0.0108466
N8225|6341|1.02579,N8173|12513|1.810112,0.0116176
N8225|6341|1.02579,N8224|7304|1.312538,0.00771741
N8225|6341|1.02579,N8172|14128|2.184422,0.0147577
N8225|6341|1.02579,N8231|2022|0.183436,0.011614
N8225|6341|1.02579,N8226|13829|0.208442,0.00153463
N8225|6341|1.02579,N8228|7326|1.080997,0.00384394
N8225|6341|1.02579,N8227|6831|3.380801,0.0100489
N8225|6341|1.02579,N8230|11367|1.090861,0.0100497
N8225|6341|1.02579,N8223|15199|0.150591,0.0046162
N8225|6341|1.02579,N8229|12704|0.376581,0.00384395
N10852|6007|1.931538,N10853|15279|0.529249,0.00928661
N10852|6007|1.931538,N10847|5161|0.025112,0.0108501
N10852|6007|1.931538,N10857|9616|1.678103,0.0116071
N10852|6007|1.931538,N10858|9126|1.627575,0.0123914
N10852|6007|1.931538,N10856|6525|3.040131,0.0139526
N10852|6007|1.931538,N10855|2896|3.976089,0.0139528
N10852|6007|1.931538,N10848|3492|5.51461,0.0139621
N10852|6007|1.931538,N10846|5004|2.122975,0.0116428
N8546|14032|0.813648,N8550|14047|2.511542,0.00771083
N8546|14032|0.813648,N8548|11085|0.235396,0.0061567
N8546|14032|0.813648,N8536|1578|1.200852,0.0147344
N8546|14032|0.813648,N8551|9628|1.262071,0.0061643
N8546|14032|0.813648,N8543|5534|1.731312,0.0139409
N8546|14032|0.813648,N8545|8408|2.651616,0.0131556
N8546|14032|0.813648,N8554|13926|2.101798,0.0100514
N8546|14032|0.813648,N8553|3271|1.270083,0.00928419
N8546|14032|0.813648,N8529|2948|0.719877,0.0139693
N8546|14032|0.813648,N8557|3708|1.262066,0.00694543
N8546|14032|0.813648,N8544|7232|0.87161,0.0139383
N8546|14032|0.813648,N8547|9642|2.033348,0.00538488
N8546|14032|0.813648,N8535|9122|0.13603,0.0139466
N8546|14032|0.813648,N8552|6239|1.256476,0.00927738
N8546|14032|0.813648,N8549|12863|1.403818,0.00693238
N11045|2257|0.110873,N11030|8366|1.296654,0.0100498
N11045|2257|0.110873,N11032|11728|1.517569,0.0116203
N11045|2257|0.110873,N11028|3659|0.948469,0.00693325
N11045|2257|0.110873,N11039|7995|1.695681,0.0100421
N11045|2257|0.110873,N11040|6855|0.068299,0.0100449
N11045|2257|0.110873,N11055|15225|1.23643,0.0147402
N11045|2257|0.110873,N11037|10427|1.344395,0.0123816
N11045|2257|0.110873,N11038|3655|2.842513,0.012385
N11045|2257|0.110873,N11035|11762|2.842885,0.0139547
N11045|2257|0.110873,N11057|4736|2.09321,0.0139529
N11045|2257|0.110873,N11036|4167|1.631939,0.0115968
N11045|2257|0.110873,N11043|12889|1.207492,0.00849152
N11045|2257|0.110873,N11041|10839|3.014523,0.0123917
N11045|2257|0.110873,N11031|10429|0.063655,0.00849167
N11045|2257|0.110873,N11034|10822|0.322623,0.012378
N12632|3444|0.287189,N12636|8812|0.274926,0.0147558
N12632|3444|0.287189,N12633|3813|0.796225,0.00848564
N12632|3444|0.287189,N12634|12323|0.562584,0.00848237
N11587|4473|0.848148,N11602|1469|0.068194,0.0147677
N11587|4473|0.848148,N11604|14042|0.61391,0.0139527
N11587|4473|0.848148,N11595|5624|0.527232,0.0139803
N11587|4473|0.848148,N11596|10816|0.692399,0.0139804
N11587|4473|0.848148,N11592|6662|0.082858,0.014768
N11587|4473|0.848148,N11606|7388|0.162691,0.013175
N11587|4473|0.848148,N11611|3842|2.309476,0.0139527
N11587|4473|0.848148,N11600|4625|0.576178,0.0147706
N11587|4473|0.848148,N11586|11857|2.323915,0.0100574
N11157|8486|3.92E-4,N11117|1967|3.445404,0.0139944
N11157|8486|3.92E-4,N11107|9460|1.262088,0.0131786
N11157|8486|3.92E-4,N11156|2266|3.458308,0.0124107
N11157|8486|3.92E-4,N11155|14075|1.585798,0.00694636
N11157|8486|3.92E-4,N11110|9712|0.454843,0.013986
N11157|8486|3.92E-4,N11099|12352|0.059695,0.0140124
N11157|8486|3.92E-4,N11149|10964|0.916157,0.0116345
N11157|8486|3.92E-4,N11111|9019|1.047778,0.0124411
N11157|8486|3.92E-4,N11151|1794|2.061064,0.0124137
N11157|8486|3.92E-4,N11102|10199|0.727087,0.0147954
N11157|8486|3.92E-4,N11143|8334|1.175301,0.0116218
N11157|8486|3.92E-4,N11140|13489|0.899006,0.0131845
N11157|8486|3.92E-4,N11109|4048|0.697151,0.0116258
N11157|8486|3.92E-4,N11158|5318|1.312168,0.00307299
N11157|8486|3.92E-4,N11159|10544|4.373151,0.00850032
N11157|8486|3.92E-4,N11113|10029|0.854518,0.0132039
N11157|8486|3.92E-4,N11118|3441|0.266943,0.0140121
N11157|8486|3.92E-4,N11137|13604|0.261169,0.0147893
N11157|8486|3.92E-4,N11148|2051|2.162953,0.0116219
N11157|8486|3.92E-4,N11144|8436|2.672286,0.0147586
N11157|8486|3.92E-4,N11134|12224|0.192977,0.0147893
N11157|8486|3.92E-4,N11108|5884|0.77288,0.0116258
N11157|8486|3.92E-4,N11097|12564|1.398948,0.0132175
N7998|13477|2.480954,N7999|4480|2.169119,0.010828
N7998|13477|2.480954,N8002|12307|0.801992,0.0131748
N7998|13477|2.480954,N8004|14482|0.071663,0.0139694
N7998|13477|2.480954,N8003|11990|0.675441,0.0131748
N7998|13477|2.480954,N8000|10070|0.285692,0.00848645
N9983|10335|0.621526,N10001|12773|0.24629,0.0116209
N9983|10335|0.621526,N9992|11052|0.675775,0.0123978
N9983|10335|0.621526,N9985|13714|0.207087,0.00384626
N9983|10335|0.621526,N9994|3985|0.298694,0.00616178
N9983|10335|0.621526,N9984|15144|3.31279,0.00616742
N9983|10335|0.621526,N9982|6452|0.30047,0.0023029
N9983|10335|0.621526,N9979|13090|1.524267,0.00616431
N9983|10335|0.621526,N9995|11169|0.095018,0.00926655
N9983|10335|0.621526,N9996|9280|2.587202,0.00927383
N9983|10335|0.621526,N10008|2048|0.176038,0.0139358
N9983|10335|0.621526,N9980|6926|0.811684,0.00694065
N9983|10335|0.621526,N10000|3571|1.200374,0.0123966
N9983|10335|0.621526,N9990|8796|0.29883,0.00927833
N9983|10335|0.621526,N9981|8343|4.943194,0.0139645
N9983|10335|0.621526,N9997|9473|1.575147,0.0132025
N9983|10335|0.621526,N9986|3239|0.136725,0.0100527
N9983|10335|0.621526,N9989|12587|5.539199,0.0116248
N9983|10335|0.621526,N9991|3356|4.003899,0.0147575
N9983|10335|0.621526,N9998|13481|1.227033,0.00848655
N11222|13123|3.74234,N11223|12570|0.505049,0.0061617
N11222|13123|3.74234,N11224|13295|0.098866,0.00693886
N11222|13123|3.74234,N11220|7936|2.648455,0.00539059
N11222|13123|3.74234,N11229|8991|2.057522,0.0139616
N11222|13123|3.74234,N11225|13378|0.022558,0.00693888
N11222|13123|3.74234,N11228|10250|0.474904,0.0108282
N8563|12261|0.017251,N8577|8419|1.10732,0.0139498
N8563|12261|0.017251,N8609|14094|1.142652,0.0108196
N8563|12261|0.017251,N8582|11892|0.085459,0.00770387
N8563|12261|0.017251,N8601|11429|2.258708,0.0123731
N8563|12261|0.017251,N8611|5692|2.305303,0.0147317
N8563|12261|0.017251,N8571|8832|0.01461,0.0147313
N8563|12261|0.017251,N8591|4533|1.628251,0.0131556
N8563|12261|0.017251,N8596|10492|1.664659,0.0139383
N8563|12261|0.017251,N8599|13315|1.800522,0.0131512
N8563|12261|0.017251,N8578|15099|0.090513,0.0108172
N8563|12261|0.017251,N8610|13391|2.668862,0.0131512
N8563|12261|0.017251,N8564|4408|0.742398,0.0131649
N8563|12261|0.017251,N8592|5055|2.510444,0.0147292
N8563|12261|0.017251,N8586|2351|0.429267,0.0116024
N8563|12261|0.017251,N8593|14066|6.884081,0.0131583
N8563|12261|0.017251,N8594|10280|0.478187,0.012374
N8563|12261|0.017251,N8603|14859|1.315696,0.00925504
N8563|12261|0.017251,N8606|11109|4.121354,0.013159
N8563|12261|0.017251,N8581|6371|0.050036,0.0108238
N8563|12261|0.017251,N8573|5847|3.806004,0.0147288
N8563|12261|0.017251,N8574|1551|0.966694,0.0108178
N8563|12261|0.017251,N8600|9314|0.056536,0.00925503
N8442|2939|2.318219,N8443|5629|0.876811,0.00384789
N8442|2939|2.318219,N8441|1756|0.163388,0.0116201
N8442|2939|2.318219,N8433|11853|0.993182,0.0147428
N8442|2939|2.318219,N8424|9554|1.692868,0.0147345
N8442|2939|2.318219,N8444|2159|1.045095,0.00538678
N12989|14824|0.718334,N12980|11454|2.467428,0.0100485
N12989|14824|0.718334,N12979|10967|5.097833,0.0108331
N12989|14824|0.718334,N13004|6360|0.690787,0.0115968
N12989|14824|0.718334,N12990|6157|5.811933,0.00849617
N12989|14824|0.718334,N13001|13178|0.76269,0.0116022
N12989|14824|0.718334,N13006|7909|1.475456,0.0100578
N12989|14824|0.718334,N13005|4444|1.174449,0.00927494
N12989|14824|0.718334,N12982|14252|0.33309,0.0123779
N12989|14824|0.718334,N12983|7343|0.747241,0.0139466
N12989|14824|0.718334,N12969|7672|1.042786,0.0131767
N12989|14824|0.718334,N13000|10768|0.660106,0.0123834
N12989|14824|0.718334,N12995|3030|0.832701,0.00153462
N12989|14824|0.718334,N12994|3856|13.449074,0.0108238
N12989|14824|0.718334,N12978|8669|5.795832,0.0100579
N12989|14824|0.718334,N12985|2038|1.072247,0.0100403
N12989|14824|0.718334,N12988|5294|0.324096,0.00230532
N12989|14824|0.718334,N12998|8221|0.848825,0.00771191
N12989|14824|0.718334,N12996|11426|0.862639,0.0077114
N12989|14824|0.718334,N12987|13617|0.236659,0.00694163
N12989|14824|0.718334,N12992|10856|1.925319,0.00384232
N12989|14824|0.718334,N12993|8275|7.786782,0.0131997
N12989|14824|0.718334,N12986|8658|4.09695,0.0077114
N12989|14824|0.718334,N12984|4889|4.234202,0.0132011
N12989|14824|0.718334,N12997|12399|1.005863,0.00927346
N12989|14824|0.718334,N12977|12673|1.17305,0.00616138
N9901|10305|0.048863,N9900|14891|0.072124,0.00772723
N9901|10305|0.048863,N9886|8932|1.850029,0.0100495
N9901|10305|0.048863,N9890|8007|0.071833,0.0139798
N9901|10305|0.048863,N9897|15321|1.361297,0.00770664
N9901|10305|0.048863,N9888|3283|0.659774,0.0140131
N9901|10305|0.048863,N9892|8211|1.16073,0.0132005
N9901|10305|0.048863,N9898|15081|0.257383,0.0123903
N9901|10305|0.048863,N9885|14109|0.537034,0.0108398
N9901|10305|0.048863,N9887|14244|0.530702,0.0100528
N9901|10305|0.048863,N9894|9402|0.558079,0.0108773
N9901|10305|0.048863,N9893|5859|2.046382,0.0100606
N9055|8837|0.029904,N9042|4508|0.255122,0.0116025
N9055|8837|0.029904,N9035|8717|1.582124,0.0139647
N9055|8837|0.029904,N9044|5166|2.117901,0.0139543
N9055|8837|0.029904,N9036|15289|0.836622,0.0100516
N9055|8837|0.029904,N9050|14172|5.451576,0.0131625
N9055|8837|0.029904,N9021|7955|0.469038,0.0124094
N9055|8837|0.029904,N9045|13243|0.113371,0.0147394
N9055|8837|0.029904,N9041|13663|0.42431,0.0108314
N9055|8837|0.029904,N9017|9094|2.029675,0.0147458
N9055|8837|0.029904,N9054|10461|2.648133,0.00693379
N9055|8837|0.029904,N9037|3151|0.565871,0.0116218
N9055|8837|0.029904,N9051|3727|0.752761,0.00538986
N9055|8837|0.029904,N9019|1759|3.21172,0.0116004
N9055|8837|0.029904,N9012|7036|0.144812,0.0147508
N9055|8837|0.029904,N9005|9621|0.184888,0.0139617
N9055|8837|0.029904,N9018|7028|1.271107,0.0108242
N9055|8837|0.029904,N9020|4424|0.845904,0.010049
N9055|8837|0.029904,N9026|1384|1.778624,0.014774
N9055|8837|0.029904,N9023|13272|1.556355,0.0139648
N9678|12787|1.343086,N9690|4764|2.189464,0.0139672
N9678|12787|1.343086,N9681|8984|0.687974,0.00694542
N9678|12787|1.343086,N9691|11061|1.064032,0.0100515
N9678|12787|1.343086,N9682|7940|1.808928,0.00849641
N9678|12787|1.343086,N9679|13209|1.647138,0
N9678|12787|1.343086,N9683|1797|0.131262,0.0123916
N9678|12787|1.343086,N9675|8632|0.033619,0.00153688
N9678|12787|1.343086,N9686|7587|6.338327,0.0131898
N9678|12787|1.343086,N9689|1644|1.081532,0.0123976
N9678|12787|1.343086,N9674|1606|0.378322,0.00852311
N9678|12787|1.343086,N9688|5711|1.910705,0.0131866
N9678|12787|1.343086,N9684|6273|0.64384,0.0131835
N9678|12787|1.343086,N9677|2452|3.425616,0.00695613
N9678|12787|1.343086,N9685|7705|1.114641,0.0123977
N10267|10586|0.40598,N10268|3994|0.35638,0.00153462
N10267|10586|0.40598,N10270|10304|2.06993,0.013972
N10267|10586|0.40598,N10275|5419|0.563275,0.0116212
N10267|10586|0.40598,N10272|2815|0.999696,0.0108311
N10267|10586|0.40598,N10253|13358|0.566741,0.0131593
N10267|10586|0.40598,N10271|12976|0.245497,0.0108311
N10267|10586|0.40598,N10269|11143|0.494647,0.0108367
N10626|6764|3.152586,N10630|8573|2.446351,0.0139456
N10626|6764|3.152586,N10628|2577|2.461987,0.00849287
N10626|6764|3.152586,N10627|12509|0.164316,0.00616619
N10626|6764|3.152586,N10625|13586|0.460411,0.0147719
N10626|6764|3.152586,N10637|10049|1.079549,0.0148072
N7576|12989|0.238265,N7580|3017|5.289668,0.013175
N7576|12989|0.238265,N7581|2522|2.105634,0.0100516
N7576|12989|0.238265,N7584|5571|2.230012,0.0132026
N7576|12989|0.238265,N7583|8184|0.774372,0.00926438
N7576|12989|0.238265,N7585|9212|1.060281,0.0116208
N7576|12989|0.238265,N7570|9685|0.00472,0.0131651
N7576|12989|0.238265,N7573|12128|0.908489,0.00461515
N7576|12989|0.238265,N7569|13864|0.616308,0.0123794
N7576|12989|0.238265,N7582|11418|2.88801,0.0108356
N7576|12989|0.238265,N7571|12548|0.443857,0.0139783
N7576|12989|0.238265,N7572|15384|2.459501,0.00693825
N7576|12989|0.238265,N7568|1526|0.096161,0.0116003
N7576|12989|0.238265,N7578|13870|0.956822,0.00307299
N7576|12989|0.238265,N7556|6176|0.951097,0.0147588
N7576|12989|0.238265,N7577|3297|0.36233,0.00230291
N7576|12989|0.238265,N7555|11252|0.72638,0.0131869
N9543|7007|0.278912,N9544|13439|3.712045,0.0100603
N9543|7007|0.278912,N9553|9058|1.067382,0.0140007
N9543|7007|0.278912,N9533|4010|0.908495,0.0147222
N9543|7007|0.278912,N9525|10317|1.701035,0.0131632
N9543|7007|0.278912,N9552|6778|1.175407,0.0140197
N9543|7007|0.278912,N9547|8895|1.918115,0.0147453
N9543|7007|0.278912,N9546|9791|1.415917,0.0147426
N9543|7007|0.278912,N9555|11655|0.457878,0.0147743
N9543|7007|0.278912,N9541|9315|2.046275,0.0100698
N9543|7007|0.278912,N9542|13337|0.791992,0.00539629
N9543|7007|0.278912,N9491|12440|0.015674,0.014733
N9543|7007|0.278912,N9486|1956|0.766508,0.0147255
N9543|7007|0.278912,N9549|15218|1.855956,0.0139557
N12171|6156|0.715783,N12173|14390|4.306638,0.0147314
N12171|6156|0.715783,N12172|6903|0.887543,0.0100419
N8400|12281|0.136768,N8396|11293|1.909803,0.0147906
N8400|12281|0.136768,N8401|2796|0.289618,0.00384523
N8400|12281|0.136768,N8388|12848|0.591119,0.0139802
N8400|12281|0.136768,N8398|5357|2.267687,0.0100448
N8400|12281|0.136768,N8417|10222|0.841909,0.0124134
N8400|12281|0.136768,N8402|10039|2.824344,0.00694616
N8400|12281|0.136768,N8399|13119|0.525142,0.00927541
N8400|12281|0.136768,N8403|8341|0.096508,0.00771988
N8400|12281|0.136768,N8418|9465|1.98604,0.0147703
N12364|4622|0.551219,N12376|7415|2.029356,0.0123915
N12364|4622|0.551219,N12363|7097|1.341347,0.0147347
N12364|4622|0.551219,N12353|8771|0.123274,0.0147318
N12364|4622|0.551219,N12362|2705|2.227795,0.0139455
N12364|4622|0.551219,N12369|13497|0.468312,0.0147586
N12364|4622|0.551219,N12346|12410|0.372866,0.0147566
N12364|4622|0.551219,N12344|12378|1.266372,0.0147493
N11483|13954|4.649657,N11482|5070|1.798892,0.00697171
N11483|13954|4.649657,N11418|2052|0.356991,0.0148142
N11483|13954|4.649657,N11486|3601|0.026846,0.0077438
N11483|13954|4.649657,N11481|4836|0.074316,0.00540711
N11483|13954|4.649657,N11480|4799|0.732079,0.00540711
N11483|13954|4.649657,N11484|8902|3.837903,0.0124258
N11483|13954|4.649657,N11417|2611|2.032126,0.0147907
N13030|14162|0.229725,N13055|13868|1.589563,0.0131894
N13030|14162|0.229725,N13082|1920|1.308468,0.0131779
N13030|14162|0.229725,N13064|2313|0.464264,0.0100605
N13030|14162|0.229725,N13047|2936|1.890519,0.0131684
N13030|14162|0.229725,N13081|11163|0.1151,0.0131862
N13030|14162|0.229725,N13065|9942|3.28249,0.0123977
N13030|14162|0.229725,N13015|7025|0.167928,0.0147627
N13030|14162|0.229725,N13063|12606|0.037579,0.0124064
N13030|14162|0.229725,N13067|12459|0.550295,0.00926632
N13030|14162|0.229725,N13049|2463|0.241606,0.0116212
N13030|14162|0.229725,N13062|8226|0.442183,0.0116151
N13030|14162|0.229725,N13050|8552|0.300629,0.0124011
N13030|14162|0.229725,N13013|13077|0.990917,0.0147501
N13030|14162|0.229725,N13066|11539|2.641891,0.0123902
N13030|14162|0.229725,N13038|5659|0.004577,0.0131838
N13030|14162|0.229725,N13057|8415|0.620575,0.0116324
N13030|14162|0.229725,N13035|2966|0.267509,0.00539524
N13030|14162|0.229725,N13037|5916|0.842589,0.0139693
N13030|14162|0.229725,N13044|14894|0.279795,0.0100528
N13030|14162|0.229725,N13058|11167|1.17044,0.0100605
N13030|14162|0.229725,N13052|14348|1.81875,0.0147502
N13030|14162|0.229725,N13026|9197|0.544685,0.0139605
N13030|14162|0.229725,N13053|4954|0.008268,0.00927416
N13030|14162|0.229725,N13031|1964|2.547926,0.00307387
N13030|14162|0.229725,N13071|4238|1.966479,0.0139524
N13030|14162|0.229725,N13036|14781|2.59123,0.0100637
N13030|14162|0.229725,N13046|7586|0.27506,0.0108322
N13030|14162|0.229725,N13023|9255|2.431417,0.0139713
N12394|12178|6.462198,N12396|15125|0.104996,0.0123861
N8431|13879|2.928435,N8434|5210|1.5043,0.0131924
N8431|13879|2.928435,N8430|9294|1.423986,0.00694784
N8431|13879|2.928435,N8428|12400|1.45475,0.0092962
N8431|13879|2.928435,N8441|1756|0.163388,0.0147313
N8431|13879|2.928435,N8427|2620|2.793239,0.0108445
N8431|13879|2.928435,N8456|9814|0.522372,0.0147718
N8431|13879|2.928435,N8433|11853|0.993182,0.00384521
N8431|13879|2.928435,N8423|4571|0.442459,0.0108443
N8431|13879|2.928435,N8425|12091|4.347088,0.00929618
N8431|13879|2.928435,N8435|13784|0.320534,0.0132033
N8431|13879|2.928435,N8424|9554|1.692868,0.0085105
N8431|13879|2.928435,N8444|2159|1.045095,0.013956
N8431|13879|2.928435,N8487|11714|0.291764,0.0147907
N8431|13879|2.928435,N8452|11623|1.6017,0.0147561
N8431|13879|2.928435,N8461|4708|0.70719,0.0147898
N7220|10570|1.082133,N7211|15134|1.061161,0.0100414
N7220|10570|1.082133,N7189|11107|0.272505,0.0147319
N7220|10570|1.082133,N7221|14788|1.719018,0.00850113
N7220|10570|1.082133,N7219|11468|0.060354,0
N7220|10570|1.082133,N7194|14234|0.767278,0.0147449
N7220|10570|1.082133,N7208|6016|1.626661,0.0147569
N7220|10570|1.082133,N7202|9897|0.682279,0.010036
N7220|10570|1.082133,N7197|10063|0.501954,0.0147429
N7220|10570|1.082133,N7203|6151|0.533891,0.0147568
N7220|10570|1.082133,N7218|5990|0.165218,0.00307299
N7220|10570|1.082133,N7216|13402|0.665164,0.0123966
N7220|10570|1.082133,N7201|9260|0.113269,0.010036
N7220|10570|1.082133,N7209|3424|0.568831,0.0100586
N7220|10570|1.082133,N7213|9538|0.153531,0.010073
N9473|13517|0.761633,N9471|3158|0.581705,0.006175
N9473|13517|0.761633,N9468|13363|1.827368,0.00771813
N9473|13517|0.761633,N9475|2667|0.359735,0.00616714
N9473|13517|0.761633,N9474|9017|1.451983,0.00928358
N9473|13517|0.761633,N9464|5466|2.500258,0.0147707
N9473|13517|0.761633,N9469|8841|0.631808,0.0108772
N9473|13517|0.761633,N9472|2578|0.263727,0.00307337
N9473|13517|0.761633,N9461|6816|1.325411,0.0131994
N9473|13517|0.761633,N9465|7044|0.718834,0.00849252
N9473|13517|0.761633,N9476|7780|0.27861,0.00771813
N10374|5317|0.796149,N10371|12663|0.419077,0.0084903
N10374|5317|0.796149,N10373|6542|2.608281,0.00926057
N10374|5317|0.796149,N10370|14796|0.063703,0.00616171
N10374|5317|0.796149,N10367|15352|1.641873,0.0100482
N10374|5317|0.796149,N10377|9618|0.259502,0.00307172
N10374|5317|0.796149,N10372|3539|0.245136,0.0069389
N10374|5317|0.796149,N10375|10531|5.747938,0.0123908
N10374|5317|0.796149,N10369|1996|1.854409,0.0108263
N8198|8976|2.567885,N8213|3840|0.621532,0.0147387
N8198|8976|2.567885,N8187|2376|1.130316,0.0124173
N8198|8976|2.567885,N8222|13876|2.129401,0.0147524
N8198|8976|2.567885,N8173|12513|1.810112,0.0139592
N8198|8976|2.567885,N8176|6430|0.414331,0.01475
N8198|8976|2.567885,N8188|1643|3.838888,0.010061
N8198|8976|2.567885,N8186|2195|0.728828,0.0116256
N8198|8976|2.567885,N8194|3761|1.134226,0.0116143
N8198|8976|2.567885,N8196|14222|0.462218,0.0147732
N8198|8976|2.567885,N8189|11388|1.488916,0.00926689
N8198|8976|2.567885,N8200|14143|0.460304,0.00461987
N8198|8976|2.567885,N8206|5109|0.82291,0.0139614
N8198|8976|2.567885,N8197|3640|2.261794,0.00693829
N8198|8976|2.567885,N8203|11050|0.018259,0.0116144
N12901|8363|0.020532,N12897|11410|0.693546,0.00926059
N12901|8363|0.020532,N12903|3823|0.846488,0.0100412
N12901|8363|0.020532,N12904|6864|0.055714,0.0092593
N12901|8363|0.020532,N12898|10597|0.238374,0.00926059
N12901|8363|0.020532,N12902|13344|0.176188,0.00850135
N12901|8363|0.020532,N12906|6736|1.852248,0.0139633
N12901|8363|0.020532,N12896|5378|1.520829,0.0116
N12901|8363|0.020532,N12900|12978|0.377253,0.0131912
N9400|10181|1.115884,N9402|14702|1.463795,0.0100483
N9400|10181|1.115884,N9397|14957|1.010538,0.0115914
N9400|10181|1.115884,N9418|11659|0.082455,0.0131747
N9400|10181|1.115884,N9408|9665|0.673645,0.0139519
N9400|10181|1.115884,N9423|6527|0.148587,0.0139673
N9400|10181|1.115884,N9398|2413|1.127416,0.00848462
N9400|10181|1.115884,N9394|7196|2.769976,0.0115933
N9400|10181|1.115884,N9416|3982|2.127591,0.0139615
N9400|10181|1.115884,N9429|6293|0.044463,0.0123978
N9400|10181|1.115884,N9411|12961|0.776325,0.0108241
N9400|10181|1.115884,N9405|11433|2.621768,0.0139543
N9400|10181|1.115884,N9417|14062|0.337818,0.0131747
N9400|10181|1.115884,N9425|10731|0.354384,0.0147495
N9400|10181|1.115884,N9399|10757|3.06532,0.0100447
N9400|10181|1.115884,N9404|11969|0.138192,0.0115914
N9400|10181|1.115884,N9410|13851|2.199643,0.0131749
N7844|2093|0.16838,N7838|7129|0.242089,0.00774298
N7844|2093|0.16838,N7836|13458|6.078908,0.0108662
N7844|2093|0.16838,N7815|11573|0.022539,0.0124085
N7844|2093|0.16838,N7829|7474|0.01916,0.0132163
N7844|2093|0.16838,N7835|11534|2.273651,0.0100837
N7844|2093|0.16838,N7845|3449|1.066443,0.0131745
N7844|2093|0.16838,N7839|11309|7.30164,0.0100698
N7844|2093|0.16838,N7822|9360|0.510657,0.0147902
N7844|2093|0.16838,N7826|10571|1.21748,0.0140316
N7844|2093|0.16838,N7814|5279|0.380088,0.0132002
N7844|2093|0.16838,N7833|5742|2.205444,0.0139639
N7844|2093|0.16838,N7834|13992|3.359426,0.0139956
N10460|1800|0.07162,N10444|11264|4.117282,0.011614
N10460|1800|0.07162,N10445|1942|5.275127,0.00926987
N10460|1800|0.07162,N10465|5296|0.714784,0.00539643
N10460|1800|0.07162,N10447|13406|0.157979,0.00693612
N10460|1800|0.07162,N10453|5010|3.198702,0.0108581
N10460|1800|0.07162,N10436|2703|0.383166,0.0131676
N10460|1800|0.07162,N10463|6162|0.183799,0.000767617
N10460|1800|0.07162,N10468|13503|2.975931,0.0123916
N10460|1800|0.07162,N10451|8351|0.152582,0.0100585
N10460|1800|0.07162,N10440|6346|0.732477,0.0123903
N10460|1800|0.07162,N10464|13817|1.982144,0.0084965
N10460|1800|0.07162,N10457|8278|1.686393,0.0100585
N10460|1800|0.07162,N10452|9184|0.524044,0.00928452
N10460|1800|0.07162,N10458|6483|1.010701,0.00926435
N10460|1800|0.07162,N10459|13491|0.273509,0.00771747
N10461|12611|41.30208,N10462|2930|60.003667,0.0140371
N8746|11359|1.571353,N8748|7801|0.988138,0.0132022
N8746|11359|1.571353,N8744|3173|0.097836,0.00307698
N8746|11359|1.571353,N8745|9801|1.55755,0.00461973
N8746|11359|1.571353,N8747|6835|2.435311,0.00849286
N7880|14548|0.022265,N7887|15247|1.195676,0.0147714
N7880|14548|0.022265,N7875|5023|1.98417,0.0132166
N7880|14548|0.022265,N7876|5721|1.21441,0.010833
N7880|14548|0.022265,N7878|13273|0.48581,0.00929607
N7880|14548|0.022265,N7879|9688|9.223416,0.0140317
N7880|14548|0.022265,N7886|11490|0.911306,0.0124097
N7880|14548|0.022265,N7881|5503|0.713161,0.00695529
N7880|14548|0.022265,N7877|6834|2.985305,0.00851051
N12104|13551|1.648967,N12099|11460|2.302482,0.0123972
N12104|13551|1.648967,N12098|13700|0.200803,0.00385129
N12104|13551|1.648967,N12111|12857|0.124219,0.0131936
N12104|13551|1.648967,N12095|6280|0.840689,0.00539616
N12104|13551|1.648967,N12101|8940|3.365213,0.00694592
N12104|13551|1.648967,N12112|3911|1.050978,0.0116174
N12104|13551|1.648967,N12096|4098|1.821324,0.00539054
N12104|13551|1.648967,N12100|7949|2.361964,0.00927516
N12104|13551|1.648967,N12110|11218|0.923665,0.010832
N10089|1801|0.434429,N10079|14260|1.084337,0.00929847
N10089|1801|0.434429,N10125|13211|1.537075,0.0132036
N10089|1801|0.434429,N10075|10071|1.185983,0.00850441
N10089|1801|0.434429,N10068|11807|1.557756,0.0139961
N10089|1801|0.434429,N10063|11014|3.925773,0.0140009
N10089|1801|0.434429,N10122|2041|0.602855,0.0132033
N10089|1801|0.434429,N10124|12667|2.251802,0.0132036
N10089|1801|0.434429,N10084|5706|2.767464,0.0139699
N10089|1801|0.434429,N10065|8060|1.039306,0.0124164
N10089|1801|0.434429,N10094|7322|3.27339,0.0100499
N10089|1801|0.434429,N10054|3102|1.294006,0.014772
N10089|1801|0.434429,N10096|4634|3.033585,0.0100499
N10089|1801|0.434429,N10126|7006|1.472433,0.0147853
N10089|1801|0.434429,N10078|2341|1.12871,0.0116372
N10089|1801|0.434429,N10071|1580|0.257818,0.00928386
N10089|1801|0.434429,N10082|5613|2.048412,0.0100583
N10089|1801|0.434429,N10127|9599|0.325855,0.0147635
N10089|1801|0.434429,N10083|10662|0.54533,0.00772852
N10089|1801|0.434429,N10062|10532|0.956953,0.0147706
N10089|1801|0.434429,N10088|8467|3.918434,0.0046197
N10089|1801|0.434429,N10105|6840|2.06747,0.0147584
N10089|1801|0.434429,N10061|3384|0.179959,0.0100657
N10089|1801|0.434429,N10087|7836|0.189476,0.00539069
N10089|1801|0.434429,N10076|15281|0.628564,0.00772386
N10089|1801|0.434429,N10081|3877|1.475931,0.00850108
N10089|1801|0.434429,N10057|13681|0.686815,0.0132039
N11522|6810|0.157009,N11527|3922|0.260128,0.00693907
N11522|6810|0.157009,N11540|12290|0.167917,0.0139546
N11522|6810|0.157009,N11533|8152|0.973372,0.0147581
N11522|6810|0.157009,N11512|5617|0.436129,0.00849172
N11522|6810|0.157009,N11421|5366|0.550411,0.014751
N11522|6810|0.157009,N11544|14963|1.302651,0.0123917
N11522|6810|0.157009,N11523|10366|1.727276,0.0108269
N11522|6810|0.157009,N11514|14680|2.221141,0.0131764
N11522|6810|0.157009,N11513|14873|1.613532,0.00849048
N11522|6810|0.157009,N11521|2839|0.149121,0.00230473
N11522|6810|0.157009,N11507|6607|1.978532,0.0100518
N11522|6810|0.157009,N11556|10035|3.080027,0.0108315
N11522|6810|0.157009,N11519|4528|1.340794,0.00926675
N11522|6810|0.157009,N11418|2052|0.356991,0.0139678
N11522|6810|0.157009,N11545|12365|0.79407,0.0131752
N11522|6810|0.157009,N11538|11013|1.022348,0.0132117
N11522|6810|0.157009,N11506|3269|1.611056,0.0124019
N11522|6810|0.157009,N11520|7771|1.551812,0.0131907
N11522|6810|0.157009,N11517|12445|9.348798,0.014748
N11522|6810|0.157009,N11549|2223|0.51089,0.0108315
N11522|6810|0.157009,N11530|12697|1.748775,0.0131767
N11522|6810|0.157009,N11546|4490|1.028815,0.0123918
N11522|6810|0.157009,N11551|2027|0.878688,0.0139812
N11522|6810|0.157009,N11524|6585|0.421476,0.005386
N11522|6810|0.157009,N11534|10703|0.757553,0.0147398
N11522|6810|0.157009,N11558|4971|0.648042,0.0116349
N11522|6810|0.157009,N11539|11393|0.198572,0.0116267
N11522|6810|0.157009,N11528|1503|1.918436,0.0116027
N11522|6810|0.157009,N11518|4201|1.298602,0.0139898
N11522|6810|0.157009,N11531|8005|0.409323,0.0148087
N11522|6810|0.157009,N11509|7537|0.30586,0.00693332
N11522|6810|0.157009,N11536|8711|0.193032,0.0116179
N11522|6810|0.157009,N11525|1465|2.743465,0.00849649
N11522|6810|0.157009,N11526|15011|1.043239,0.00539649
N11522|6810|0.157009,N11529|10443|1.930225,0.00850119
N11522|6810|0.157009,N11543|4427|0.832731,0.013175
N11522|6810|0.157009,N11552|14034|0.499465,0.0100704
N11522|6810|0.157009,N11555|3021|1.953023,0.0124095
N11522|6810|0.157009,N11515|7523|2.271195,0.0124096
N11522|6810|0.157009,N11417|2611|2.032126,0.0139619
N12248|8619|0.192592,N12251|2317|0.474267,0.00384617
N12248|8619|0.192592,N12238|9424|0.466948,0.010044
N12248|8619|0.192592,N12242|13910|0.780578,0.0123899
N12248|8619|0.192592,N12253|11064|0.662412,0.0139775
N12248|8619|0.192592,N12245|9635|0.192131,0.010044
N12248|8619|0.192592,N12249|10050|0.470262,0.00230449
N12248|8619|0.192592,N12247|3801|2.795937,0.0131742
N12248|8619|0.192592,N12255|8455|5.011073,0.0131633
N12248|8619|0.192592,N12240|14756|0.109242,0.0123911
N12248|8619|0.192592,N12250|7818|1.862516,0.00230279
N12248|8619|0.192592,N12244|14164|0.633352,0.0108262
N12248|8619|0.192592,N12256|5110|1.787743,0.0147388
N9321|8664|0.8956,N9326|7552|0.69364,0.0131842
N9321|8664|0.8956,N9322|7581|5.932253,0.0108204
N9321|8664|0.8956,N9315|14193|0.052861,0.0147625
N9321|8664|0.8956,N9318|10710|0.589619,0.0147678
N9321|8664|0.8956,N9325|4983|1.773833,0.0147589
N10391|10811|1.870116,N10385|13721|0.084633,0.0139432
N10391|10811|1.870116,N10390|5991|0.209636,0.00693379
N10391|10811|1.870116,N10394|7361|0.277432,0.0108147
N10391|10811|1.870116,N10389|10520|0.887805,0.00848656
N10391|10811|1.870116,N10392|9998|1.873579,0.00616744
N9693|12901|2.368983,N9692|5876|2.905414,0.00926988
N11603|11797|1.655793,N11599|10603|1.183727,0.00538988
N11603|11797|1.655793,N11610|4641|2.194546,0.0139729
N11603|11797|1.655793,N11612|7607|5.393571,0.0139814
N11603|11797|1.655793,N11602|1469|0.068194,0.00307825
N11603|11797|1.655793,N11604|14042|0.61391,0.0116072
N11603|11797|1.655793,N11595|5624|0.527232,0.00694535
N11603|11797|1.655793,N11596|10816|0.692399,0.00694538
N11603|11797|1.655793,N11606|7388|0.162691,0.0108315
N11603|11797|1.655793,N11613|13304|1.663156,0.0131689
N11603|11797|1.655793,N11611|3842|2.309476,0.0116072
N11603|11797|1.655793,N11601|13201|8.474162,0.0139712
N11603|11797|1.655793,N11600|4625|0.576178,0.00307482
N11603|11797|1.655793,N11593|9226|1.599335,0.00849656
N11603|11797|1.655793,N11607|13674|2.220092,0.0131845
N11603|11797|1.655793,N11614|15324|0.132472,0.0131844
N10234|11017|5.148708,N10230|14806|0.229795,0.0100698
N10234|11017|5.148708,N10232|14736|2.171854,0.0147893
N10234|11017|5.148708,N10235|1812|3.471862,0.0124243
N7682|6530|0.602967,N7681|13095|0.579372,0.0023047
N7682|6530|0.602967,N7680|2234|1.066566,0.00461766
N7682|6530|0.602967,N7678|14971|2.708855,0.0100582
N7682|6530|0.602967,N7684|6871|1.591664,0.00384521
N12079|8311|0.820379,N12068|5333|1.970972,0.0116214
N12079|8311|0.820379,N12076|12350|0.074,0.00928423
N12079|8311|0.820379,N12053|7243|0.075714,0.0139935
N12079|8311|0.820379,N12060|10946|0.282027,0.0139693
N12079|8311|0.820379,N12078|9343|0.596771,0.0108399
N12079|8311|0.820379,N12064|12188|2.046563,0.0116404
N12079|8311|0.820379,N12052|1462|0.742898,0.0147887
N12079|8311|0.820379,N12063|8845|0.246638,0.0123914
N12079|8311|0.820379,N12051|4854|0.440591,0.0116152
N12079|8311|0.820379,N12069|14335|0.683639,0.0116152
N12079|8311|0.820379,N12054|11742|8.2643,0.011634
N12079|8311|0.820379,N12074|9368|0.993391,0.00849624
N12079|8311|0.820379,N12050|1425|0.06447,0.0116152
N12079|8311|0.820379,N12080|11680|3.058156,0.0100486
N12079|8311|0.820379,N12067|15033|0.850597,0.010833
N12079|8311|0.820379,N12062|10982|1.689488,0.0124013
N12079|8311|0.820379,N12049|6519|2.771871,0.0139804
N10885|4074|2.282468,N10891|9707|4.080801,0.0131857
N10885|4074|2.282468,N10888|6497|3.625147,0.0116523
N10885|4074|2.282468,N10887|12945|3.710148,0.00539009
N10885|4074|2.282468,N10892|3803|0.273582,0.00772826
N10885|4074|2.282468,N10894|8335|1.689416,0.00929823
N10885|4074|2.282468,N10895|13787|0.935012,0.0100866
N7943|8916|2.992938,N7947|7971|3.261738,0.0147716
N7943|8916|2.992938,N7944|13072|2.551932,0.0124467
N7943|8916|2.992938,N7946|8602|0.632918,0.0109019
N10674|10793|0.198415,N10673|10587|2.377942,0.00850197
N10674|10793|0.198415,N10675|4253|0.455043,0.00850408
N10674|10793|0.198415,N10671|13240|0.540271,0.00616724
N10674|10793|0.198415,N10670|1806|0.129869,0.00617483
N10674|10793|0.198415,N10677|9282|1.543755,0.0139614
N11008|4530|4.301037,N11006|4660|3.082596,0.0123814
N10915|8529|0.322355,N10924|8357|1.49212,0.0023047
N10915|8529|0.322355,N10921|10723|4.08728,0.00540458
N10915|8529|0.322355,N10919|12935|1.629907,0.00307697
N10915|8529|0.322355,N10912|14735|3.545831,0.00850108
N10915|8529|0.322355,N10920|14634|1.207204,0.00308251
N10915|8529|0.322355,N10914|9492|10.257428,0.00850004
N10915|8529|0.322355,N10922|11934|1.797118,0.00384525
N10915|8529|0.322355,N10913|3810|1.22067,0.00539349
N10915|8529|0.322355,N10917|10509|5.997907,0.0132011
N10138|2567|0.548902,N10164|13306|0.449205,0.0108315
N10138|2567|0.548902,N10165|9426|0.030185,0.0131689
N10138|2567|0.548902,N10159|5347|1.089161,0.0124038
N10138|2567|0.548902,N10169|2065|3.860674,0.0108388
N10138|2567|0.548902,N10151|6496|1.236271,0.0131768
N10138|2567|0.548902,N10148|14970|1.835456,0.0116311
N10138|2567|0.548902,N10141|15388|1.388087,0.0116412
N10138|2567|0.548902,N10150|8448|0.63063,0.00928285
N10138|2567|0.548902,N10140|13774|1.624122,0.00695541
N10138|2567|0.548902,N10145|8073|2.673846,0.0108483
N10138|2567|0.548902,N10153|2144|0.895476,0.00849169
N10138|2567|0.548902,N10146|10997|1.204118,0.0108548
N10138|2567|0.548902,N10147|10051|1.378086,0.0100678
N10138|2567|0.548902,N10149|11080|0.160309,0.00850231
N10138|2567|0.548902,N10154|13738|0.207181,0.00849326
N10138|2567|0.548902,N10152|9351|0.056029,0.0108425
N10138|2567|0.548902,N10158|14329|0.227607,0.0108387
N10138|2567|0.548902,N10160|4433|0.171967,0.0108514
N10138|2567|0.548902,N10136|6253|0.845949,0.00850095
N10138|2567|0.548902,N10139|5635|0.470954,0.00695541
N10138|2567|0.548902,N10135|3888|1.954201,0.00927529
N11401|15260|1.315812,N11395|7750|1.387834,0.0147709
N11401|15260|1.315812,N11406|7105|0.24223,0.011601
N11401|15260|1.315812,N11394|4859|0.416544,0.0147709
N11401|15260|1.315812,N11392|13474|0.166773,0.00929657
N11401|15260|1.315812,N11390|8919|2.53472,0.0100609
N11401|15260|1.315812,N11404|5368|0.608453,0.012378
N11401|15260|1.315812,N11393|2188|0.531588,0.0100702
N11401|15260|1.315812,N11407|1428|0.80075,0.011601
N11401|15260|1.315812,N11391|12341|0.045623,0.00772857
N11401|15260|1.315812,N11402|2327|2.482778,0.0139613
N11401|15260|1.315812,N11397|12633|1.136891,0.0100679
N11401|15260|1.315812,N11398|1232|1.681972,0.00850235
N11401|15260|1.315812,N11399|10356|2.340022,0.0147509
N7448|5474|0.236799,N7463|10682|1.316954,0.0147453
N7448|5474|0.236799,N7455|14064|1.217367,0.0147424
N7448|5474|0.236799,N7442|6669|2.495459,0.0124087
N7448|5474|0.236799,N7436|15309|1.420543,0.0115958
N7448|5474|0.236799,N7429|11592|1.24546,0.0139558
N7448|5474|0.236799,N7459|6492|0.052297,0.0147256
N7448|5474|0.236799,N7431|14762|1.952458,0.0139395
N7448|5474|0.236799,N7447|9983|3.052163,0.00230291
N7448|5474|0.236799,N7444|4231|5.518606,0.0100654
N7448|5474|0.236799,N7438|5804|1.092133,0.00849135
N7448|5474|0.236799,N7426|3108|1.291881,0.0123992
N7448|5474|0.236799,N7454|2711|0.057998,0.00230451
N7448|5474|0.236799,N7450|4514|0.348837,0.00153794
N7448|5474|0.236799,N7440|4221|1.427708,0.00771732
N7448|5474|0.236799,N7451|13616|0.92384,0.00230279
N7448|5474|0.236799,N7439|8645|0.933322,0.00694093
N7448|5474|0.236799,N7470|7144|0.418873,0.0147455
N7448|5474|0.236799,N7466|3451|0.070638,0.0123915
N7448|5474|0.236799,N7453|14226|3.199795,0.00307387
N7448|5474|0.236799,N7460|3127|0.163535,0.0147315
N7448|5474|0.236799,N7437|6623|2.839089,0.0131873
N7448|5474|0.236799,N7441|15268|1.890086,0.00849268
N7448|5474|0.236799,N7445|3439|0.825649,0.000767361
N11802|14959|3.783929,N11805|9530|2.079066,0.0131622
N11802|14959|3.783929,N11801|13264|1.168057,0.0147191
N10770|2550|0.014744,N10773|12064|1.833445,0.0139852
N10770|2550|0.014744,N10749|1785|0.563142,0.0147445
N10770|2550|0.014744,N10762|1626|0.876227,0.00928408
N10770|2550|0.014744,N10769|12767|1.489165,0.00384654
N10770|2550|0.014744,N10754|3438|0.225781,0.0147501
N10770|2550|0.014744,N10751|13615|1.046001,0.0139656
N10770|2550|0.014744,N10774|2754|1.843436,0.0108739
N10770|2550|0.014744,N10756|14201|0.794564,0.0147395
N10770|2550|0.014744,N10744|15106|0.931125,0.0147501
N10770|2550|0.014744,N10745|5703|0.574657,0.0147501
N10770|2550|0.014744,N10764|12069|1.113628,0.0108504
N10770|2550|0.014744,N10771|8878|0.498584,0.00849267
N11319|4106|0.644911,N11316|14475|4.499552,0.013175
N11319|4106|0.644911,N11327|15238|4.156123,0.0108469
N11319|4106|0.644911,N11318|8566|0.618355,0.00385017
N11319|4106|0.644911,N11322|6274|4.574686,0.00849166
N11319|4106|0.644911,N11321|7131|2.094019,0.0132172
N11319|4106|0.644911,N11326|7505|0.083515,0.00230862
N8938|12763|3.197821,N8947|9745|0.337258,0.0108785
N8938|12763|3.197821,N8963|5098|2.636494,0.0139788
N8938|12763|3.197821,N8946|6380|0.862479,0.0108337
N8938|12763|3.197821,N8945|12427|2.726987,0.0147802
N8938|12763|3.197821,N8948|7351|0.152822,0.0108449
N8938|12763|3.197821,N8942|9028|0.173101,0.00851279
N8478|13256|0.962904,N8468|11216|0.71844,0.01475
N8478|13256|0.962904,N8481|6409|1.149436,0.0053907
N8478|13256|0.962904,N8469|11656|0.733795,0.0116044
N8478|13256|0.962904,N8479|14258|4.666982,0.00618361
N8478|13256|0.962904,N8480|13341|0.082904,0.00307388
N8478|13256|0.962904,N8482|6029|0.305383,0.00850427
N8478|13256|0.962904,N8483|13013|1.452695,0.0100516
N8478|13256|0.962904,N8487|11714|0.291764,0.0131687
N8478|13256|0.962904,N8464|6997|0.845618,0.0123916
N8806|11980|0.102757,N8858|14691|0.918651,0.0131688
N8806|11980|0.102757,N8856|1379|0.777535,0.0131688
N8806|11980|0.102757,N8826|10845|0.935953,0.0124077
N8806|11980|0.102757,N8829|7668|1.400188,0.0131956
N8806|11980|0.102757,N8811|9539|0.100221,0.00230453
N8806|11980|0.102757,N8816|11877|6.49092,0.012398
N8806|11980|0.102757,N8814|6773|4.388186,0.0116021
N8806|11980|0.102757,N8828|2039|1.535477,0.0124077
N8806|11980|0.102757,N8871|11941|0.282747,0.014733
N8806|11980|0.102757,N8859|4263|0.786852,0.0147347
N8806|11980|0.102757,N8808|7597|2.501861,0.00384527
N8806|11980|0.102757,N8813|2637|0.544467,0.00849123
N8806|11980|0.102757,N8809|7652|0.05461,0.000767612
N8806|11980|0.102757,N8830|13127|0.348201,0.0147637
N8806|11980|0.102757,N8868|14599|0.735291,0.0139609
N11747|8553|1.347412,N11754|6675|0.041293,0.0108418
N11747|8553|1.347412,N11748|2291|2.334804,0.00539347
N11747|8553|1.347412,N11749|5038|0.065333,0.0116292
N11747|8553|1.347412,N11751|3884|1.015471,0.0131872
N11747|8553|1.347412,N11753|8071|1.008932,0.0139935
N12800|3339|0.55552,N12801|7832|1.540443,0.0131764
N12800|3339|0.55552,N12796|8593|0.43714,0.0108398
N12800|3339|0.55552,N12799|7601|3.625467,0.00772838
N12800|3339|0.55552,N12792|4718|1.104993,0.0147673
N12800|3339|0.55552,N12759|12675|0.102362,0.0147573
N12800|3339|0.55552,N12770|5861|0.616059,0.0124072
N12800|3339|0.55552,N12751|14883|0.545789,0.0147674
N12800|3339|0.55552,N12756|2309|1.276595,0.0147623
N12800|3339|0.55552,N12755|12020|0.149553,0.0139841
N12800|3339|0.55552,N12803|2064|0.265817,0.0116175
N12800|3339|0.55552,N12795|4574|2.553366,0.0139793
N12800|3339|0.55552,N12805|7599|5.251764,0.0139723
N12800|3339|0.55552,N12769|13527|0.825958,0.013195
N12800|3339|0.55552,N12802|8143|0.716222,0.0131874
N12800|3339|0.55552,N12797|2791|0.77827,0.00928693
N12800|3339|0.55552,N12747|10085|0.02083,0.0139795
N12800|3339|0.55552,N12765|5223|0.290977,0.0139851
N12800|3339|0.55552,N12791|3432|1.382532,0.01477
N12800|3339|0.55552,N12794|1915|0.264954,0.013183
N12800|3339|0.55552,N12735|13411|1.300204,0.0147573
N7788|5823|4.006263,N7783|3468|0.059187,0.00849272
N7788|5823|4.006263,N7782|5036|1.32555,0.0124073
N7788|5823|4.006263,N7785|2154|0.041507,0.00461969
N7788|5823|4.006263,N7792|9946|0.224628,0.0116342
N7788|5823|4.006263,N7777|12890|0.95141,0.00849271
N7788|5823|4.006263,N7794|1492|0.202883,0.0116201
N7788|5823|4.006263,N7789|7892|0.064587,0.00850151
N7788|5823|4.006263,N7795|5061|2.843486,0.0123875
N7788|5823|4.006263,N7781|2797|2.301592,0.00849032
N7788|5823|4.006263,N7778|3705|0.300916,0.00927441
N8029|12483|2.007116,N8032|13906|0.570499,0.00539475
N8029|12483|2.007116,N8033|9137|10.873219,0.0123992
N8029|12483|2.007116,N8024|14889|0.747143,0.0123835
N8029|12483|2.007116,N8028|7486|0.293428,0.00385607
N8029|12483|2.007116,N8013|7554|2.307135,0.0139558
N8029|12483|2.007116,N8031|3625|0.869058,0.00539403
N8029|12483|2.007116,N8009|14525|0.152579,0.0139394
N8029|12483|2.007116,N8038|2599|3.592852,0.0123847
N8029|12483|2.007116,N8036|14795|5.15202,0.0139713
N8029|12483|2.007116,N8034|11942|0.98519,0.0084929
N8029|12483|2.007116,N8039|4402|0.429196,0.00926699
N8029|12483|2.007116,N8014|11541|1.407573,0.0147455
N8029|12483|2.007116,N8022|12003|0.569686,0.0108239
N8029|12483|2.007116,N8030|1826|4.32662,0.00771984
N8029|12483|2.007116,N8020|4770|0.329201,0.0131674
N8029|12483|2.007116,N8011|6303|3.222924,0.0131623
N8029|12483|2.007116,N8012|12050|0.024109,0.0131686
N8361|13423|0.310029,N8359|6678|0.09393,0.00771998
N8361|13423|0.310029,N8364|14684|0.429345,0.0092964
N8361|13423|0.310029,N8366|6761|3.821011,0.011622
N8361|13423|0.310029,N8367|7627|1.553625,0.0124102
N8361|13423|0.310029,N8358|2835|0.986928,0.00928703
N8361|13423|0.310029,N8368|3577|1.223714,0.00928284
N8361|13423|0.310029,N8382|11492|1.764649,0.0139783
N8361|13423|0.310029,N8377|4310|0.039595,0.0139617
N8361|13423|0.310029,N8363|7636|0.882553,0.00695551
N8361|13423|0.310029,N8370|11809|3.007444,0.0139904
N8361|13423|0.310029,N8381|9511|0.167241,0.0147588
N8361|13423|0.310029,N8360|11856|2.550031,0.00539066
N8361|13423|0.310029,N8373|6621|4.001402,0.01474
N8361|13423|0.310029,N8374|10238|9.3E-5,0.0139527
N8361|13423|0.310029,N8362|1898|0.341441,0.00850428
N9610|4777|0.060301,N9612|6174|1.6603,0.0108449
N9610|4777|0.060301,N9604|2901|1.297017,0.00928393
N9610|4777|0.060301,N9611|15371|0.993276,0.00461398
N9610|4777|0.060301,N9609|10128|0.284588,0.00851235
N9610|4777|0.060301,N9613|2547|1.333227,0.0147395
N9610|4777|0.060301,N9606|2531|2.031099,0.00928435
N9610|4777|0.060301,N9608|11572|0.374229,0.00929623
N10268|3994|0.35638,N10275|5419|0.563275,0.0131863
N10268|3994|0.35638,N10272|2815|0.999696,0.0123912
N10268|3994|0.35638,N10253|13358|0.566741,0.0147204
N10268|3994|0.35638,N10271|12976|0.245497,0.0123912
N10268|3994|0.35638,N10269|11143|0.494647,0.0123901
N9224|2914|2.795347,N9223|5192|1.016832,0.00384395
N9224|2914|2.795347,N9222|5285|2.462127,0.0131718
N9224|2914|2.795347,N9221|3287|1.931716,0.012398
N9224|2914|2.795347,N9227|3109|1.922733,0.0108332
N9224|2914|2.795347,N9220|7153|0.060846,0.0100449
N9224|2914|2.795347,N9230|5653|0.302782,0.00694077
N9224|2914|2.795347,N9219|11851|0.409166,0.0123944
N9224|2914|2.795347,N9217|11202|0.826529,0.0100497
N9224|2914|2.795347,N9218|5627|1.577137,0.0116177
N9576|3682|0.302481,N9567|1682|1.220902,0.0147578
N9576|3682|0.302481,N9577|1514|0.131079,0
N9576|3682|0.302481,N9563|10572|0.466155,0.0124179
N9576|3682|0.302481,N9569|14020|1.47538,0.0139656
N9576|3682|0.302481,N9595|11314|1.260827,0.0131808
N9576|3682|0.302481,N9564|8190|1.697426,0.014788
N9576|3682|0.302481,N9579|13228|0.364303,0.00307484
N9576|3682|0.302481,N9578|1815|7.096758,0.00928397
N9576|3682|0.302481,N9568|6979|2.778294,0.0124179
N9576|3682|0.302481,N9582|12847|0.091103,0.00461765
N9576|3682|0.302481,N9560|8544|0.447709,0.0116598
N9576|3682|0.302481,N9565|9084|0.859842,0.0147538
N9576|3682|0.302481,N9584|14832|6.221778,0.013184
N9576|3682|0.302481,N9566|1874|1.386538,0.0124174
N9576|3682|0.302481,N9583|9172|0.762913,0.00927538
N9576|3682|0.302481,N9580|11726|1.403425,0.00461765
N8521|8420|2.878428,N8524|2034|1.160189,0.0131753
N8521|8420|2.878428,N8522|1506|1.658603,0.0100517
N8521|8420|2.878428,N8523|8866|0.187373,0.00538681
N8858|14691|0.918651,N8864|12287|1.765175,0.0116202
N8858|14691|0.918651,N8862|6062|0.990088,0.0061611
N8858|14691|0.918651,N8869|11929|1.190185,0.0139845
N8858|14691|0.918651,N8865|6134|2.677051,0.0139469
N8858|14691|0.918651,N8856|1379|0.777535,0
N8858|14691|0.918651,N8857|13223|6.916342,0.00461622
N8858|14691|0.918651,N8811|9539|0.100221,0.0139526
N8858|14691|0.918651,N8833|5470|0.043663,0.0131522
N8858|14691|0.918651,N8870|4132|3.188034,0.0131785
N8858|14691|0.918651,N8871|11941|0.282747,0.00927388
N8858|14691|0.918651,N8860|10099|1.374133,0.00617542
N8858|14691|0.918651,N8859|4263|0.786852,0.00153463
N8858|14691|0.918651,N8861|1846|2.103312,0.00772748
N8858|14691|0.918651,N8809|7652|0.05461,0.0139527
N8858|14691|0.918651,N8876|4101|0.779135,0.0147459
N8858|14691|0.918651,N8868|14599|0.735291,0.00694634
N12391|7250|0.533801,N12377|1787|0.942415,0.0124055
N12391|7250|0.533801,N12556|12239|0.061929,0.0131999
N12391|7250|0.533801,N12547|6940|0.836952,0.013964
N12391|7250|0.533801,N12381|14421|0.504515,0.0131761
N12391|7250|0.533801,N12379|10332|0.197133,0.0116249
N12391|7250|0.533801,N12380|3134|0.537506,0.0123939
N12391|7250|0.533801,N12384|10488|1.141749,0.0123834
N12391|7250|0.533801,N12393|6350|0.37277,0.0092568
N12391|7250|0.533801,N12397|4028|0.091825,0.0139643
N12391|7250|0.533801,N12376|7415|2.029356,0.014763
N12391|7250|0.533801,N12647|13618|1.367856,0.0147426
N12391|7250|0.533801,N12551|7510|0.251933,0.0131864
N12391|7250|0.533801,N12498|9476|0.063085,0.0147255
N12391|7250|0.533801,N12488|12101|1.121635,0.0147453
N12391|7250|0.533801,N12387|10709|1.719147,0.00928595
N12391|7250|0.533801,N12390|1905|5.875543,0.0100726
N12391|7250|0.533801,N12409|11290|1.945856,0.0147504
N12391|7250|0.533801,N12378|10540|0.39814,0.0132004
N12391|7250|0.533801,N12527|9237|0.448218,0.0147438
N12391|7250|0.533801,N12550|8083|0.027918,0.0131864
N12391|7250|0.533801,N12383|4272|1.686228,0.0131895
N12391|7250|0.533801,N12396|15125|0.104996,0.00926638
N12391|7250|0.533801,N12554|10454|0.637343,0.0131745
N12391|7250|0.533801,N12497|5875|0.074333,0.0147255
N12391|7250|0.533801,N12389|7963|7.147832,0.0139725
N8359|6678|0.09393,N8364|14684|0.429345,0.00771745
N8359|6678|0.09393,N8366|6761|3.821011,0.0100612
N8359|6678|0.09393,N8367|7627|1.553625,0.0108249
N8359|6678|0.09393,N8358|2835|0.986928,0.00616433
N8359|6678|0.09393,N8379|3450|0.362307,0.0139543
N8359|6678|0.09393,N8355|9885|2.048022,0.0139616
N8359|6678|0.09393,N8368|3577|1.223714,0.00772753
N8359|6678|0.09393,N8382|11492|1.764649,0.0123965
N8359|6678|0.09393,N8377|4310|0.039595,0.0123837
N8359|6678|0.09393,N8363|7636|0.882553,0.0053899
N8359|6678|0.09393,N8370|11809|3.007444,0.0140099
N8359|6678|0.09393,N8381|9511|0.167241,0.0131748
N8359|6678|0.09393,N8360|11856|2.550031,0.0116179
N8359|6678|0.09393,N8353|13525|4.961347,0.0123943
N8359|6678|0.09393,N8373|6621|4.001402,0.0131612
N8359|6678|0.09393,N8374|10238|9.3E-5,0.0123778
N8359|6678|0.09393,N8362|1898|0.341441,0.00694553
N11261|3110|0.877249,N11278|7842|1.936678,0.0139651
N11261|3110|0.877249,N11263|9326|0.863094,0.0100848
N11261|3110|0.877249,N11268|1588|0.835826,0.0147745
N11261|3110|0.877249,N11272|7605|0.463027,0.00927762
N11261|3110|0.877249,N11265|11932|2.622816,0.0131904
N11904|12206|1.611985,N11905|1391|0.365266,0.00848524
N11904|12206|1.611985,N11901|12383|0.637445,0.0123796
N11904|12206|1.611985,N11871|11403|1.151245,0.0147403
N11904|12206|1.611985,N11859|10707|1.084598,0.0147141
N11904|12206|1.611985,N11903|5159|0.285236,0.0123838
N9138|9432|0.011423,N9113|7273|1.274578,0.0123794
N9138|9432|0.011423,N9108|7670|1.052065,0.0147347
N9138|9432|0.011423,N9126|4611|0.442235,0.0108149
N9138|9432|0.011423,N9117|15300|3.458374,0.0131613
N9138|9432|0.011423,N9116|10730|0.445411,0.011596
N9138|9432|0.011423,N9109|4667|0.075349,0.0139397
N9138|9432|0.011423,N9134|1592|0.274906,0.00615765
N9138|9432|0.011423,N9115|2253|1.392066,0.0108198
N9138|9432|0.011423,N9124|12640|0.657822,0.0123816
N9138|9432|0.011423,N9114|12028|0.249049,0.0116025
N9138|9432|0.011423,N9123|7269|4.075191,0.0139398
N9138|9432|0.011423,N9139|11794|1.064317,0.00461782
N9138|9432|0.011423,N9133|10512|0.63993,0.00615675
N9138|9432|0.011423,N9137|6577|1.01906,0.0131687
N12479|3780|1.151415,N12490|9625|0.023124,0.0139524
N12479|3780|1.151415,N12556|12239|0.061929,0.0132182
N12479|3780|1.151415,N12547|6940|0.836952,0.0139771
N12479|3780|1.151415,N12466|6767|1.259225,0.0147451
N12479|3780|1.151415,N12533|7974|0.244196,0.0139669
N12479|3780|1.151415,N12551|7510|0.251933,0.0131997
N12479|3780|1.151415,N12498|9476|0.063085,0.0131743
N12479|3780|1.151415,N12488|12101|1.121635,0.0147558
N12479|3780|1.151415,N12563|8865|1.422802,0.0147424
N12479|3780|1.151415,N12508|14807|0.41106,0.0147556
N12479|3780|1.151415,N12524|7348|0.12227,0.0147555
N12479|3780|1.151415,N12473|13030|2.051846,0.0147503
N12479|3780|1.151415,N12481|5745|0.140218,0.0053962
N12479|3780|1.151415,N12553|5590|1.684612,0.0147556
N12479|3780|1.151415,N12518|9895|2.414444,0.0147581
N12479|3780|1.151415,N12519|10480|2.16617,0.0131998
N12479|3780|1.151415,N12550|8083|0.027918,0.0131997
N12479|3780|1.151415,N12554|10454|0.637343,0.0131855
N12479|3780|1.151415,N12534|12395|1.442349,0.0147451
N12479|3780|1.151415,N12497|5875|0.074333,0.0131745
N12479|3780|1.151415,N12480|6588|1.156968,0.00539002
N12479|3780|1.151415,N12517|2545|1.034848,0.0139932
N7260|9737|2.070826,N7261|14293|0.135342,0.00153796
N7260|9737|2.070826,N7264|13692|1.377922,0.0100505
N7260|9737|2.070826,N7266|8463|3.814487,0.0123982
N7260|9737|2.070826,N7257|6534|4.963021,0.00849682
N7260|9737|2.070826,N7241|9295|0.149992,0.0116269
N7260|9737|2.070826,N7245|13271|0.815363,0.0147504
N7260|9737|2.070826,N7222|10778|0.966694,0.0139786
N7260|9737|2.070826,N7224|9525|1.63289,0.0116218
N7260|9737|2.070826,N7258|10758|0.581307,0.00462371
N7260|9737|2.070826,N7225|10784|0.941838,0.0139675
N7260|9737|2.070826,N7229|4355|2.131715,0.0131902
N7260|9737|2.070826,N7239|8793|0.289335,0.0108385
N7260|9737|2.070826,N7228|2074|1.066336,0.0124103
N7260|9737|2.070826,N7227|3532|0.645177,0.0131902
N7260|9737|2.070826,N7247|8006|0.155368,0.0139791
N7260|9737|2.070826,N7265|2369|4.148335,0.0131751
N7260|9737|2.070826,N7255|4944|0.47656,0.00693824
N7260|9737|2.070826,N7253|12457|4.157358,0.0116083
N7260|9737|2.070826,N7254|6299|0.918044,0.00926999
N7260|9737|2.070826,N7262|2821|1.430439,0.00618529
N11968|13806|0.12608,N11966|13569|0.808196,0.0147313
N11968|13806|0.12608,N11938|2212|0.234243,0.0147268
N11968|13806|0.12608,N11967|7209|3.78933,0.010051
N7580|3017|5.289668,N7581|2522|2.105634,0.00927878
N7580|3017|5.289668,N7573|12128|0.908489,0.0147479
N7580|3017|5.289668,N7582|11418|2.88801,0.0084964
N7580|3017|5.289668,N7578|13870|0.956822,0.0131836
N7580|3017|5.289668,N7577|3297|0.36233,0.0123996
N9567|1682|1.220902,N9577|1514|0.131079,0.0147578
N9567|1682|1.220902,N9563|10572|0.466155,0.00696773
N9567|1682|1.220902,N9569|14020|1.47538,0.00697119
N9567|1682|1.220902,N9562|3709|4.60292,0.0139641
N9567|1682|1.220902,N9595|11314|1.260827,0.0131632
N9567|1682|1.220902,N9564|8190|1.697426,0.00772834
N9567|1682|1.220902,N9579|13228|0.364303,0.0147579
N9567|1682|1.220902,N9568|6979|2.778294,0.00540446
N9567|1682|1.220902,N9560|8544|0.447709,0.00617478
N9567|1682|1.220902,N9565|9084|0.859842,0.00849994
N9567|1682|1.220902,N9566|1874|1.386538,0.00616723
N9690|4764|2.189464,N9681|8984|0.687974,0.0131769
N9690|4764|2.189464,N9691|11061|1.064032,0.00384521
N9690|4764|2.189464,N9682|7940|1.808928,0.0147399
N9690|4764|2.189464,N9679|13209|1.647138,0.0139672
N9690|4764|2.189464,N9683|1797|0.131262,0.00616175
N9690|4764|2.189464,N9675|8632|0.033619,0.0123915
N9690|4764|2.189464,N9686|7587|6.338327,0.00694611
N9690|4764|2.189464,N9689|1644|1.081532,0.00462614
N9690|4764|2.189464,N9688|5711|1.910705,0.00540443
N9690|4764|2.189464,N9684|6273|0.64384,0.00849632
N9690|4764|2.189464,N9685|7705|1.114641,0.00616729
N9174|13437|2.993004,N9175|7425|1.007731,0.00538835
N9174|13437|2.993004,N9170|13055|0.782015,0.0139546
N9174|13437|2.993004,N9172|4097|0.914498,0.0100449
N9174|13437|2.993004,N9173|6954|2.168493,0.0123837
N9174|13437|2.993004,N9166|2597|0.752052,0.0147581
N8364|14684|0.429345,N8366|6761|3.821011,0.00849664
N8364|14684|0.429345,N8367|7627|1.553625,0.00927452
N8364|14684|0.429345,N8358|2835|0.986928,0.00929638
N8364|14684|0.429345,N8368|3577|1.223714,0.00616927
N8364|14684|0.429345,N8363|7636|0.882553,0.00385016
N8364|14684|0.429345,N8370|11809|3.007444,0.0124248
N8364|14684|0.429345,N8360|11856|2.550031,0.0132037
N8364|14684|0.429345,N8362|1898|0.341441,0.00539349
N8235|6917|1.159887,N8244|6887|2.946368,0.0131611
N8235|6917|1.159887,N8236|7663|0.449271,0.0131735
N8235|6917|1.159887,N8238|14320|0.980953,0.0139637
N8235|6917|1.159887,N8237|2182|0.011431,0.010824
N8235|6917|1.159887,N8234|9459|5.440515,0.0139653
N8235|6917|1.159887,N8240|6200|0.610919,0.0131633
N10079|14260|1.084337,N10075|10071|1.185983,0.0100583
N10079|14260|1.084337,N10065|8060|1.039306,0.0139727
N10079|14260|1.084337,N10094|7322|3.27339,0.0116025
N10079|14260|1.084337,N10096|4634|3.033585,0.0116025
N10079|14260|1.084337,N10078|2341|1.12871,0.00384619
N10079|14260|1.084337,N10071|1580|0.257818,0.0108315
N10079|14260|1.084337,N10082|5613|2.048412,0.0116204
N10079|14260|1.084337,N10083|10662|0.54533,0.00928391
N10079|14260|1.084337,N10088|8467|3.918434,0.0124252
N10079|14260|1.084337,N10061|3384|0.179959,0.0116216
N10079|14260|1.084337,N10087|7836|0.189476,0.0116528
N10079|14260|1.084337,N10076|15281|0.628564,0.00927445
N10079|14260|1.084337,N10081|3877|1.475931,0.0100582
N10079|14260|1.084337,N10057|13681|0.686815,0.0147716
N12907|5530|0.256071,N12816|3814|0.423491,0.0147402
N12907|5530|0.256071,N12909|9940|2.619268,0.0092667
N12907|5530|0.256071,N12910|9913|0.973343,0.00849997
N12907|5530|0.256071,N12914|11168|0.355507,0.00771325
N12907|5530|0.256071,N12855|12932|0.121879,0.0147311
N12907|5530|0.256071,N12920|5874|3.240712,0.00926688
N12907|5530|0.256071,N12927|4477|1.2477,0.013954
N12907|5530|0.256071,N12908|6786|1.944159,0.00461393
N12907|5530|0.256071,N12919|9151|0.917177,0.00926694
N12907|5530|0.256071,N12912|6916|0.539543,0.00926068
N12907|5530|0.256071,N12668|15202|0.179902,0.0139408
N12907|5530|0.256071,N12670|10894|2.37048,0.0147247
N12907|5530|0.256071,N12735|13411|1.300204,0.0139607
N12907|5530|0.256071,N12918|10244|5.925615,0.0123721
N12907|5530|0.256071,N12915|11312|1.031759,0.0147314
N8994|15030|1.499435,N9071|9717|1.854277,0.0139694
N8994|15030|1.499435,N8984|2348|0.618311,0.0147632
N8994|15030|1.499435,N9095|15014|0.566255,0.0147394
N8994|15030|1.499435,N8977|12250|0.173042,0.0139527
N8994|15030|1.499435,N9061|11039|0.602917,0.013956
N8994|15030|1.499435,N9091|13968|0.501484,0.0139525
N8994|15030|1.499435,N9036|15289|0.836622,0.0139725
N8994|15030|1.499435,N9021|7955|0.469038,0.0123979
N8994|15030|1.499435,N9072|4235|1.055492,0.0108333
N8994|15030|1.499435,N8968|1807|1.211901,0.0131949
N8994|15030|1.499435,N9082|6397|0.367536,0.0139673
N8994|15030|1.499435,N8995|9601|2.322318,0.0108196
N8994|15030|1.499435,N9086|13394|0.878173,0.0131833
N8994|15030|1.499435,N9041|13663|0.42431,0.014758
N8994|15030|1.499435,N8973|10145|2.089194,0.0139467
N8994|15030|1.499435,N8971|9569|0.51094,0.0139395
N8994|15030|1.499435,N8982|12416|0.081628,0.0131898
N8994|15030|1.499435,N9051|3727|0.752761,0.0147676
N8994|15030|1.499435,N9060|5017|1.651897,0.01474
N8994|15030|1.499435,N9019|1759|3.21172,0.013165
N8994|15030|1.499435,N9012|7036|0.144812,0.0147587
N8994|15030|1.499435,N9005|9621|0.184888,0.0139674
N8994|15030|1.499435,N9018|7028|1.271107,0.0123875
N8994|15030|1.499435,N9059|3952|0.117079,0.0131783
N8994|15030|1.499435,N9020|4424|0.845904,0.013187
N8994|15030|1.499435,N9026|1384|1.778624,0.0147632
N8994|15030|1.499435,N9090|5865|0.111667,0.0108323
N8994|15030|1.499435,N9075|13959|2.641422,0.0147477
N8994|15030|1.499435,N9074|12197|2.750243,0.0147346
N7519|6406|1.156999,N7523|6854|0.116439,0.0108332
N7519|6406|1.156999,N7534|5987|0.306367,0.0108586
N7519|6406|1.156999,N7524|3321|2.534676,0.0139413
N7519|6406|1.156999,N7532|11177|0.150479,0.0132378
N7519|6406|1.156999,N7541|6674|0.832864,0.0131871
N7519|6406|1.156999,N7546|4592|0.931722,0.0139643
N7519|6406|1.156999,N7517|11346|0.636323,0.00849994
N7519|6406|1.156999,N7528|1998|1.594102,0.010087
N7519|6406|1.156999,N7535|15379|0.344831,0.0132169
N7519|6406|1.156999,N7526|14207|0.370422,0.00851235
N7519|6406|1.156999,N7525|15348|7.400387,0.014772
N7519|6406|1.156999,N7516|3203|2.842382,0.0124016
N7519|6406|1.156999,N7533|13695|0.987302,0.0148356
N7519|6406|1.156999,N7543|1554|2.449295,0.0147456
N7519|6406|1.156999,N7530|5931|0.470247,0.0132008
N7519|6406|1.156999,N7556|6176|0.951097,0.0123977
N7519|6406|1.156999,N7555|11252|0.72638,0.0108332
N7519|6406|1.156999,N7514|9617|2.501809,0.00927746
N7519|6406|1.156999,N7515|11916|1.841037,0.0100607
N7519|6406|1.156999,N7545|8538|0.438066,0.0139776
N7581|2522|2.105634,N7583|8184|0.774372,0.0131869
N7581|2522|2.105634,N7573|12128|0.908489,0.0116154
N7581|2522|2.105634,N7582|11418|2.88801,0.00694546
N7581|2522|2.105634,N7572|15384|2.459501,0.0123981
N7581|2522|2.105634,N7578|13870|0.956822,0.0100567
N7581|2522|2.105634,N7577|3297|0.36233,0.00927556
N10699|3751|0.800382,N10701|4467|0.721486,0.00616107
N10699|3751|0.800382,N10703|5410|3.657255,0.012425
N10699|3751|0.800382,N10702|14528|3.548708,0.00926558
N10699|3751|0.800382,N10700|3193|0.042069,0.00616107
N7584|5571|2.230012,N7583|8184|0.774372,0.00694629
N7584|5571|2.230012,N7585|9212|1.060281,0.0124427
N7584|5571|2.230012,N7570|9685|0.00472,0.0139785
N7584|5571|2.230012,N7573|12128|0.908489,0.0147724
N7584|5571|2.230012,N7569|13864|0.616308,0.0131871
N7584|5571|2.230012,N7571|12548|0.443857,0.0148107
N7584|5571|2.230012,N7572|15384|2.459501,0.0124104
N7584|5571|2.230012,N7568|1526|0.096161,0.0124093
N7584|5571|2.230012,N7578|13870|0.956822,0.0132006
N7584|5571|2.230012,N7577|3297|0.36233,0.0124093
N7584|5571|2.230012,N7555|11252|0.72638,0.0140121
N9278|8324|0.126293,N9297|9509|0.576101,0.0147673
N9278|8324|0.126293,N9280|1878|0.108319,0.00617306
N9278|8324|0.126293,N9380|13987|0.013952,0.0147573
N9278|8324|0.126293,N9270|11008|0.082626,0.0132164
N9278|8324|0.126293,N9274|10577|0.532175,0.0116488
N9278|8324|0.126293,N9265|6867|2.063789,0.0139793
N9278|8324|0.126293,N9359|13859|0.138749,0.0131897
N9278|8324|0.126293,N9259|8520|0.048263,0.00771979
N9278|8324|0.126293,N9282|10971|1.28364,0.0147714
N9278|8324|0.126293,N9256|2757|2.040753,0.0100514
N9278|8324|0.126293,N9257|6339|0.058928,0.00850088
N9278|8324|0.126293,N9286|1853|1.74475,0.0132169
N9278|8324|0.126293,N9268|8263|0.021383,0.0116376
N9278|8324|0.126293,N9255|14771|0.350205,0.00850091
N9278|8324|0.126293,N9281|5602|0.079699,0.00539396
N9278|8324|0.126293,N9370|6191|0.044663,0.014763
N9278|8324|0.126293,N9266|13703|1.254768,0.0139918
N9278|8324|0.126293,N9263|4414|1.894238,0.0147672
N9278|8324|0.126293,N9264|5275|1.087171,0.014777
N9278|8324|0.126293,N9273|13046|0.2787,0.0124407
N9278|8324|0.126293,N9358|15303|1.043357,0.0139722
N9278|8324|0.126293,N9272|7257|0.692674,0.0124402
N11527|3922|0.260128,N11540|12290|0.167917,0.0147397
N11527|3922|0.260128,N11512|5617|0.436129,0.00927388
N11527|3922|0.260128,N11544|14963|1.302651,0.0131783
N11527|3922|0.260128,N11523|10366|1.727276,0.0131751
N11527|3922|0.260128,N11514|14680|2.221141,0.0139609
N11527|3922|0.260128,N11513|14873|1.613532,0.00926989
N11527|3922|0.260128,N11521|2839|0.149121,0.00461623
N11527|3922|0.260128,N11507|6607|1.978532,0.0108357
N11527|3922|0.260128,N11556|10035|3.080027,0.0116154
N11527|3922|0.260128,N11519|4528|1.340794,0.00850165
N11527|3922|0.260128,N11545|12365|0.79407,0.0139646
N11527|3922|0.260128,N11538|11013|1.022348,0.0139912
N11527|3922|0.260128,N11506|3269|1.611056,0.0131902
N11527|3922|0.260128,N11520|7771|1.551812,0.0124245
N11527|3922|0.260128,N11549|2223|0.51089,0.0116154
N11527|3922|0.260128,N11530|12697|1.748775,0.0139611
N11527|3922|0.260128,N11546|4490|1.028815,0.0131784
N11527|3922|0.260128,N11551|2027|0.878688,0.0131901
N11527|3922|0.260128,N11524|6585|0.421476,0.00770884
N11527|3922|0.260128,N11558|4971|0.648042,0.012425
N11527|3922|0.260128,N11539|11393|0.198572,0.0124061
N11527|3922|0.260128,N11528|1503|1.918436,0.0108197
N11527|3922|0.260128,N11518|4201|1.298602,0.0123945
N11527|3922|0.260128,N11509|7537|0.30586,0.00770886
N11527|3922|0.260128,N11536|8711|0.193032,0.0123996
N11527|3922|0.260128,N11525|1465|2.743465,0.0116221
N11527|3922|0.260128,N11526|15011|1.043239,0.00771999
N11527|3922|0.260128,N11529|10443|1.930225,0.00771994
N11527|3922|0.260128,N11543|4427|0.832731,0.0139616
N11527|3922|0.260128,N11552|14034|0.499465,0.0108581
N11527|3922|0.260128,N11555|3021|1.953023,0.0132006
N11527|3922|0.260128,N11515|7523|2.271195,0.0132008
N11581|14342|0.535108,N11582|8677|2.26364,0.00771342
N11581|14342|0.535108,N11583|5013|1.606075,0.0124106
N11581|14342|0.535108,N11579|5483|0.138558,0.00616925
N11581|14342|0.535108,N11580|10242|2.6451,0.00928604
N7474|13115|0.790998,N7473|6423|1.999291,0.00307298
N7474|13115|0.790998,N7490|8523|0.492729,0.0147349
N7474|13115|0.790998,N7475|7364|0.383068,0.00461624
N7474|13115|0.790998,N7477|7514|11.084761,0.0132163
N7999|4480|2.169119,N8002|12307|0.801992,0.0131675
N7999|4480|2.169119,N8004|14482|0.071663,0.0139607
N7999|4480|2.169119,N8003|11990|0.675441,0.0131675
N7999|4480|2.169119,N8000|10070|0.285692,0.00848459
N8085|12530|3.436059,N8088|10928|0.056422,0.0100443
N8085|12530|3.436059,N8093|5261|3.066135,0.0123916
N8085|12530|3.436059,N8083|9553|1.485977,0.0123876
N8085|12530|3.436059,N8091|6232|0.813067,0.0116003
N8085|12530|3.436059,N8090|5485|0.952618,0.0108313
N8085|12530|3.436059,N8087|13268|0.069492,0.00849291
N8085|12530|3.436059,N8089|12579|1.42331,0.00926427
N8085|12530|3.436059,N8084|15213|0.362241,0.0139434
N8085|12530|3.436059,N8092|9654|0.063226,0.0116112
N8499|3406|0.586548,N8489|14240|1.201014,0.0053963
N8499|3406|0.586548,N8488|13359|0.502178,0.00539012
N8499|3406|0.586548,N8496|13896|0.030096,0.0061673
N8499|3406|0.586548,N8498|13685|1.847306,0.00693322
N8499|3406|0.586548,N8492|1374|1.103492,0.00695635
N8499|3406|0.586548,N8490|9253|0.016372,0.00616149
N8550|14047|2.511542,N8548|11085|0.235396,0.0030749
N8550|14047|2.511542,N8536|1578|1.200852,0.0147223
N8550|14047|2.511542,N8551|9628|1.262071,0.00770874
N8550|14047|2.511542,N8543|5534|1.731312,0.0139312
N8550|14047|2.511542,N8545|8408|2.651616,0.0131474
N8550|14047|2.511542,N8554|13926|2.101798,0.0116023
N8550|14047|2.511542,N8553|3271|1.270083,0.0108331
N8550|14047|2.511542,N8529|2948|0.719877,0.0139525
N8550|14047|2.511542,N8557|3708|1.262066,0.00849143
N8550|14047|2.511542,N8544|7232|0.87161,0.0139304
N8550|14047|2.511542,N8547|9642|2.033348,0.00230597
N8550|14047|2.511542,N8535|9122|0.13603,0.0139355
N8550|14047|2.511542,N8552|6239|1.256476,0.0108265
N8550|14047|2.511542,N8549|12863|1.403818,0.00384924
N12154|6599|2.147591,N12155|3303|0.555083,0.00849979
N12154|6599|2.147591,N12156|2878|2.939164,0.00771296
N12154|6599|2.147591,N12152|9135|0.239371,0.00694599
N12788|15064|0.668415,N12805|7599|5.251764,0.0147563
N13077|12864|1.091684,N13082|1920|1.308468,0.0100578
N13077|12864|1.091684,N13078|10715|0.406326,0.00461956
N13077|12864|1.091684,N13081|11163|0.1151,0.00850106
N13077|12864|1.091684,N13083|13545|0.854512,0.0139638
N13077|12864|1.091684,N13076|4891|0.725229,0.00539614
N13077|12864|1.091684,N13072|12819|1.672875,0.0123847
N13077|12864|1.091684,N13080|8198|2.835692,0.012379
N13077|12864|1.091684,N13079|1454|0.626084,0.0116176
N13077|12864|1.091684,N13071|4238|1.966479,0.00926053
N13077|12864|1.091684,N13070|7113|5.886608,0.0139301
N13077|12864|1.091684,N13086|15084|0.571855,0.013993
N13077|12864|1.091684,N13087|2366|3.091692,0.0140186
N12347|13096|1.553908,N12351|9785|0.107445,0.00616427
N12347|13096|1.553908,N12376|7415|2.029356,0.0124101
N12347|13096|1.553908,N12349|11741|0.175739,0.0053898
N12347|13096|1.553908,N12345|11157|2.329086,0.0108451
N12347|13096|1.553908,N12365|7645|0.252699,0.0147717
N12347|13096|1.553908,N12363|7097|1.341347,0.0132025
N12347|13096|1.553908,N12355|6646|1.317654,0.0147721
N12347|13096|1.553908,N12352|4860|3.705697,0.00927449
N12347|13096|1.553908,N12353|8771|0.123274,0.00693933
N12347|13096|1.553908,N12362|2705|2.227795,0.0123965
N12347|13096|1.553908,N12369|13497|0.468312,0.0147894
N12347|13096|1.553908,N12346|12410|0.372866,0.010073
N12347|13096|1.553908,N12354|3530|2.800901,0.0147565
N12347|13096|1.553908,N12344|12378|1.266372,0.0147575
N12347|13096|1.553908,N12358|2665|0.156469,0.0147564
N12347|13096|1.553908,N12350|9203|3.129607,0.0100442
N10270|10304|2.06993,N10275|5419|0.563275,0.0100717
N10270|10304|2.06993,N10274|5492|0.296863,0.013985
N10270|10304|2.06993,N10272|2815|0.999696,0.00616945
N10270|10304|2.06993,N10271|12976|0.245497,0.00462613
N10270|10304|2.06993,N10269|11143|0.494647,0.013969
N8890|13902|3.910622,N8895|10293|2.356385,0.0092863
N8890|13902|3.910622,N8899|2682|0.452694,0.0108361
N8890|13902|3.910622,N8893|6537|0.388332,0.0100486
N8890|13902|3.910622,N8892|6668|1.175247,0.00928635
N8890|13902|3.910622,N8888|11071|3.593957,0.0123795
N8890|13902|3.910622,N8894|2000|0.615862,0.00850172
N8890|13902|3.910622,N8891|1619|0.761174,0.0123978
N8890|13902|3.910622,N8886|14755|1.395277,0.00848513
N8890|13902|3.910622,N8898|14688|0.203747,0.00771944
N11837|1557|3.956819,N11846|8772|2.303198,0.0139807
N11837|1557|3.956819,N11843|9901|0.799723,0.0139807
N11837|1557|3.956819,N11839|7609|1.095137,0.0108386
N11837|1557|3.956819,N11838|8325|3.614666,0.0131873
N11837|1557|3.956819,N11842|13507|2.938431,0.0131925
N11837|1557|3.956819,N11845|7795|0.316845,0.0124067
N11837|1557|3.956819,N11835|1559|2.226693,0.0131961
N11837|1557|3.956819,N11844|10359|0.208095,0.0131943
N12973|7414|2.121448,N12972|3764|6.69204,0.00616651
N12973|7414|2.121448,N12969|7672|1.042786,0.00695566
N12973|7414|2.121448,N12970|7761|2.204726,0.00539427
N12973|7414|2.121448,N12975|8764|3.432604,0.00462384
N12973|7414|2.121448,N12976|2539|6.970463,0.0147894
N12972|3764|6.69204,N12969|7672|1.042786,0.0100752
N12972|3764|6.69204,N12970|7761|2.204726,0.00850118
N12972|3764|6.69204,N12975|8764|3.432604,0.00772797
N10302|3630|2.889233,N10301|14140|0.237663,0.00927014
N10302|3630|2.889233,N10309|9762|0.882892,0.0139899
N10302|3630|2.889233,N10308|7071|0.582151,0.0108259
N10302|3630|2.889233,N10307|14002|0.117948,0.0116079
N10302|3630|2.889233,N10313|9230|1.208993,0.0139474
N10302|3630|2.889233,N10314|1679|0.052918,0.012394
N10302|3630|2.889233,N10299|10444|2.378877,0.0123812
N10302|3630|2.889233,N10315|6133|1.421078,0.0147494
N11713|12925|0.623445,N11709|8765|2.407597,0.0100517
N11713|12925|0.623445,N11690|6644|0.131364,0.0139728
N11713|12925|0.623445,N11692|14817|1.040448,0.013995
N11713|12925|0.623445,N11708|12521|1.374714,0.0100611
N11713|12925|0.623445,N11661|1883|0.916116,0.0140147
N11713|12925|0.623445,N11702|14744|0.617456,0.0132179
N11713|12925|0.623445,N11707|13696|2.522154,0.011626
N11713|12925|0.623445,N11699|8260|0.716946,0.0147583
N11713|12925|0.623445,N11696|6974|3.630097,0.0139729
N11713|12925|0.623445,N11705|2251|3.628118,0.0139861
N11713|12925|0.623445,N11704|4938|0.136408,0.0131833
N11713|12925|0.623445,N11714|12412|4.098774,0.00772383
N11713|12925|0.623445,N11711|5342|0.529197,0.00927767
N8723|13961|0.427336,N8733|6844|1.724144,0.00926431
N8723|13961|0.427336,N8732|6438|2.480171,0.0116081
N8723|13961|0.427336,N8730|7504|0.666954,0.0123848
N8723|13961|0.427336,N8708|3088|1.89812,0.0139786
N8723|13961|0.427336,N8717|4992|0.866765,0.0131766
N8723|13961|0.427336,N8704|9619|1.62264,0.0139745
N8723|13961|0.427336,N8720|9937|1.95449,0.0139458
N8723|13961|0.427336,N8705|9482|2.595467,0.0131876
N8723|13961|0.427336,N8725|14063|1.073705,0.0131899
N8723|13961|0.427336,N8711|2976|0.067598,0.0124059
N8723|13961|0.427336,N8729|9385|1.222648,0.0123848
N8723|13961|0.427336,N8715|1711|0.13758,0.0100574
N8723|13961|0.427336,N8712|8641|0.234128,0.0123903
N8723|13961|0.427336,N8728|8836|1.084428,0.00931319
N8723|13961|0.427336,N8727|13012|0.793639,0.0131648
N8723|13961|0.427336,N8731|10125|1.25572,0.0116081
N8723|13961|0.427336,N8724|1934|0.376952,0.00771835
N12686|7633|2.620529,N12689|11451|3.211736,0.0139809
N12686|7633|2.620529,N12677|7719|1.38275,0.0131862
N12686|7633|2.620529,N12687|3549|0.172949,0.0100585
N12686|7633|2.620529,N12657|5825|0.376556,0.014772
N12686|7633|2.620529,N12678|5549|0.607867,0.0139561
N12686|7633|2.620529,N12656|3489|0.856322,0.0147904
N12686|7633|2.620529,N12673|4752|1.088216,0.0116343
N12686|7633|2.620529,N12675|3288|2.397704,0.0147428
N12686|7633|2.620529,N12668|15202|0.179902,0.0100584
N12686|7633|2.620529,N12670|10894|2.37048,0.0108451
N11167|1607|3.802713,N11174|7612|0.80396,0.0139945
N9120|7180|0.461068,N9113|7273|1.274578,0.0139673
N9120|7180|0.461068,N9108|7670|1.052065,0.0147506
N9120|7180|0.461068,N9126|4611|0.442235,0.0123916
N9120|7180|0.461068,N9117|15300|3.458374,0.0147507
N9120|7180|0.461068,N9116|10730|0.445411,0.0131783
N9120|7180|0.461068,N9134|1592|0.274906,0.0116009
N9120|7180|0.461068,N9115|2253|1.392066,0.0124015
N9120|7180|0.461068,N9124|12640|0.657822,0.0123916
N9120|7180|0.461068,N9114|12028|0.249049,0.01319
N9120|7180|0.461068,N9133|10512|0.63993,0.0116043
N11377|6057|0.712908,N11379|10625|5.50537,0.0131844
N11377|6057|0.712908,N11380|13281|0.01983,0.00693899
N11377|6057|0.712908,N11413|8686|1.389957,0.0139858
N11377|6057|0.712908,N11412|1935|0.128139,0.0139858
N11377|6057|0.712908,N11389|5327|0.431325,0.0077199
N11377|6057|0.712908,N11359|1668|1.581908,0.0131834
N11377|6057|0.712908,N11368|5646|1.05269,0.00694622
N11377|6057|0.712908,N11369|6481|3.764338,0.0148103
N11377|6057|0.712908,N11378|12634|1.329419,0.00230452
N11377|6057|0.712908,N11410|2057|0.924361,0.0148105
N11377|6057|0.712908,N11388|9433|0.079396,0.0100583
N11377|6057|0.712908,N11367|6891|0.732076,0.00695551
N11377|6057|0.712908,N11411|13952|0.296443,0.0147704
N11377|6057|0.712908,N11365|7096|0.63038,0.00771324
N11377|6057|0.712908,N11363|15066|0.637353,0.00693614
N11377|6057|0.712908,N11371|5903|1.512719,0.00540463
N11377|6057|0.712908,N11385|11164|3.283753,0.0147715
N11377|6057|0.712908,N11373|7146|0.687377,0.00539636
N11377|6057|0.712908,N11366|6591|5.541124,0.00849047
N11377|6057|0.712908,N11358|3722|2.637675,0.0108481
N11377|6057|0.712908,N11375|8477|0.703535,0.00616962
N11377|6057|0.712908,N11384|2281|1.186815,0.0061618
N11377|6057|0.712908,N11361|9367|0.658486,0.00771748
N10730|12246|4.447425,N10728|5088|3.10689,0.0116003
N10730|12246|4.447425,N10716|5404|0.583346,0.0147256
N10730|12246|4.447425,N10724|3500|0.101707,0.0139395
N10730|12246|4.447425,N10725|9276|3.451623,0.0116003
N10730|12246|4.447425,N10726|6909|1.102324,0.00926046
N10730|12246|4.447425,N10727|11162|3.195729,0.0116002
N10091|7534|8.361441,N10094|7322|3.27339,0.0147403
N10091|7534|8.361441,N10096|4634|3.033585,0.0147405
N10091|7534|8.361441,N10090|3024|3.711051,0.0139645
N10693|2709|1.502121,N10694|6472|1.555003,0.00927558
N10693|2709|1.502121,N10698|12792|3.053573,0.0139609
N7567|9349|0.102316,N7583|8184|0.774372,0.0131836
N7567|9349|0.102316,N7585|9212|1.060281,0.0139676
N7567|9349|0.102316,N7570|9685|0.00472,0.0139563
N7567|9349|0.102316,N7569|13864|0.616308,0.0131689
N7567|9349|0.102316,N7571|12548|0.443857,0.0147723
N7567|9349|0.102316,N7568|1526|0.096161,0.0123877
N7567|9349|0.102316,N7566|2890|5.029256,0.0131627
N12289|3104|1.902495,N12290|5948|3.20679,0.0108203
N12289|3104|1.902495,N12291|7411|3.893236,0.0139543
N9732|9952|5.217936,N9731|10819|0.095892,0.010064
N8440|8151|5.1524,N8433|11853|0.993182,0.0147623
N8440|8151|5.1524,N8424|9554|1.692868,0.0147722
N10050|2175|1.199263,N10047|3647|2.358655,0.0108422
N10050|2175|1.199263,N10051|2045|4.253187,0.00539346
N9297|9509|0.576101,N9293|3035|4.562182,0.0147432
N9297|9509|0.576101,N9298|13149|1.529549,0.0139646
N9297|9509|0.576101,N9306|12076|0.602506,0.0131747
N9297|9509|0.576101,N9259|8520|0.048263,0.013183
N9297|9509|0.576101,N9257|6339|0.058928,0.0139691
N9297|9509|0.576101,N9255|14771|0.350205,0.0139692
N9297|9509|0.576101,N9294|15120|0.75094,0.00693897
N9297|9509|0.576101,N9296|6067|0.4015,0.0100391
N9577|1514|0.131079,N9563|10572|0.466155,0.0124179
N9577|1514|0.131079,N9569|14020|1.47538,0.0139656
N9577|1514|0.131079,N9595|11314|1.260827,0.0131808
N9577|1514|0.131079,N9564|8190|1.697426,0.014788
N9577|1514|0.131079,N9579|13228|0.364303,0.00307484
N9577|1514|0.131079,N9578|1815|7.096758,0.00928397
N9577|1514|0.131079,N9568|6979|2.778294,0.0124179
N9577|1514|0.131079,N9582|12847|0.091103,0.00461765
N9577|1514|0.131079,N9560|8544|0.447709,0.0116598
N9577|1514|0.131079,N9565|9084|0.859842,0.0147538
N9577|1514|0.131079,N9584|14832|6.221778,0.013184
N9577|1514|0.131079,N9566|1874|1.386538,0.0124174
N9577|1514|0.131079,N9583|9172|0.762913,0.00927538
N9577|1514|0.131079,N9580|11726|1.403425,0.00461765
N9446|6330|1.012356,N9449|10780|2.214769,0.0147575
N9446|6330|1.012356,N9450|5603|2.048183,0.0147574
N9446|6330|1.012356,N9451|10692|1.609798,0.0124108
N9446|6330|1.012356,N9455|7826|2.9402,0.0124017
N8748|7801|0.988138,N8749|12375|2.284148,0.0147422
N8748|7801|0.988138,N8744|3173|0.097836,0.0100582
N8748|7801|0.988138,N8745|9801|1.55755,0.0116199
N8748|7801|0.988138,N8747|6835|2.435311,0.0147563
N10510|14659|2.158505,N10511|13472|7.500875,0.013956
N10510|14659|2.158505,N10509|14898|0.231698,0.00539347
N10511|13472|7.500875,N10509|14898|0.231698,0.0131748
N9706|7588|9.070791,N9701|8709|1.632406,0.013956
N9706|7588|9.070791,N9702|13366|2.515764,0.013956
N9706|7588|9.070791,N9703|6717|0.552307,0.0147564
N9706|7588|9.070791,N9699|7120|1.582618,0.014743
N9042|4508|0.255122,N9043|10908|17.820623,0.0148094
N9042|4508|0.255122,N9046|2477|1.51501,0.00928348
N9042|4508|0.255122,N9035|8717|1.582124,0.0100777
N9042|4508|0.255122,N9044|5166|2.117901,0.0053935
N9042|4508|0.255122,N9036|15289|0.836622,0.00617787
N9042|4508|0.255122,N9021|7955|0.469038,0.0123976
N9042|4508|0.255122,N9045|13243|0.113371,0.00616961
N9042|4508|0.255122,N9041|13663|0.42431,0.00694679
N9042|4508|0.255122,N9017|9094|2.029675,0.0147319
N9042|4508|0.255122,N9054|10461|2.648133,0.013952
N9042|4508|0.255122,N9037|3151|0.565871,0.00774352
N9042|4508|0.255122,N9049|10265|3.185581,0.00772844
N9042|4508|0.255122,N9033|6190|1.42565,0.0116026
N9042|4508|0.255122,N9048|5200|0.926094,0.0100701
N9042|4508|0.255122,N9051|3727|0.752761,0.0108249
N9042|4508|0.255122,N9019|1759|3.21172,0.0115933
N9042|4508|0.255122,N9012|7036|0.144812,0.0147348
N9042|4508|0.255122,N9040|9243|5.5331,0.0131553
N9042|4508|0.255122,N9005|9621|0.184888,0.013947
N9042|4508|0.255122,N9018|7028|1.271107,0.0108164
N9042|4508|0.255122,N9020|4424|0.845904,0.0116097
N9042|4508|0.255122,N9026|1384|1.778624,0.0147565
N9042|4508|0.255122,N9023|13272|1.556355,0.0139522
N9681|8984|0.687974,N9691|11061|1.064032,0.00927603
N9681|8984|0.687974,N9682|7940|1.808928,0.00461624
N9681|8984|0.687974,N9679|13209|1.647138,0.00694542
N9681|8984|0.687974,N9683|1797|0.131262,0.0116149
N9681|8984|0.687974,N9675|8632|0.033619,0.00539545
N9681|8984|0.687974,N9686|7587|6.338327,0.0123998
N9681|8984|0.687974,N9689|1644|1.081532,0.0116084
N9681|8984|0.687974,N9674|1606|0.378322,0.00772372
N9681|8984|0.687974,N9688|5711|1.910705,0.0123906
N9681|8984|0.687974,N9684|6273|0.64384,0.0139794
N9681|8984|0.687974,N9677|2452|3.425616,0.01084
N9681|8984|0.687974,N9685|7705|1.114641,0.0116084
N12427|14037|0.680305,N12449|11793|2.385696,0.0131829
N12427|14037|0.680305,N12445|2867|0.371076,0.0116171
N12427|14037|0.680305,N12440|5924|1.208063,0.0131951
N12427|14037|0.680305,N12442|7102|0.817071,0.0124171
N12427|14037|0.680305,N12429|5196|0.40985,0.0108383
N12427|14037|0.680305,N12448|3129|0.946995,0.0116151
N12427|14037|0.680305,N12456|8471|1.772935,0.0116172
N12427|14037|0.680305,N12457|9305|1.04784,0.0139935
N12427|14037|0.680305,N12451|7630|2.06956,0.0139709
N12427|14037|0.680305,N12433|4451|2.477759,0.0124156
N12427|14037|0.680305,N12453|9718|1.313521,0.0108381
N12427|14037|0.680305,N12455|8365|0.335368,0.0108319
N12427|14037|0.680305,N12435|2899|0.967227,0.0124169
N12427|14037|0.680305,N12443|9845|0.533965,0.0100669
N12427|14037|0.680305,N12431|9022|3.267187,0.0147564
N12427|14037|0.680305,N12444|4137|0.107218,0.00928604
N12427|14037|0.680305,N12454|9739|0.606509,0.0100524
N12427|14037|0.680305,N12428|3118|1.22185,0.0023047
N12427|14037|0.680305,N12432|11765|4.38801,0.0132034
N12427|14037|0.680305,N12447|13631|1.752321,0.00850148
N12427|14037|0.680305,N12441|15258|0.530176,0.0123975
N12427|14037|0.680305,N12430|11924|0.617032,0.0116229
N7369|9223|3.101267,N7362|1990|4.840171,0.0147908
N7369|9223|3.101267,N7370|13914|1.047754,0.00462129
N7369|9223|3.101267,N7372|14442|0.013095,0.00153464
N7369|9223|3.101267,N7368|6338|0.854409,0.00928624
N7369|9223|3.101267,N7366|4395|0.099439,0.0131879
N7369|9223|3.101267,N7359|12326|0.642363,0.0139948
N7369|9223|3.101267,N7364|14981|1.278328,0.0108336
N7369|9223|3.101267,N7361|4656|0.357697,0.0132196
N7369|9223|3.101267,N7358|8381|0.416148,0.0132197
N7369|9223|3.101267,N7365|6936|1.085228,0.0123896
N7369|9223|3.101267,N7363|2573|0.103245,0.010073
N10960|7475|6.143285,N10959|14583|1.798967,0.0108196
N10960|7475|6.143285,N10961|1854|3.770455,0.012381
N9924|2476|0.643957,N9923|9338|0.524775,0.00153688
N9534|3060|2.008222,N9532|5569|1.531155,0.0100483
N9534|3060|2.008222,N9553|9058|1.067382,0.0147712
N9534|3060|2.008222,N9533|4010|0.908495,0.00616144
N9534|3060|2.008222,N9525|10317|1.701035,0.0139522
N9534|3060|2.008222,N9552|6778|1.175407,0.0147889
N9534|3060|2.008222,N9542|13337|0.791992,0.0123791
N8789|14927|5.602195,N8792|14407|1.135004,0.0116342
N8789|14927|5.602195,N8795|13854|0.477026,0.0124469
N8789|14927|5.602195,N8797|7822|0.967216,0.013184
N8789|14927|5.602195,N8798|10092|1.601613,0.0123977
N8789|14927|5.602195,N8799|11668|1.481135,0.0116531
N8789|14927|5.602195,N8791|10412|2.069768,0.00696791
N9483|6589|1.433255,N9485|2254|0.457235,0.0131943
N9483|6589|1.433255,N9525|10317|1.701035,0.013967
N9483|6589|1.433255,N9482|2701|0.778378,0.00926979
N9483|6589|1.433255,N9484|8231|2.243047,0.00849144
N9483|6589|1.433255,N9486|1956|0.766508,0.0124202
N8468|11216|0.71844,N8470|5934|3.397941,0.0147498
N8468|11216|0.71844,N8469|11656|0.733795,0.0100449
N8468|11216|0.71844,N8486|8715|1.616419,0.0147399
N8468|11216|0.71844,N8473|12230|1.783264,0.0147628
N8468|11216|0.71844,N8474|13424|0.489979,0.0147579
N8468|11216|0.71844,N8480|13341|0.082904,0.0131676
N8468|11216|0.71844,N8482|6029|0.305383,0.0139615
N8468|11216|0.71844,N8487|11714|0.291764,0.0123914
N8468|11216|0.71844,N8464|6997|0.845618,0.0100582
N8210|15188|1.133905,N8173|12513|1.810112,0.0139467
N8210|15188|1.133905,N8209|13205|2.961121,0.0116219
N8210|15188|1.133905,N8176|6430|0.414331,0.0147583
N8210|15188|1.133905,N8188|1643|3.838888,0.0131747
N8210|15188|1.133905,N8186|2195|0.728828,0.0147476
N8210|15188|1.133905,N8207|3966|1.218216,0.00771746
N8210|15188|1.133905,N8212|15207|2.79371,0.0100606
N8210|15188|1.133905,N8189|11388|1.488916,0.0139525
N8210|15188|1.133905,N8211|8123|0.377723,0.00693841
N8210|15188|1.133905,N8208|6083|2.403218,0.0108325
N8210|15188|1.133905,N8203|11050|0.018259,0.0131864
N7977|3169|0.117539,N7979|8369|0.944069,0.00384522
N7977|3169|0.117539,N7976|11715|0.722151,0.00230526
N7977|3169|0.117539,N7974|2109|1.797414,0.0139792
N7977|3169|0.117539,N7978|7473|1.581826,0.00616424
N7977|3169|0.117539,N7973|13302|1.627927,0.0147504
N10985|15019|3.4288,N10986|14709|4.906949,0.0061781
N10985|15019|3.4288,N10977|12075|0.613135,0.0139678
N10985|15019|3.4288,N10975|10794|2.249125,0.0139565
N10985|15019|3.4288,N10981|2731|0.266376,0.0139678
N10985|15019|3.4288,N10984|9782|0.397387,0.00926568
N10986|14709|4.906949,N10978|5694|1.783151,0.0131652
N10986|14709|4.906949,N10972|5908|1.0265,0.0123733
N10986|14709|4.906949,N10977|12075|0.613135,0.00926701
N10986|14709|4.906949,N10970|10530|0.525396,0.0108178
N10986|14709|4.906949,N10982|11914|1.803269,0.0108203
N10986|14709|4.906949,N10975|10794|2.249125,0.0108203
N10986|14709|4.906949,N10979|12278|3.152954,0.0108197
N10986|14709|4.906949,N10981|2731|0.266376,0.00926704
N10986|14709|4.906949,N10984|9782|0.397387,0.00461549
N10986|14709|4.906949,N10973|10114|1.49298,0.0108281
N12377|1787|0.942415,N12556|12239|0.061929,0.0116068
N12377|1787|0.942415,N12547|6940|0.836952,0.0123846
N12377|1787|0.942415,N12379|10332|0.197133,0.0147688
N12377|1787|0.942415,N12384|10488|1.141749,0.013954
N12377|1787|0.942415,N12393|6350|0.37277,0.0131801
N12377|1787|0.942415,N12551|7510|0.251933,0.0116079
N12377|1787|0.942415,N12566|9121|0.08259,0.0147689
N12377|1787|0.942415,N12498|9476|0.063085,0.014729
N12377|1787|0.942415,N12563|8865|1.422802,0.0147329
N12377|1787|0.942415,N12555|4208|2.598968,0.0139343
N12377|1787|0.942415,N12553|5590|1.684612,0.0147311
N12377|1787|0.942415,N12378|10540|0.39814,0.0023029
N12377|1787|0.942415,N12550|8083|0.027918,0.0116079
N12377|1787|0.942415,N12588|14367|1.187912,0.0147391
N12377|1787|0.942415,N12383|4272|1.686228,0.0147574
N12377|1787|0.942415,N12396|15125|0.104996,0.0139744
N12377|1787|0.942415,N12554|10454|0.637343,0.011604
N12377|1787|0.942415,N12497|5875|0.074333,0.0147289
N10125|13211|1.537075,N10118|13187|0.232964,0.0124136
N10125|13211|1.537075,N10112|11408|0.746142,0.0132194
N10125|13211|1.537075,N10108|15254|0.732074,0.0139961
N10125|13211|1.537075,N10068|11807|1.557756,0.0148086
N10125|13211|1.537075,N10063|11014|3.925773,0.0148101
N10125|13211|1.537075,N10122|2041|0.602855,0.0046196
N10125|13211|1.537075,N10107|7721|1.979724,0.0139728
N10125|13211|1.537075,N10104|2840|1.02207,0.0131783
N10125|13211|1.537075,N10124|12667|2.251802,0.0030825
N10125|13211|1.537075,N10123|12223|5.110259,0.00927451
N10125|13211|1.537075,N10065|8060|1.039306,0.0132089
N10125|13211|1.537075,N10111|11577|0.639357,0.0124192
N10125|13211|1.537075,N10094|7322|3.27339,0.0108355
N10125|13211|1.537075,N10096|4634|3.033585,0.0108354
N10125|13211|1.537075,N10126|7006|1.472433,0.00617494
N10125|13211|1.537075,N10113|13294|0.443123,0.0140117
N10125|13211|1.537075,N10127|9599|0.325855,0.0092744
N10125|13211|1.537075,N10121|9339|3.613094,0.01007
N10125|13211|1.537075,N10083|10662|0.54533,0.01478
N10125|13211|1.537075,N10119|10803|0.316622,0.0124136
N10125|13211|1.537075,N10105|6840|2.06747,0.0108315
N10125|13211|1.537075,N10061|3384|0.179959,0.0108594
N10125|13211|1.537075,N10110|10994|0.926104,0.0132194
N10125|13211|1.537075,N10076|15281|0.628564,0.0147805
N10125|13211|1.537075,N10057|13681|0.686815,0.0132037
N7804|13189|0.223528,N7800|3710|0.647854,0.0139779
N7804|13189|0.223528,N7797|10340|0.068652,0.0139672
N7804|13189|0.223528,N7803|3227|0.236022,0.0046212
N7804|13189|0.223528,N7801|12937|0.554222,0.0132003
N8454|8705|0.686169,N8449|7814|2.026929,0.00772838
N8454|8705|0.686169,N8457|5416|1.439677,0.00771922
N8454|8705|0.686169,N8456|9814|0.522372,0.00385136
N8454|8705|0.686169,N8455|15058|2.709482,0.0077175
N8454|8705|0.686169,N8433|11853|0.993182,0.0147582
N8454|8705|0.686169,N8462|1940|0.260636,0.00772835
N8454|8705|0.686169,N8451|1803|4.723301,0.00617513
N8454|8705|0.686169,N8424|9554|1.692868,0.0147423
N8454|8705|0.686169,N8460|14148|1.728008,0.00694956
N8454|8705|0.686169,N8459|13625|6.312552,0.0108448
N8454|8705|0.686169,N8452|11623|1.6017,0.00384522
N8454|8705|0.686169,N8453|3056|0.990996,0.00384397
N8454|8705|0.686169,N8461|4708|0.70719,0.00539837
N11433|13444|3.443965,N11441|13197|0.277409,0.0147592
N11433|13444|3.443965,N11439|4031|5.949013,0.0147592
N8665|4011|0.724426,N8659|8322|0.377356,0.0131631
N8665|4011|0.724426,N8663|11239|1.72174,0.00693057
N8665|4011|0.724426,N8638|9451|1.335632,0.0147343
N8665|4011|0.724426,N8676|3909|0.878856,0.0139607
N8665|4011|0.724426,N8667|5850|1.086772,0.0061582
N8665|4011|0.724426,N8625|3854|0.755222,0.0139775
N8665|4011|0.724426,N8666|13078|0.559671,0.00461771
N8665|4011|0.724426,N8669|4088|1.262664,0.0115958
N8665|4011|0.724426,N8670|11686|1.623364,0.0108202
N8665|4011|0.724426,N8674|9719|0.296966,0.010058
N8665|4011|0.724426,N8661|10851|1.961822,0.0131733
N8665|4011|0.724426,N8635|7231|0.13617,0.0139525
N8665|4011|0.724426,N8672|2210|0.469018,0.00926641
N8665|4011|0.724426,N8673|13767|0.155844,0.00849244
N8665|4011|0.724426,N8675|12520|4.641865,0.013964
N8665|4011|0.724426,N8637|14919|0.32506,0.0147397
N8665|4011|0.724426,N8627|6340|1.679732,0.0147581
N8665|4011|0.724426,N8678|10511|0.772648,0.0108195
N8665|4011|0.724426,N8639|7321|1.594604,0.0139641
N7400|2222|1.476371,N7405|7039|1.079638,0.0100566
N7400|2222|1.476371,N7402|7957|2.756946,0.00927742
N7400|2222|1.476371,N7398|15057|5.678835,0.00849168
N7400|2222|1.476371,N7399|12381|7.423353,0.0116343
N7400|2222|1.476371,N7404|3965|1.447523,0.00772397
N7400|2222|1.476371,N7403|12845|1.653957,0.00927449
N7400|2222|1.476371,N7406|12666|2.589913,0.0100656
N8233|10641|2.458054,N8232|6241|2.977951,0.00693893
N12490|9625|0.023124,N12556|12239|0.061929,0.0100513
N12490|9625|0.023124,N12547|6940|0.836952,0.0108247
N12490|9625|0.023124,N12540|12220|1.135966,0.0132118
N12490|9625|0.023124,N12466|6767|1.259225,0.0116142
N12490|9625|0.023124,N12533|7974|0.244196,0.0108382
N12490|9625|0.023124,N12509|3933|2.316697,0.0139457
N12490|9625|0.023124,N12591|8487|2.116312,0.0147474
N12490|9625|0.023124,N12597|12730|0.443169,0.0139525
N12490|9625|0.023124,N12551|7510|0.251933,0.0100496
N12490|9625|0.023124,N12584|7383|0.524904,0.0139544
N12490|9625|0.023124,N12566|9121|0.08259,0.0131968
N12490|9625|0.023124,N12498|9476|0.063085,0.00539759
N12490|9625|0.023124,N12488|12101|1.121635,0.0069551
N12490|9625|0.023124,N12475|4624|0.137927,0.0139608
N12490|9625|0.023124,N12459|10633|0.178368,0.0123899
N12490|9625|0.023124,N12495|13566|3.461848,0.0131951
N12490|9625|0.023124,N12530|10028|0.70269,0.0147503
N12490|9625|0.023124,N12564|8090|2.029125,0.0123836
N12490|9625|0.023124,N12507|9063|0.371893,0.0100973
N12490|9625|0.023124,N12486|7707|0.199262,0.0115966
N12490|9625|0.023124,N12563|8865|1.422802,0.0131674
N12490|9625|0.023124,N12535|11736|0.394495,0.0116069
N12490|9625|0.023124,N12541|4819|2.172499,0.0139896
N12490|9625|0.023124,N12508|14807|0.41106,0.00694526
N12490|9625|0.023124,N12555|4208|2.598968,0.012373
N12490|9625|0.023124,N12524|7348|0.12227,0.0116007
N12490|9625|0.023124,N12603|6671|3.050434,0.0147392
N12490|9625|0.023124,N12531|6368|0.808906,0.0131838
N12490|9625|0.023124,N12465|9663|3.510964,0.0124174
N12490|9625|0.023124,N12462|6718|0.293305,0.0131624
N12490|9625|0.023124,N12473|13030|2.051846,0.0131874
N12490|9625|0.023124,N12472|2949|0.315673,0.0147439
N12490|9625|0.023124,N12481|5745|0.140218,0.0139557
N12490|9625|0.023124,N12553|5590|1.684612,0.0131684
N12490|9625|0.023124,N12482|15143|0.193936,0.00774272
N12490|9625|0.023124,N12527|9237|0.448218,0.0123901
N12490|9625|0.023124,N12518|9895|2.414444,0.0131969
N12490|9625|0.023124,N12504|8693|0.601243,0.00774276
N12490|9625|0.023124,N12519|10480|2.16617,0.0116176
N12490|9625|0.023124,N12550|8083|0.027918,0.0100496
N12490|9625|0.023124,N12602|14045|0.864212,0.0147393
N12490|9625|0.023124,N12489|10602|3.074326,0.0100697
N12490|9625|0.023124,N12588|14367|1.187912,0.0116109
N12490|9625|0.023124,N12491|14941|6.537729,0.00615994
N12490|9625|0.023124,N12492|6139|1.973109,0.00849152
N12490|9625|0.023124,N12600|4349|1.436957,0.0147394
N12490|9625|0.023124,N12554|10454|0.637343,0.0100447
N12490|9625|0.023124,N12500|10430|1.273377,0.00850153
N12490|9625|0.023124,N12534|12395|1.442349,0.0116142
N12490|9625|0.023124,N12505|6802|1.904995,0.010036
N12490|9625|0.023124,N12569|10700|0.180908,0.0139652
N12490|9625|0.023124,N12497|5875|0.074333,0.00539753
N12490|9625|0.023124,N12545|9734|2.533836,0.0147503
N12490|9625|0.023124,N12483|3059|1.085798,0.0100609
N12490|9625|0.023124,N12513|6383|0.180784,0.0139692
N12490|9625|0.023124,N12480|6588|1.156968,0.0139465
N12490|9625|0.023124,N12517|2545|1.034848,0.0123992
N12490|9625|0.023124,N12529|4469|3.56161,0.0123992
N12490|9625|0.023124,N12528|11921|2.139033,0.0131969
N12490|9625|0.023124,N12461|3483|0.725069,0.0147386
N12490|9625|0.023124,N12546|6374|0.291382,0.0147474
N12490|9625|0.023124,N12487|6538|4.703612,0.0116139
N12645|14426|0.217353,N12636|8812|0.274926,0.01241
N12645|14426|0.217353,N12647|13618|1.367856,0.0116215
N12645|14426|0.217353,N12644|11855|0.121076,0.0139806
N12645|14426|0.217353,N12649|2098|1.034296,0.0131919
N12645|14426|0.217353,N12639|5176|2.615927,0.0139938
N10055|11120|1.771627,N10056|8462|9.708856,0.0116254
N10055|11120|1.771627,N10068|11807|1.557756,0.0147712
N10055|11120|1.771627,N10063|11014|3.925773,0.0147734
N10055|11120|1.771627,N10053|7659|0.406937,0.0100581
N10055|11120|1.771627,N10065|8060|1.039306,0.0131841
N10055|11120|1.771627,N10094|7322|3.27339,0.0116089
N10055|11120|1.771627,N10054|3102|1.294006,0.00926546
N10055|11120|1.771627,N10096|4634|3.033585,0.0116088
N10055|11120|1.771627,N10052|2635|1.577136,0.00926438
N10055|11120|1.771627,N10060|3824|0.405696,0.0147445
N10055|11120|1.771627,N10061|3384|0.179959,0.0108353
N10055|11120|1.771627,N10057|13681|0.686815,0.0132035
N8515|5402|3.105109,N8508|9851|0.401994,0.014763
N9158|9438|0.616688,N9113|7273|1.274578,0.0139727
N9158|9438|0.616688,N9108|7670|1.052065,0.0147581
N9158|9438|0.616688,N9126|4611|0.442235,0.0123981
N9158|9438|0.616688,N9117|15300|3.458374,0.0147582
N9158|9438|0.616688,N9152|14579|0.04131,0.0147582
N9158|9438|0.616688,N9116|10730|0.445411,0.0131842
N9158|9438|0.616688,N9149|13680|0.151522,0.0139612
N9158|9438|0.616688,N9148|6263|0.734975,0.0147582
N9158|9438|0.616688,N9134|1592|0.274906,0.0116083
N9158|9438|0.616688,N9142|8205|1.127885,0.0147577
N9158|9438|0.616688,N9115|2253|1.392066,0.0124077
N9158|9438|0.616688,N9124|12640|0.657822,0.0139718
N9158|9438|0.616688,N9114|12028|0.249049,0.0131955
N9158|9438|0.616688,N9156|13966|0.714533,0.00539627
N9158|9438|0.616688,N9153|7987|3.861358,0.00539657
N9158|9438|0.616688,N9143|9789|0.150846,0.0139658
N9158|9438|0.616688,N9150|13941|2.000419,0.0147479
N9158|9438|0.616688,N9145|12677|0.169826,0.0123945
N9158|9438|0.616688,N9133|10512|0.63993,0.0116145
N9158|9438|0.616688,N9154|8775|1.938037,0.00385012
N9158|9438|0.616688,N9144|4756|1.186141,0.0147397
N8804|10750|6.421216,N8802|11494|0.339611,0.00693381
N8804|10750|6.421216,N8801|3206|0.419781,0.00693381
N8279|2342|1.632515,N8276|7340|0.140385,0.0116024
N8279|2342|1.632515,N8271|14464|0.211769,0.0139541
N8279|2342|1.632515,N8278|12996|0.77561,0.00384649
N8279|2342|1.632515,N8294|7565|3.15105,0.0139669
N8279|2342|1.632515,N8295|11083|0.439892,0.0131779
N8279|2342|1.632515,N8274|11759|1.247002,0.0139612
N8279|2342|1.632515,N8272|10761|0.822104,0.0116125
N8279|2342|1.632515,N8281|15228|0.040968,0.0139456
N8279|2342|1.632515,N8280|5972|1.604295,0.00539337
N8279|2342|1.632515,N8266|9494|2.242049,0.0147495
N12214|7574|0.693499,N12215|15164|5.662187,0.0139615
N12214|7574|0.693499,N12218|13701|3.071846,0.00775703
N12214|7574|0.693499,N12219|3146|0.538656,0.00693896
N12214|7574|0.693499,N12221|3152|0.62217,0.0100412
N12214|7574|0.693499,N12220|4713|0.170377,0.008485
N12215|15164|5.662187,N12217|13318|6.210486,0.00153463
N10118|13187|0.232964,N10112|11408|0.746142,0.00539067
N10118|13187|0.232964,N10115|11427|5.348872,0.0147318
N10118|13187|0.232964,N10106|8277|4.469455,0.0147318
N10118|13187|0.232964,N10108|15254|0.732074,0.00616178
N10118|13187|0.232964,N10109|11778|1.407404,0.00770884
N10118|13187|0.232964,N10122|2041|0.602855,0.0124077
N10118|13187|0.232964,N10107|7721|1.979724,0.0108333
N10118|13187|0.232964,N10104|2840|1.02207,0.0147401
N10118|13187|0.232964,N10124|12667|2.251802,0.0124136
N10118|13187|0.232964,N10065|8060|1.039306,0.0147706
N10118|13187|0.232964,N10111|11577|0.639357,0.00461768
N10118|13187|0.232964,N10094|7322|3.27339,0.0123916
N10118|13187|0.232964,N10096|4634|3.033585,0.0123916
N10118|13187|0.232964,N10126|7006|1.472433,0.0139964
N10118|13187|0.232964,N10113|13294|0.443123,0.00616734
N10118|13187|0.232964,N10127|9599|0.325855,0.013978
N10118|13187|0.232964,N10116|10026|2.262191,0.00693382
N10118|13187|0.232964,N10083|10662|0.54533,0.0147707
N10118|13187|0.232964,N10119|10803|0.316622,0
N10118|13187|0.232964,N10105|6840|2.06747,0.0123906
N10118|13187|0.232964,N10061|3384|0.179959,0.0124136
N10118|13187|0.232964,N10110|10994|0.926104,0.00539067
N10112|11408|0.746142,N10108|15254|0.732074,0.00694613
N10112|11408|0.746142,N10109|11778|1.407404,0.00849275
N10112|11408|0.746142,N10122|2041|0.602855,0.0132088
N10112|11408|0.746142,N10107|7721|1.979724,0.0116329
N10112|11408|0.746142,N10124|12667|2.251802,0.0132193
N10112|11408|0.746142,N10111|11577|0.639357,0.00539349
N10112|11408|0.746142,N10094|7322|3.27339,0.0131899
N10112|11408|0.746142,N10096|4634|3.033585,0.0131898
N10112|11408|0.746142,N10126|7006|1.472433,0.0148103
N10112|11408|0.746142,N10113|13294|0.443123,0.00695624
N10112|11408|0.746142,N10127|9599|0.325855,0.0147889
N10112|11408|0.746142,N10116|10026|2.262191,0.00850004
N10112|11408|0.746142,N10119|10803|0.316622,0.00539067
N10112|11408|0.746142,N10105|6840|2.06747,0.0131842
N10112|11408|0.746142,N10061|3384|0.179959,0.0132193
N10112|11408|0.746142,N10110|10994|0.926104,0.00617483
N8838|6234|0.940982,N8847|10859|1.595237,0.0116334
N8838|6234|0.940982,N8836|14952|0.208059,0.0015369
N8838|6234|0.940982,N8844|2836|1.591912,0.0116094
N8838|6234|0.940982,N8839|10216|2.34653,0.00230472
N8838|6234|0.940982,N8835|5310|1.371126,0.00771332
N8838|6234|0.940982,N8843|1873|0.526106,0.0100586
N8838|6234|0.940982,N8841|12883|1.997299,0.0108335
N8838|6234|0.940982,N8846|12367|2.895876,0.0139563
N8838|6234|0.940982,N8840|7206|2.272763,0.0116261
N8838|6234|0.940982,N8834|4471|2.616645,0.00927456
N12149|9641|1.214153,N12150|4941|0.104112,0.00849606
N12149|9641|1.214153,N12148|1856|2.127765,0.0069389
N9078|11705|0.814549,N9071|9717|1.854277,0.0100443
N9078|11705|0.814549,N9061|11039|0.602917,0.0131879
N9078|11705|0.814549,N9091|13968|0.501484,0.0131739
N9078|11705|0.814549,N9077|2409|0.356179,0.00384626
N9078|11705|0.814549,N9081|8706|1.386561,0.0131738
N9078|11705|0.814549,N9072|4235|1.055492,0.0084851
N9078|11705|0.814549,N9082|6397|0.367536,0.011621
N9078|11705|0.814549,N9086|13394|0.878173,0.012398
N9078|11705|0.814549,N9060|5017|1.651897,0.0139644
N9078|11705|0.814549,N9079|12702|0.242011,0.00307701
N9078|11705|0.814549,N9070|12994|1.368415,0.0116009
N9078|11705|0.814549,N9066|8542|2.20717,0.0116344
N9078|11705|0.814549,N9059|3952|0.117079,0.0124108
N9078|11705|0.814549,N9090|5865|0.111667,0.0100489
N9078|11705|0.814549,N9069|8647|2.490183,0.0116042
N9078|11705|0.814549,N9075|13959|2.641422,0.0123848
N9078|11705|0.814549,N9074|12197|2.750243,0.0115946
N7468|11547|0.931336,N7471|5844|5.275961,0.00770671
N7468|11547|0.931336,N7470|7144|0.418873,0.00539017
N7468|11547|0.931336,N7465|14436|1.092007,0.0123979
N7468|11547|0.931336,N7466|3451|0.070638,0.00307299
N9471|3158|0.581705,N9468|13363|1.827368,0.00307295
N9471|3158|0.581705,N9475|2667|0.359735,0.00153498
N9471|3158|0.581705,N9474|9017|1.451983,0.00461958
N9471|3158|0.581705,N9464|5466|2.500258,0.0100579
N9471|3158|0.581705,N9463|10192|2.595043,0.0131673
N9471|3158|0.581705,N9469|8841|0.631808,0.00618784
N9471|3158|0.581705,N9472|2578|0.263727,0.00461956
N9471|3158|0.581705,N9461|6816|1.325411,0.00849971
N9471|3158|0.581705,N9465|7044|0.718834,0.00384392
N9471|3158|0.581705,N9476|7780|0.27861,0.00307295
N10618|9001|1.311133,N10621|4852|1.427651,0.0123862
N10618|9001|1.311133,N10617|1484|0.971207,0.00461965
N10618|9001|1.311133,N10628|2577|2.461987,0.0147381
N10618|9001|1.311133,N10627|12509|0.164316,0.0123897
N10618|9001|1.311133,N10602|3429|0.531763,0.0147344
N10618|9001|1.311133,N10619|11456|0.541607,0.0108237
N10618|9001|1.311133,N10620|13105|0.988803,0.0108116
N10618|9001|1.311133,N10625|13586|0.460411,0.0116007
N10618|9001|1.311133,N10637|10049|1.079549,0.014788
N11191|12409|0.389668,N11169|5027|0.144705,0.0147569
N11191|12409|0.389668,N11193|8378|3.192729,0.0124019
N11191|12409|0.389668,N11189|2329|1.866776,0.0030826
N11191|12409|0.389668,N11195|14696|1.441102,0.0116073
N11191|12409|0.389668,N11192|5606|1.235494,0.00927458
N11191|12409|0.389668,N11176|8670|0.161207,0.0147402
N11191|12409|0.389668,N11194|3712|1.338839,0.0147592
N11191|12409|0.389668,N11174|7612|0.80396,0.0100445
N11191|12409|0.389668,N11180|1876|0.387964,0.0147261
N11191|12409|0.389668,N11190|13683|1.914442,0.00307628
N11191|12409|0.389668,N11173|12964|0.86605,0.0116084
N12710|14195|0.33778,N12697|10414|3.711191,0.0147421
N12710|14195|0.33778,N12717|9925|0.465435,0.0116235
N12710|14195|0.33778,N12711|11156|2.405908,0.00540451
N12710|14195|0.33778,N12714|10751|1.147907,0.0139525
N12710|14195|0.33778,N12704|5082|0.077263,0.0131647
N12710|14195|0.33778,N12713|9021|0.783928,0.0131857
N12710|14195|0.33778,N12698|2168|0.184657,0.0108238
N12710|14195|0.33778,N12696|6059|0.392814,0.0116088
N10025|12478|4.386625,N10023|8197|0.633885,0.00771154
N10025|12478|4.386625,N10041|3276|0.238204,0.0139672
N10025|12478|4.386625,N10020|8489|0.420635,0.00927441
N10025|12478|4.386625,N10026|6382|0.390611,0.00616628
N10025|12478|4.386625,N10045|12472|0.860905,0.0147716
N10025|12478|4.386625,N10032|5670|1.922361,0.0116215
N10025|12478|4.386625,N10021|3367|1.749419,0.0100487
N10025|12478|4.386625,N10031|9388|0.138167,0.0124075
N10025|12478|4.386625,N10034|10907|3.50552,0.0147736
N10025|12478|4.386625,N10024|11221|2.732505,0.00539063
N11086|12257|0.367577,N11062|6482|0.412079,0.0139802
N11086|12257|0.367577,N11067|10135|0.02901,0.0124015
N11086|12257|0.367577,N11088|15162|1.846457,0.000767361
N11086|12257|0.367577,N11092|9904|3.486172,0.0147578
N11086|12257|0.367577,N11085|11943|0.601861,0.00616639
N11086|12257|0.367577,N11066|10755|0.62982,0.0139856
N11978|1498|0.569162,N11981|4158|1.444705,0.013964
N11978|1498|0.569162,N11974|11922|1.12,0.0147312
N11978|1498|0.569162,N11982|8400|0.852639,0.0139608
N11978|1498|0.569162,N11980|8650|1.136375,0.0123791
N11978|1498|0.569162,N11979|10096|0.769496,0.0116023
N9015|1762|1.460395,N9036|15289|0.836622,0.0139658
N9015|1762|1.460395,N9021|7955|0.469038,0.0124361
N9015|1762|1.460395,N9041|13663|0.42431,0.0147428
N9015|1762|1.460395,N9017|9094|2.029675,0.00848509
N9015|1762|1.460395,N9051|3727|0.752761,0.0147431
N9015|1762|1.460395,N9019|1759|3.21172,0.0116175
N9015|1762|1.460395,N9005|9621|0.184888,0.0147313
N9015|1762|1.460395,N9018|7028|1.271107,0.0108409
N9015|1762|1.460395,N9020|4424|0.845904,0.0116436
N9015|1762|1.460395,N9026|1384|1.778624,0.0147934
N9015|1762|1.460395,N9023|13272|1.556355,0.013985
N12317|12266|0.038061,N12340|14760|0.151369,0.0147396
N12317|12266|0.038061,N12303|8195|0.741826,0.0139778
N12317|12266|0.038061,N12310|7776|3.897331,0.0132167
N12317|12266|0.038061,N12316|11411|0.732884,0.0046212
N12317|12266|0.038061,N12318|11695|0.132527,0.00462123
N12317|12266|0.038061,N12302|5658|0.862584,0.0124131
N12317|12266|0.038061,N12326|10017|0.968429,0.0116214
N12317|12266|0.038061,N12327|2178|4.302167,0.0147502
N12317|12266|0.038061,N12305|3700|0.084977,0.0108577
N12317|12266|0.038061,N12311|3713|2.175775,0.0124402
N12317|12266|0.038061,N12304|2562|0.235725,0.0100698
N12317|12266|0.038061,N12319|7679|1.193238,0.00461514
N12317|12266|0.038061,N12308|5775|1.252486,0.0132351
N12317|12266|0.038061,N12315|15139|2.647388,0.00771977
N12317|12266|0.038061,N12322|6249|0.030627,0.0131828
N12317|12266|0.038061,N12336|6471|2.511308,0.0147471
N12317|12266|0.038061,N12309|10166|0.928832,0.0116478
N12980|11454|2.467428,N12979|10967|5.097833,0.00693912
N12980|11454|2.467428,N13004|6360|0.690787,0.0139525
N12980|11454|2.467428,N13001|13178|0.76269,0.0123912
N12980|11454|2.467428,N13006|7909|1.475456,0.0124229
N12980|11454|2.467428,N13005|4444|1.174449,0.0116331
N12980|11454|2.467428,N12982|14252|0.33309,0.0100392
N12980|11454|2.467428,N12983|7343|0.747241,0.0116023
N12980|11454|2.467428,N13000|10768|0.660106,0.01475
N12980|11454|2.467428,N12995|3030|0.832701,0.0100581
N12980|11454|2.467428,N12978|8669|5.795832,0.0108441
N12980|11454|2.467428,N12985|2038|1.072247,0.0139557
N12980|11454|2.467428,N12988|5294|0.324096,0.0123913
N12980|11454|2.467428,N12998|8221|0.848825,0.0116108
N12980|11454|2.467428,N12996|11426|0.862639,0.0116151
N12980|11454|2.467428,N12987|13617|0.236659,0.0108329
N12980|11454|2.467428,N12992|10856|1.925319,0.0108263
N12980|11454|2.467428,N12986|8658|4.09695,0.011615
N12980|11454|2.467428,N12997|12399|1.005863,0.0131895
N12980|11454|2.467428,N12977|12673|1.17305,0.00693884
N12979|10967|5.097833,N13004|6360|0.690787,0.0147342
N12979|10967|5.097833,N13001|13178|0.76269,0.0131744
N12979|10967|5.097833,N13006|7909|1.475456,0.0132181
N12979|10967|5.097833,N13005|4444|1.174449,0.0124284
N12979|10967|5.097833,N12982|14252|0.33309,0.0108167
N12979|10967|5.097833,N12983|7343|0.747241,0.0123855
N12979|10967|5.097833,N12995|3030|0.832701,0.0108447
N12979|10967|5.097833,N12978|8669|5.795832,0.0116336
N12979|10967|5.097833,N12985|2038|1.072247,0.0147425
N12979|10967|5.097833,N12988|5294|0.324096,0.0131745
N12979|10967|5.097833,N12998|8221|0.848825,0.0123961
N12979|10967|5.097833,N12996|11426|0.862639,0.0123975
N12979|10967|5.097833,N12987|13617|0.236659,0.0116203
N12979|10967|5.097833,N12992|10856|1.925319,0.0116088
N12979|10967|5.097833,N12986|8658|4.09695,0.0123974
N12979|10967|5.097833,N12997|12399|1.005863,0.0139776
N12979|10967|5.097833,N12977|12673|1.17305,0.00771905
N10001|12773|0.24629,N9985|13714|0.207087,0.00928417
N10001|12773|0.24629,N9994|3985|0.298694,0.0116208
N10001|12773|0.24629,N9984|15144|3.31279,0.0147723
N10001|12773|0.24629,N9982|6452|0.30047,0.0108333
N10001|12773|0.24629,N9979|13090|1.524267,0.0116201
N10001|12773|0.24629,N9995|11169|0.095018,0.01007
N10001|12773|0.24629,N9996|9280|2.587202,0.0100842
N10001|12773|0.24629,N9980|6926|0.811684,0.0123978
N10001|12773|0.24629,N10000|3571|1.200374,0.00076762
N10001|12773|0.24629,N9990|8796|0.29883,0.0147506
N10001|12773|0.24629,N9997|9473|1.575147,0.0140358
N10001|12773|0.24629,N9998|13481|1.227033,0.0046197
N8140|4636|1.062877,N8126|11528|0.612712,0.01475
N8140|4636|1.062877,N8157|9949|0.963445,0.00927854
N8140|4636|1.062877,N8134|8674|2.04371,0.0116145
N8140|4636|1.062877,N8152|8326|0.287102,0.00771847
N8140|4636|1.062877,N8160|1869|0.101705,0.0100449
N8140|4636|1.062877,N8135|9281|0.296473,0.0108282
N8140|4636|1.062877,N8164|13913|2.676586,0.00927456
N8140|4636|1.062877,N8143|6918|0.428745,0.0108471
N8140|4636|1.062877,N8144|9528|3.592328,0.0108401
N8140|4636|1.062877,N8166|3733|1.199072,0.0108335
N8140|4636|1.062877,N8116|12088|0.208523,0.0147249
N8140|4636|1.062877,N8146|6310|1.682245,0.0116071
N8140|4636|1.062877,N8167|9413|2.896965,0.0100517
N8140|4636|1.062877,N8147|6853|1.322031,0.0100584
N8140|4636|1.062877,N8137|12331|1.746135,0.010818
N8140|4636|1.062877,N8136|9622|3.642271,0.010818
N8140|4636|1.062877,N8168|6876|0.395138,0.00927457
N8140|4636|1.062877,N8145|13936|3.470108,0.0131785
N8140|4636|1.062877,N8161|5815|2.657205,0.0100632
N8140|4636|1.062877,N8133|7958|2.065495,0.0139618
N8140|4636|1.062877,N8148|6205|0.019809,0.0100444
N8140|4636|1.062877,N8149|3784|0.221216,0.00926661
N8140|4636|1.062877,N8139|6836|1.288953,0.0108334
N8140|4636|1.062877,N8170|12462|1.287377,0.00771326
N8140|4636|1.062877,N8142|5696|3.433193,0.0108467
N8140|4636|1.062877,N8155|8047|3.74703,0.0124093
N8140|4636|1.062877,N8154|11693|1.349062,0.0085002
N8140|4636|1.062877,N8159|14322|1.114167,0.00851217
N8140|4636|1.062877,N8169|2006|2.061169,0.0139728
N8140|4636|1.062877,N8156|9303|2.047012,0.00927856
N8140|4636|1.062877,N8163|5056|0.324114,0.00694627
N12556|12239|0.061929,N12532|13682|3.093834,0.01475
N12556|12239|0.061929,N12547|6940|0.836952,0.00384519
N12556|12239|0.061929,N12568|5490|3.827395,0.0123913
N12556|12239|0.061929,N12471|14150|0.434018,0.0147698
N12556|12239|0.061929,N12540|12220|1.135966,0.0124175
N12556|12239|0.061929,N12466|6767|1.259225,0.0108396
N12556|12239|0.061929,N12533|7974|0.244196,0.0100653
N12556|12239|0.061929,N12636|8812|0.274926,0.0139841
N12556|12239|0.061929,N12384|10488|1.141749,0.014774
N12556|12239|0.061929,N12557|11072|1.741554,0.0124241
N12556|12239|0.061929,N12393|6350|0.37277,0.0147313
N12556|12239|0.061929,N12591|8487|2.116312,0.00928424
N12556|12239|0.061929,N12580|12887|2.18989,0.0132034
N12556|12239|0.061929,N12579|10639|3.700121,0.0140115
N12556|12239|0.061929,N12597|12730|0.443169,0.00849995
N12556|12239|0.061929,N12397|4028|0.091825,0.0147982
N12556|12239|0.061929,N12316|11411|0.732884,0.0139641
N12556|12239|0.061929,N12376|7415|2.029356,0.0139937
N12556|12239|0.061929,N12581|2924|1.449166,0.0100699
N12556|12239|0.061929,N12647|13618|1.367856,0.0139839
N12556|12239|0.061929,N12551|7510|0.251933,0.0030762
N12556|12239|0.061929,N12584|7383|0.524904,0.00849266
N12556|12239|0.061929,N12566|9121|0.08259,0.00772366
N12556|12239|0.061929,N12498|9476|0.063085,0.00927353
N12556|12239|0.061929,N12488|12101|1.121635,0.0108461
N12556|12239|0.061929,N12475|4624|0.137927,0.0132032
N12556|12239|0.061929,N12583|10786|1.413978,0.0124099
N12556|12239|0.061929,N12459|10633|0.178368,0.0116068
N12556|12239|0.061929,N12421|5900|0.599175,0.0139517
N12556|12239|0.061929,N12590|11354|6.176478,0.0147889
N12556|12239|0.061929,N12530|10028|0.70269,0.0140111
N12556|12239|0.061929,N12564|8090|2.029125,0.0092743
N12556|12239|0.061929,N12507|9063|0.371893,0.0139606
N12556|12239|0.061929,N12563|8865|1.422802,0.00771827
N12556|12239|0.061929,N12535|11736|0.394495,0.0116477
N12556|12239|0.061929,N12326|10017|0.968429,0.0147559
N12556|12239|0.061929,N12541|4819|2.172499,0.0131938
N12556|12239|0.061929,N12508|14807|0.41106,0.0108442
N12556|12239|0.061929,N12558|10752|2.08351,0.012424
N12556|12239|0.061929,N12555|4208|2.598968,0.00384181
N12556|12239|0.061929,N12562|4529|0.61832,0.0100581
N12556|12239|0.061929,N12524|7348|0.12227,0.0108441
N12556|12239|0.061929,N12603|6671|3.050434,0.0108311
N12556|12239|0.061929,N12531|6368|0.808906,0.0124404
N12556|12239|0.061929,N12465|9663|3.510964,0.0116305
N12556|12239|0.061929,N12409|11290|1.945856,0.013186
N12556|12239|0.061929,N12571|8941|1.241029,0.0100495
N12556|12239|0.061929,N12462|6718|0.293305,0.0123975
N12556|12239|0.061929,N12522|10383|1.195617,0.0147905
N12556|12239|0.061929,N12599|8353|1.454529,0.0116139
N12556|12239|0.061929,N12473|13030|2.051846,0.0124188
N12556|12239|0.061929,N12586|9119|0.317787,0.0116214
N12556|12239|0.061929,N12472|2949|0.315673,0.0139723
N12556|12239|0.061929,N12481|5745|0.140218,0.0132161
N12556|12239|0.061929,N12553|5590|1.684612,0.00616725
N12556|12239|0.061929,N12378|10540|0.39814,0.0123975
N12556|12239|0.061929,N12559|3859|4.121142,0.0139633
N12556|12239|0.061929,N12482|15143|0.193936,0.011615
N12556|12239|0.061929,N12527|9237|0.448218,0.0116068
N12556|12239|0.061929,N12518|9895|2.414444,0.0124155
N12556|12239|0.061929,N12504|8693|0.601243,0.011615
N12556|12239|0.061929,N12589|4455|2.489465,0.0116198
N12556|12239|0.061929,N12519|10480|2.16617,0.0108503
N12556|12239|0.061929,N12550|8083|0.027918,0.0030762
N12556|12239|0.061929,N12514|10912|1.103138,0.0147905
N12556|12239|0.061929,N12602|14045|0.864212,0.0108312
N12556|12239|0.061929,N12588|14367|1.187912,0.00772723
N12556|12239|0.061929,N12491|14941|6.537729,0.0147475
N12556|12239|0.061929,N12594|12877|0.083073,0.0132033
N12556|12239|0.061929,N12492|6139|1.973109,0.0124086
N12556|12239|0.061929,N12600|4349|1.436957,0.0108312
N12556|12239|0.061929,N12396|15125|0.104996,0.0147557
N12556|12239|0.061929,N12554|10454|0.637343,0.00307296
N12556|12239|0.061929,N12565|3942|2.216347,0.0124105
N12556|12239|0.061929,N12500|10430|1.273377,0.0123975
N12556|12239|0.061929,N12534|12395|1.442349,0.0108397
N12556|12239|0.061929,N12369|13497|0.468312,0.0147896
N12556|12239|0.061929,N12595|11041|1.186994,0.0132006
N12556|12239|0.061929,N12505|6802|1.904995,0.0139792
N12556|12239|0.061929,N12569|10700|0.180908,0.00849613
N12556|12239|0.061929,N12497|5875|0.074333,0.0092736
N12556|12239|0.061929,N12545|9734|2.533836,0.00929614
N12556|12239|0.061929,N12483|3059|1.085798,0.013967
N12556|12239|0.061929,N12513|6383|0.180784,0.0132189
N12556|12239|0.061929,N12480|6588|1.156968,0.0131997
N12556|12239|0.061929,N12574|12439|0.14536,0.0100359
N12556|12239|0.061929,N12517|2545|1.034848,0.0116375
N12556|12239|0.061929,N12529|4469|3.56161,0.0116375
N12556|12239|0.061929,N12528|11921|2.139033,0.0124155
N12556|12239|0.061929,N12476|9967|1.35257,0.0124188
N12556|12239|0.061929,N12523|10368|1.348094,0.0147451
N12556|12239|0.061929,N12461|3483|0.725069,0.0139524
N12556|12239|0.061929,N12344|12378|1.266372,0.0147502
N12556|12239|0.061929,N12546|6374|0.291382,0.00771975
N12556|12239|0.061929,N12487|6538|4.703612,0.0139934
N12556|12239|0.061929,N12543|10805|3.530949,0.0108396
N12556|12239|0.061929,N12424|10163|0.680695,0.0139517
N9497|14447|3.469354,N9506|6295|0.279085,0.0092773
N9497|14447|3.469354,N9498|7215|0.598502,0.010848
N9497|14447|3.469354,N9499|11947|3.526181,0.0139608
N9497|14447|3.469354,N9493|8379|0.638868,0.011608
N9497|14447|3.469354,N9504|4699|0.169281,0.0116151
N9497|14447|3.469354,N9525|10317|1.701035,0.0147568
N9497|14447|3.469354,N9492|8720|1.571976,0.0123993
N9497|14447|3.469354,N9502|12775|0.091182,0.0100639
N9497|14447|3.469354,N9495|7893|0.163381,0.00772904
N9497|14447|3.469354,N9500|2227|1.218307,0.0116299
N9497|14447|3.469354,N9501|12957|4.881441,0.0147796
N9497|14447|3.469354,N9503|4006|0.215152,0.0108398
N9497|14447|3.469354,N9491|12440|0.015674,0.0100496
N9497|14447|3.469354,N9511|4037|0.11695,0.00928264
N9497|14447|3.469354,N9508|3512|0.122202,0.0100496
N9497|14447|3.469354,N9507|10649|0.049628,0.0092773
N12351|9785|0.107445,N12376|7415|2.029356,0.0124134
N12351|9785|0.107445,N12349|11741|0.175739,0.00694522
N12351|9785|0.107445,N12345|11157|2.329086,0.0108446
N12351|9785|0.107445,N12365|7645|0.252699,0.0147736
N12351|9785|0.107445,N12363|7097|1.341347,0.0132006
N12351|9785|0.107445,N12355|6646|1.317654,0.0147739
N12351|9785|0.107445,N12352|4860|3.705697,0.00927735
N12351|9785|0.107445,N12353|8771|0.123274,0.00693899
N12351|9785|0.107445,N12362|2705|2.227795,0.0123977
N12351|9785|0.107445,N12369|13497|0.468312,0.0147908
N12351|9785|0.107445,N12346|12410|0.372866,0.0100704
N12351|9785|0.107445,N12354|3530|2.800901,0.0147563
N12351|9785|0.107445,N12344|12378|1.266372,0.0147671
N12351|9785|0.107445,N12358|2665|0.156469,0.0147586
N12351|9785|0.107445,N12350|9203|3.129607,0.0100494
N12532|13682|3.093834,N12533|7974|0.244196,0.00770871
N12532|13682|3.093834,N12551|7510|0.251933,0.0147472
N12532|13682|3.093834,N12498|9476|0.063085,0.0147247
N12532|13682|3.093834,N12530|10028|0.70269,0.0116022
N12532|13682|3.093834,N12524|7348|0.12227,0.014733
N12532|13682|3.093834,N12531|6368|0.808906,0.0116107
N12532|13682|3.093834,N12550|8083|0.027918,0.0147472
N12532|13682|3.093834,N12554|10454|0.637343,0.014739
N12532|13682|3.093834,N12534|12395|1.442349,0.00848229
N12532|13682|3.093834,N12497|5875|0.074333,0.0147247
N12532|13682|3.093834,N12529|4469|3.56161,0.0108246
N12532|13682|3.093834,N12528|11921|2.139033,0.011614
N12357|13629|4.571597,N12355|6646|1.317654,0.0131901
N12357|13629|4.571597,N12356|12642|2.926812,0.012424
N12357|13629|4.571597,N12358|2665|0.156469,0.00850159
N7552|7170|0.592517,N7528|1998|1.594102,0.0147892
N7552|7170|0.592517,N7526|14207|0.370422,0.0132008
N7552|7170|0.592517,N7550|5584|0.066803,0.0139942
N7552|7170|0.592517,N7556|6176|0.951097,0.0108332
N7552|7170|0.592517,N7555|11252|0.72638,0.00927372
N7552|7170|0.592517,N7558|4154|4.477561,0.0147719
N10715|14538|4.523294,N10719|10926|0.02991,0.0147562
N10715|14538|4.523294,N10716|5404|0.583346,0.0123834
N10715|14538|4.523294,N10724|3500|0.101707,0.0131685
N10715|14538|4.523294,N10732|12967|0.670641,0.0147502
N10715|14538|4.523294,N10726|6909|1.102324,0.0147455
N10715|14538|4.523294,N10740|14410|2.284142,0.0147563
N11316|14475|4.499552,N11318|8566|0.618355,0.0139564
N11316|14475|4.499552,N11326|7505|0.083515,0.0108199
N12685|1545|2.662858,N12659|11077|0.942007,0.0147577
N12685|1545|2.662858,N12689|11451|3.211736,0.0131686
N12685|1545|2.662858,N12677|7719|1.38275,0.010824
N12685|1545|2.662858,N12682|10697|2.843606,0.0123963
N12685|1545|2.662858,N12680|14791|2.936279,0.0123964
N12685|1545|2.662858,N12672|6788|0.537127,0.0116109
N12685|1545|2.662858,N12687|3549|0.172949,0.0092607
N12685|1545|2.662858,N12657|5825|0.376556,0.0123977
N12685|1545|2.662858,N12658|3767|0.260726,0.0139614
N12685|1545|2.662858,N12667|12755|1.374185,0.0131749
N12685|1545|2.662858,N12678|5549|0.607867,0.0131687
N12685|1545|2.662858,N12656|3489|0.856322,0.012409
N12685|1545|2.662858,N12679|14019|1.181258,0.0131649
N12685|1545|2.662858,N12673|4752|1.088216,0.00927373
N12685|1545|2.662858,N12675|3288|2.397704,0.0139518
N12685|1545|2.662858,N12668|15202|0.179902,0.00771151
N12685|1545|2.662858,N12670|10894|2.37048,0.00849148
N12685|1545|2.662858,N12684|5768|0.171538,0.00617783
N12685|1545|2.662858,N12660|6563|0.037792,0.0147577
N10371|12663|0.419077,N10373|6542|2.608281,0.00849287
N10371|12663|0.419077,N10370|14796|0.063703,0.00230529
N10371|12663|0.419077,N10367|15352|1.641873,0.00926973
N10371|12663|0.419077,N10377|9618|0.259502,0.00539341
N10371|12663|0.419077,N10372|3539|0.245136,0.00616915
N10371|12663|0.419077,N10375|10531|5.747938,0.0147622
N10371|12663|0.419077,N10369|1996|1.854409,0.0100572
N11995|1566|1.535652,N11997|14046|3.431076,0.00694099
N11995|1566|1.535652,N12001|9818|0.194707,0.00693811
N11995|1566|1.535652,N12002|3828|1.743939,0.00771784
N11995|1566|1.535652,N12003|3941|0.098778,0.0046137
N11995|1566|1.535652,N11998|12089|0.292479,0.00616056
N11995|1566|1.535652,N11996|2488|0.139353,0.001535
N9974|12884|9.743905,N9976|12396|0.590608,0.0100526
N9974|12884|9.743905,N9975|12389|1.655042,0.00771308
N9071|9717|1.854277,N9080|9415|4.226647,0.0139672
N9071|9717|1.854277,N9061|11039|0.602917,0.0108355
N9071|9717|1.854277,N9062|2969|4.753182,0.0131749
N9071|9717|1.854277,N9085|3354|5.903963,0.0139615
N9071|9717|1.854277,N9091|13968|0.501484,0.0108313
N9071|9717|1.854277,N9077|2409|0.356179,0.00926429
N9071|9717|1.854277,N9081|8706|1.386561,0.0108314
N9071|9717|1.854277,N9072|4235|1.055492,0.00616625
N9071|9717|1.854277,N9082|6397|0.367536,0.00927745
N9071|9717|1.854277,N9086|13394|0.878173,0.010064
N9071|9717|1.854277,N9063|14968|3.46223,0.0147705
N9071|9717|1.854277,N9060|5017|1.651897,0.0116154
N9071|9717|1.854277,N9079|12702|0.242011,0.0100516
N9071|9717|1.854277,N9070|12994|1.368415,0.00928646
N9071|9717|1.854277,N9066|8542|2.20717,0.00928712
N9071|9717|1.854277,N9073|8685|2.253138,0.0132314
N9071|9717|1.854277,N9076|5982|3.03622,0.0123874
N9071|9717|1.854277,N9059|3952|0.117079,0.0100609
N9071|9717|1.854277,N9090|5865|0.111667,0.00772378
N9071|9717|1.854277,N9069|8647|2.490183,0.0092994
N9071|9717|1.854277,N9075|13959|2.641422,0.010074
N9071|9717|1.854277,N9058|3054|0.871612,0.0131783
N9071|9717|1.854277,N9074|12197|2.750243,0.0108363
N9103|13597|1.006136,N9095|15014|0.566255,0.00461767
N9103|13597|1.006136,N9105|3123|0.415101,0.00538487
N9103|13597|1.006136,N9097|14457|2.272619,0.00771854
N9103|13597|1.006136,N9104|13051|6.537568,0.0124016
N9103|13597|1.006136,N9106|8766|0.804263,0.0131842
N9103|13597|1.006136,N9099|13761|0.672927,0.00770879
N9103|13597|1.006136,N9102|7580|0.64718,0.00694531
N11652|13577|0.062974,N11650|9708|2.204662,0.0108242
N11652|13577|0.062974,N11641|1649|2.549367,0.0100445
N11652|13577|0.062974,N11639|9445|1.410352,0.0123968
N11652|13577|0.062974,N11656|5269|2.399176,0.0131787
N11652|13577|0.062974,N11647|1581|0.844933,0.0116334
N11652|13577|0.062974,N11651|13624|1.651375,0.00850028
N11652|13577|0.062974,N11657|12112|1.802905,0.010815
N11652|13577|0.062974,N11643|10735|0.125534,0.00693908
N11652|13577|0.062974,N11642|3844|2.519686,0.0147757
N11652|13577|0.062974,N11644|8422|0.74399,0.00693908
N11652|13577|0.062974,N11655|12860|0.463801,0.00927467
N11652|13577|0.062974,N11653|13779|1.337948,0.0077133
N11652|13577|0.062974,N11654|7696|3.757235,0.0139618
N11652|13577|0.062974,N11649|15386|1.430713,0.0108267
N11652|13577|0.062974,N11645|4531|0.087086,0.00771342
N11652|13577|0.062974,N11660|13089|0.382191,0.013175
N11652|13577|0.062974,N11646|7298|2.906628,0.00848667
N11652|13577|0.062974,N11648|14770|4.004292,0.0139947
N11266|1515|2.91517,N11272|7605|0.463027,0.0131845
N11266|1515|2.91517,N11265|11932|2.622816,0.0124066
N11117|1967|3.445404,N11107|9460|1.262088,0.0131613
N11117|1967|3.445404,N11110|9712|0.454843,0.0139618
N11117|1967|3.445404,N11099|12352|0.059695,0.0123981
N11117|1967|3.445404,N11098|10954|0.661148,0.0139532
N11117|1967|3.445404,N11111|9019|1.047778,0.0108356
N11117|1967|3.445404,N11102|10199|0.727087,0.0131844
N11117|1967|3.445404,N11123|11876|0.935761,0.0132174
N11117|1967|3.445404,N11109|4048|0.697151,0.0116072
N11117|1967|3.445404,N11125|15318|0.689442,0.0139783
N11117|1967|3.445404,N11113|10029|0.854518,0.010045
N11117|1967|3.445404,N11118|3441|0.266943,0.0108267
N11117|1967|3.445404,N11119|6343|0.137069,0.0123917
N11117|1967|3.445404,N11116|10949|5.428033,0.0100444
N11117|1967|3.445404,N11127|10312|2.573578,0.014735
N11117|1967|3.445404,N11108|5884|0.77288,0.0116072
N11117|1967|3.445404,N11097|12564|1.398948,0.0116113
N9615|12185|4.09714,N9614|3685|0.075811,0.0116215
N7427|12298|4.689508,N7429|11592|1.24546,0.00538592
N10578|10243|4.042413,N10580|12481|0.361,0.00771327
N10578|10243|4.042413,N10592|11751|0.724185,0.0123942
N10578|10243|4.042413,N10589|7134|1.004689,0.0123943
N10578|10243|4.042413,N10584|7104|0.366573,0.00926431
N10578|10243|4.042413,N10582|10741|1.762303,0.00849271
N10578|10243|4.042413,N10585|12785|0.199406,0.0108248
N10578|10243|4.042413,N10577|2852|0.124301,0.00615821
N10578|10243|4.042413,N10586|5873|0.989638,0.011607
N10578|10243|4.042413,N10591|10257|2.420075,0.0108264
N10578|10243|4.042413,N10594|11499|0.093242,0.0115968
N10578|10243|4.042413,N10583|5548|4.724395,0.0123961
N10023|8197|0.633885,N10027|12505|0.211807,0.0139457
N10023|8197|0.633885,N10041|3276|0.238204,0.0123965
N10023|8197|0.633885,N10020|8489|0.420635,0.00307298
N10023|8197|0.633885,N10026|6382|0.390611,0.00461395
N10023|8197|0.633885,N10045|12472|0.860905,0.0132023
N10023|8197|0.633885,N10032|5670|1.922361,0.0108332
N10023|8197|0.633885,N10021|3367|1.749419,0.00384234
N10023|8197|0.633885,N10031|9388|0.138167,0.0108355
N10023|8197|0.633885,N10035|15261|3.085156,0.0147586
N10023|8197|0.633885,N10034|10907|3.50552,0.0132004
N10023|8197|0.633885,N10024|11221|2.732505,0.00384621
N12547|6940|0.836952,N12568|5490|3.827395,0.0131674
N12547|6940|0.836952,N12540|12220|1.135966,0.0132013
N12547|6940|0.836952,N12466|6767|1.259225,0.0116138
N12547|6940|0.836952,N12533|7974|0.244196,0.0108383
N12547|6940|0.836952,N12636|8812|0.274926,0.013953
N12547|6940|0.836952,N12557|11072|1.741554,0.0131896
N12547|6940|0.836952,N12591|8487|2.116312,0.0100514
N12547|6940|0.836952,N12580|12887|2.18989,0.0139723
N12547|6940|0.836952,N12579|10639|3.700121,0.0147734
N12547|6940|0.836952,N12597|12730|0.443169,0.00926643
N12547|6940|0.836952,N12376|7415|2.029356,0.014756
N12547|6940|0.836952,N12581|2924|1.449166,0.0108353
N12547|6940|0.836952,N12647|13618|1.367856,0.013164
N12547|6940|0.836952,N12551|7510|0.251933,0.00384393
N12547|6940|0.836952,N12584|7383|0.524904,0.00926425
N12547|6940|0.836952,N12566|9121|0.08259,0.00850177
N12547|6940|0.836952,N12498|9476|0.063085,0.00849239
N12547|6940|0.836952,N12488|12101|1.121635,0.011615
N12547|6940|0.836952,N12475|4624|0.137927,0.0139722
N12547|6940|0.836952,N12583|10786|1.413978,0.0131781
N12547|6940|0.836952,N12459|10633|0.178368,0.0108195
N12547|6940|0.836952,N12530|10028|0.70269,0.0147731
N12547|6940|0.836952,N12564|8090|2.029125,0.0100442
N12547|6940|0.836952,N12507|9063|0.371893,0.0147439
N12547|6940|0.836952,N12563|8865|1.422802,0.00848643
N12547|6940|0.836952,N12535|11736|0.394495,0.0124097
N12547|6940|0.836952,N12541|4819|2.172499,0.0139785
N12547|6940|0.836952,N12508|14807|0.41106,0.0116107
N12547|6940|0.836952,N12558|10752|2.08351,0.0131895
N12547|6940|0.836952,N12555|4208|2.598968,0.00615581
N12547|6940|0.836952,N12562|4529|0.61832,0.0108263
N12547|6940|0.836952,N12524|7348|0.12227,0.0116107
N12547|6940|0.836952,N12603|6671|3.050434,0.011608
N12547|6940|0.836952,N12531|6368|0.808906,0.0132031
N12547|6940|0.836952,N12465|9663|3.510964,0.0124105
N12547|6940|0.836952,N12409|11290|1.945856,0.0147428
N12547|6940|0.836952,N12571|8941|1.241029,0.0123901
N12547|6940|0.836952,N12462|6718|0.293305,0.0131684
N12547|6940|0.836952,N12599|8353|1.454529,0.0116081
N12547|6940|0.836952,N12473|13030|2.051846,0.0131919
N12547|6940|0.836952,N12586|9119|0.317787,0.0123913
N12547|6940|0.836952,N12472|2949|0.315673,0.0147474
N12547|6940|0.836952,N12481|5745|0.140218,0.0139775
N12547|6940|0.836952,N12553|5590|1.684612,0.00693371
N12547|6940|0.836952,N12378|10540|0.39814,0.0131761
N12547|6940|0.836952,N12559|3859|4.121142,0.0147312
N12547|6940|0.836952,N12482|15143|0.193936,0.0123902
N12547|6940|0.836952,N12527|9237|0.448218,0.0123848
N12547|6940|0.836952,N12518|9895|2.414444,0.0131939
N12547|6940|0.836952,N12504|8693|0.601243,0.0108263
N12547|6940|0.836952,N12589|4455|2.489465,0.0108195
N12547|6940|0.836952,N12649|2098|1.034296,0.0147255
N12547|6940|0.836952,N12519|10480|2.16617,0.0116216
N12547|6940|0.836952,N12550|8083|0.027918,0.00384393
N12547|6940|0.836952,N12602|14045|0.864212,0.011608
N12547|6940|0.836952,N12588|14367|1.187912,0.00849266
N12547|6940|0.836952,N12594|12877|0.083073,0.0139722
N12547|6940|0.836952,N12492|6139|1.973109,0.0116202
N12547|6940|0.836952,N12600|4349|1.436957,0.0116081
N12547|6940|0.836952,N12554|10454|0.637343,0.00384335
N12547|6940|0.836952,N12565|3942|2.216347,0.013197
N12547|6940|0.836952,N12500|10430|1.273377,0.0116089
N12547|6940|0.836952,N12534|12395|1.442349,0.0116138
N12547|6940|0.836952,N12595|11041|1.186994,0.013967
N12547|6940|0.836952,N12505|6802|1.904995,0.0131906
N12547|6940|0.836952,N12569|10700|0.180908,0.00927015
N12547|6940|0.836952,N12497|5875|0.074333,0.00849245
N12547|6940|0.836952,N12545|9734|2.533836,0.0100582
N12547|6940|0.836952,N12483|3059|1.085798,0.0147397
N12547|6940|0.836952,N12513|6383|0.180784,0.0139851
N12547|6940|0.836952,N12480|6588|1.156968,0.0139638
N12547|6940|0.836952,N12574|12439|0.14536,0.0108174
N12547|6940|0.836952,N12517|2545|1.034848,0.0124072
N12547|6940|0.836952,N12529|4469|3.56161,0.0124072
N12547|6940|0.836952,N12528|11921|2.139033,0.0131939
N12547|6940|0.836952,N12476|9967|1.35257,0.0131919
N12547|6940|0.836952,N12461|3483|0.725069,0.013161
N12547|6940|0.836952,N12546|6374|0.291382,0.00849032
N12547|6940|0.836952,N12487|6538|4.703612,0.0147581
N12547|6940|0.836952,N12543|10805|3.530949,0.0116137
N12547|6940|0.836952,N12424|10163|0.680695,0.0147308
N11395|7750|1.387834,N11394|4859|0.416544,0.0046205
N11395|7750|1.387834,N11392|13474|0.166773,0.0131959
N11395|7750|1.387834,N11390|8919|2.53472,0.0124164
N11395|7750|1.387834,N11393|2188|0.531588,0.013973
N11395|7750|1.387834,N11391|12341|0.045623,0.0116222
N11395|7750|1.387834,N11397|12633|1.136891,0.00616739
N11395|7750|1.387834,N11398|1232|1.681972,0.00771756
N8577|8419|1.10732,N8609|14094|1.142652,0.0124064
N8577|8419|1.10732,N8582|11892|0.085459,0.00927018
N8577|8419|1.10732,N8601|11429|2.258708,0.0139607
N8577|8419|1.10732,N8611|5692|2.305303,0.0147475
N8577|8419|1.10732,N8571|8832|0.01461,0.0116151
N8577|8419|1.10732,N8591|4533|1.628251,0.0147497
N8577|8419|1.10732,N8572|8563|2.244043,0.012394
N8577|8419|1.10732,N8578|15099|0.090513,0.00771152
N8577|8419|1.10732,N8610|13391|2.668862,0.0147393
N8577|8419|1.10732,N8564|4408|0.742398,0.0147577
N8577|8419|1.10732,N8586|2351|0.429267,0.0131969
N8577|8419|1.10732,N8593|14066|6.884081,0.0147537
N8577|8419|1.10732,N8594|10280|0.478187,0.0139653
N8577|8419|1.10732,N8603|14859|1.315696,0.010828
N8577|8419|1.10732,N8606|11109|4.121354,0.0147518
N8577|8419|1.10732,N8581|6371|0.050036,0.0124013
N8577|8419|1.10732,N8573|5847|3.806004,0.0116108
N8577|8419|1.10732,N8574|1551|0.966694,0.00771834
N8577|8419|1.10732,N8600|9314|0.056536,0.010828
N7725|9596|9.862736,N7724|5018|2.132801,0.0139854
N7725|9596|9.862736,N7726|9736|0.783632,0.011614
N11379|10625|5.50537,N11380|13281|0.01983,0.0108355
N11379|10625|5.50537,N11389|5327|0.431325,0.0116257
N11379|10625|5.50537,N11378|12634|1.329419,0.0139698
N11379|10625|5.50537,N11388|9433|0.079396,0.0139807
N11379|10625|5.50537,N11365|7096|0.63038,0.0147403
N11379|10625|5.50537,N11363|15066|0.637353,0.0139562
N11379|10625|5.50537,N11371|5903|1.512719,0.013981
N11379|10625|5.50537,N11373|7146|0.687377,0.0139675
N11379|10625|5.50537,N11375|8477|0.703535,0.0147584
N11379|10625|5.50537,N11384|2281|1.186815,0.0100517
N11379|10625|5.50537,N11361|9367|0.658486,0.014751
N9971|9517|0.121612,N9976|12396|0.590608,0.0139778
N9971|9517|0.121612,N9969|12749|2.080233,0.0100526
N9971|9517|0.121612,N9970|2143|1.880535,0.00927828
N9971|9517|0.121612,N9975|12389|1.655042,0.0131865
N10874|4980|0.715485,N10873|3963|3.378037,0.0123975
N10874|4980|0.715485,N10875|5666|2.738127,0.010833
N10874|4980|0.715485,N10869|5771|0.192808,0.0108442
N10874|4980|0.715485,N10870|9880|3.189062,0.0139931
N10874|4980|0.715485,N10867|13583|0.142304,0.0116109
N10874|4980|0.715485,N10897|1837|0.253174,0.013192
N10874|4980|0.715485,N10862|5217|0.345634,0.0131972
N10874|4980|0.715485,N10866|8307|0.180251,0.0147475
N10874|4980|0.715485,N10871|10888|0.749198,0.0124097
N10874|4980|0.715485,N10863|11717|0.110071,0.0139788
N10874|4980|0.715485,N10865|4434|0.263375,0.0123977
N12449|11793|2.385696,N12445|2867|0.371076,0.0123873
N12449|11793|2.385696,N12442|7102|0.817071,0.0131897
N12449|11793|2.385696,N12429|5196|0.40985,0.0131781
N12449|11793|2.385696,N12448|3129|0.946995,0.00928395
N12449|11793|2.385696,N12456|8471|1.772935,0.00616172
N12449|11793|2.385696,N12446|14104|5.533263,0.0132001
N12449|11793|2.385696,N12457|9305|1.04784,0.0131918
N12449|11793|2.385696,N12451|7630|2.06956,0.00849264
N12449|11793|2.385696,N12433|4451|2.477759,0.0147631
N12449|11793|2.385696,N12453|9718|1.313521,0.00539631
N12449|11793|2.385696,N12455|8365|0.335368,0.00539009
N12449|11793|2.385696,N12435|2899|0.967227,0.0147574
N12449|11793|2.385696,N12452|14869|3.860011,0.0116252
N12449|11793|2.385696,N12443|9845|0.533965,0.0108353
N12449|11793|2.385696,N12444|4137|0.107218,0.0100441
N12449|11793|2.385696,N12454|9739|0.606509,0.00461513
N12449|11793|2.385696,N12428|3118|1.22185,0.0123938
N12449|11793|2.385696,N12447|13631|1.752321,0.00616424
N12449|11793|2.385696,N12441|15258|0.530176,0.0131859
N12449|11793|2.385696,N12430|11924|0.617032,0.0139613
N9691|11061|1.064032,N9682|7940|1.808928,0.0108285
N9691|11061|1.064032,N9679|13209|1.647138,0.0100515
N9691|11061|1.064032,N9683|1797|0.131262,0.00230292
N9691|11061|1.064032,N9675|8632|0.033619,0.00849048
N9691|11061|1.064032,N9686|7587|6.338327,0.00307621
N9691|11061|1.064032,N9689|1644|1.081532,0.00230469
N9691|11061|1.064032,N9674|1606|0.378322,0.012398
N9691|11061|1.064032,N9688|5711|1.910705,0.00307692
N9691|11061|1.064032,N9684|6273|0.64384,0.00461962
N9691|11061|1.064032,N9677|2452|3.425616,0.0139671
N9691|11061|1.064032,N9685|7705|1.114641,0.00230469
N8659|8322|0.377356,N8667|5850|1.086772,0.0131734
N8659|8322|0.377356,N8666|13078|0.559671,0.0116023
N8659|8322|0.377356,N8670|11686|1.623364,0.0147248
N8659|8322|0.377356,N8674|9719|0.296966,0.0139636
N8659|8322|0.377356,N8661|10851|1.961822,0.00771147
N8659|8322|0.377356,N8662|14607|7.138743,0.0108447
N8659|8322|0.377356,N8672|2210|0.469018,0.0131647
N8659|8322|0.377356,N8673|13767|0.155844,0.0123862
N7669|2450|2.16324,N7673|8024|1.150491,0.0139694
N7669|2450|2.16324,N7672|4796|0.453661,0.0139804
N7669|2450|2.16324,N7665|8744|0.930059,0.0124242
N7669|2450|2.16324,N7666|7799|1.798255,0.00694607
N7669|2450|2.16324,N7668|12471|1.776381,0.00539648
N8749|12375|2.284148,N8744|3173|0.097836,0.0124089
N8749|12375|2.284148,N8745|9801|1.55755,0.013978
N7677|7373|1.52875,N7676|11915|0.399721,0.0147403
N7677|7373|1.52875,N7675|13082|0.606485,0.013991
N8126|11528|0.612712,N8122|2981|6.608903,0.0123792
N8126|11528|0.612712,N8152|8326|0.287102,0.013961
N8126|11528|0.612712,N8123|9733|3.473817,0.00926425
N8126|11528|0.612712,N8164|13913|2.676586,0.0147477
N8126|11528|0.612712,N8127|6573|4.039577,0.0100699
N8126|11528|0.612712,N8131|8958|2.790061,0.00927546
N8126|11528|0.612712,N8129|11328|0.494628,0.00770878
N8126|11528|0.612712,N8120|6561|0.822924,0.0116479
N8126|11528|0.612712,N8116|12088|0.208523,0.0139589
N8126|11528|0.612712,N8168|6876|0.395138,0.0147477
N8126|11528|0.612712,N8121|6075|1.081405,0.00926698
N8126|11528|0.612712,N8170|12462|1.287377,0.0131833
N8126|11528|0.612712,N8154|11693|1.349062,0.0147478
N8126|11528|0.612712,N8124|5434|1.827055,0.0123836
N8126|11528|0.612712,N8163|5056|0.324114,0.0147579
N11599|10603|1.183727,N11610|4641|2.194546,0.0147593
N11599|10603|1.183727,N11612|7607|5.393571,0.0147729
N11599|10603|1.183727,N11602|1469|0.068194,0.00384394
N11599|10603|1.183727,N11604|14042|0.61391,0.0123879
N11599|10603|1.183727,N11595|5624|0.527232,0.00772007
N11599|10603|1.183727,N11596|10816|0.692399,0.00772008
N11599|10603|1.183727,N11606|7388|0.162691,0.0116114
N11599|10603|1.183727,N11613|13304|1.663156,0.0139533
N11599|10603|1.183727,N11611|3842|2.309476,0.0123879
N11599|10603|1.183727,N11601|13201|8.474162,0.0147477
N11599|10603|1.183727,N11600|4625|0.576178,0.0038453
N11599|10603|1.183727,N11593|9226|1.599335,0.00927001
N11599|10603|1.183727,N11607|13674|2.220092,0.013968
N11599|10603|1.183727,N11614|15324|0.132472,0.0139679
N8321|14573|1.562321,N8315|6529|1.015176,0.00539523
N8321|14573|1.562321,N8309|2145|1.605476,0.0139805
N8321|14573|1.562321,N8320|8459|1.662644,0.0100495
N8321|14573|1.562321,N8316|8063|1.186279,0.0053934
N8321|14573|1.562321,N8323|11412|0.971271,0.00851064
N8321|14573|1.562321,N8308|14544|1.566783,0.0147503
N8321|14573|1.562321,N8313|5650|1.256693,0.00771975
N8321|14573|1.562321,N8319|8053|1.905724,0.0100514
N8321|14573|1.562321,N8318|5662|3.543446,0.00928689
N8321|14573|1.562321,N8312|5455|0.779465,0.00617486
N8321|14573|1.562321,N8306|12938|2.523605,0.0147745
N11616|10945|0.229646,N11610|4641|2.194546,0.0139529
N11616|10945|0.229646,N11612|7607|5.393571,0.0139565
N11616|10945|0.229646,N11602|1469|0.068194,0.0139544
N11616|10945|0.229646,N11604|14042|0.61391,0.0108178
N11616|10945|0.229646,N11595|5624|0.527232,0.0131678
N11616|10945|0.229646,N11596|10816|0.692399,0.0131678
N11616|10945|0.229646,N11606|7388|0.162691,0.0108204
N11616|10945|0.229646,N11613|13304|1.663156,0.0131558
N11616|10945|0.229646,N11611|3842|2.309476,0.0115967
N11616|10945|0.229646,N11600|4625|0.576178,0.0139529
N11616|10945|0.229646,N11593|9226|1.599335,0.0147334
N11616|10945|0.229646,N11607|13674|2.220092,0.0131679
N11616|10945|0.229646,N11614|15324|0.132472,0.0131679
N12721|12292|1.084163,N12730|12949|0.061493,0.00693901
N12721|12292|1.084163,N12729|3913|4.208075,0.00926982
N12721|12292|1.084163,N12723|13100|2.761022,0.0023029
N12721|12292|1.084163,N12718|13208|0.414143,0.00848453
N12721|12292|1.084163,N12720|1572|0.182671,0.00849282
N12721|12292|1.084163,N12805|7599|5.251764,0.0147427
N12721|12292|1.084163,N12726|1522|2.240839,0.00927391
N12721|12292|1.084163,N12735|13411|1.300204,0.0123738
N8690|5129|2.343712,N8686|3829|3.228244,0.0147458
N8690|5129|2.343712,N8687|12321|2.324755,0.0147319
N10924|8357|1.49212,N10921|10723|4.08728,0.00461967
N10924|8357|1.49212,N10919|12935|1.629907,0.0023028
N10924|8357|1.49212,N10912|14735|3.545831,0.00771335
N10924|8357|1.49212,N10920|14634|1.207204,0.0023047
N10924|8357|1.49212,N10914|9492|10.257428,0.0077115
N10924|8357|1.49212,N10922|11934|1.797118,0.00307173
N10924|8357|1.49212,N10913|3810|1.22067,0.00461766
N10924|8357|1.49212,N10917|10509|5.997907,0.0139782
N12187|12613|1.160999,N12189|10667|2.85628,0.00929899
N12187|12613|1.160999,N12193|14228|0.485161,0.0147574
N12187|12613|1.160999,N12183|15376|0.316416,0.0139791
N12187|12613|1.160999,N12190|2161|1.550777,0.0108538
N12187|12613|1.160999,N12192|4991|1.889422,0.010865
N12187|12613|1.160999,N12191|8703|2.557036,0.0116433
N12187|12613|1.160999,N12188|2519|1.158587,0.00230451
N12187|12613|1.160999,N12180|2451|2.75645,0.014763
N8122|2981|6.608903,N8123|9733|3.473817,0.00771843
N8122|2981|6.608903,N8121|6075|1.081405,0.00616107
N8122|2981|6.608903,N8124|5434|1.827055,0.0108333
N12257|4975|0.283516,N12258|14145|2.26027,0.00153792
N12209|11340|2.498316,N12207|11147|0.203094,0.00772225
N12209|11340|2.498316,N12206|12333|0.381509,0.00927924
N12209|11340|2.498316,N12208|10503|0.414377,0.00539187
N11078|9311|0.593782,N11076|10479|4.100479,0.00617528
N11078|9311|0.593782,N11080|14040|0.942666,0.00771997
N11078|9311|0.593782,N11066|10755|0.62982,0.0147719
N11078|9311|0.593782,N11081|12283|1.753851,0.0108451
N11078|9311|0.593782,N11084|12385|3.436733,0.0131786
N11078|9311|0.593782,N11079|7055|0.791885,0.00695638
N11078|9311|0.593782,N11083|13343|1.817434,0.0108356
N11078|9311|0.593782,N11077|9491|0.19632,0.00230531
N11139|8344|0.288378,N11151|1794|2.061064,0.0147446
N11139|8344|0.288378,N11143|8334|1.175301,0.0139504
N9343|11073|2.399815,N9354|12995|4.075534,0.014762
N9343|11073|2.399815,N9337|15095|0.733485,0.00771982
N9343|11073|2.399815,N9336|6702|4.063391,0.0147702
N9343|11073|2.399815,N9351|2120|3.029378,0.0139609
N9343|11073|2.399815,N9350|15286|0.742999,0.00929934
N9343|11073|2.399815,N9368|5528|1.847757,0.0147576
N9343|11073|2.399815,N9330|2293|1.827431,0.0147575
N9343|11073|2.399815,N9340|13662|3.058796,0.0077198
N9343|11073|2.399815,N9349|10069|1.964609,0.0100739
N9343|11073|2.399815,N9331|12217|1.148734,0.0100526
N9343|11073|2.399815,N9335|4549|4.258833,0.0116174
N9343|11073|2.399815,N9341|11718|4.206502,0.0108651
N9343|11073|2.399815,N9370|6191|0.044663,0.0139796
N9343|11073|2.399815,N9333|13054|1.645774,0.00694507
N9343|11073|2.399815,N9344|3471|0.361147,0.00386511
N9343|11073|2.399815,N9332|12098|1.613069,0.00927015
N9343|11073|2.399815,N9342|14450|0.850897,0.00308663
N9343|11073|2.399815,N9334|8076|0.202191,0.00462353
N11338|6284|0.838038,N11342|12058|0.836972,0.0108483
N11338|6284|0.838038,N11335|6922|0.684495,0.0077176
N11338|6284|0.838038,N11340|11729|1.463688,0.00773854
N11338|6284|0.838038,N11413|8686|1.389957,0.014746
N11338|6284|0.838038,N11412|1935|0.128139,0.014746
N11338|6284|0.838038,N11347|2446|1.827773,0.0124284
N11338|6284|0.838038,N11345|10231|0.07044,0.0085013
N11338|6284|0.838038,N11357|7423|1.888211,0.0116351
N11338|6284|0.838038,N11344|5304|0.017475,0.0085013
N11338|6284|0.838038,N11353|6988|0.241705,0.0116158
N11338|6284|0.838038,N11354|2427|0.080642,0.0132021
N11338|6284|0.838038,N11337|14009|3.192114,0.00462638
N11338|6284|0.838038,N11356|6647|1.107781,0.0108404
N11338|6284|0.838038,N11350|2365|1.175804,0.0147353
N11338|6284|0.838038,N11336|1750|1.140954,0.00693387
N11338|6284|0.838038,N11333|15173|0.298044,0.0100499
N11338|6284|0.838038,N11334|12468|1.530882,0.00693829
N11338|6284|0.838038,N11355|14316|5.248091,0.0147575
N9931|2515|1.227911,N9933|5473|0.102627,0.00538681
N9931|2515|1.227911,N9932|7181|3.867775,0.0108165
N9931|2515|1.227911,N9930|8349|1.049999,0.00384335
N9931|2515|1.227911,N9936|7386|0.127947,0.00461624
N9931|2515|1.227911,N9934|14693|0.790861,0.00461975
N9931|2515|1.227911,N9937|9435|0.389164,0.00461624
N10027|12505|0.211807,N10041|3276|0.238204,0.0147332
N10027|12505|0.211807,N10026|6382|0.390611,0.0108281
N10027|12505|0.211807,N10029|4856|2.66461,0.0139609
N10027|12505|0.211807,N10045|12472|0.860905,0.0147314
N10027|12505|0.211807,N10032|5670|1.922361,0.0123914
N10027|12505|0.211807,N10031|9388|0.138167,0.0108282
N10027|12505|0.211807,N10035|15261|3.085156,0.0147392
N10027|12505|0.211807,N10034|10907|3.50552,0.0147395
N10027|12505|0.211807,N10024|11221|2.732505,0.0116081
N9280|1878|0.108319,N9270|11008|0.082626,0.0147712
N9280|1878|0.108319,N9274|10577|0.532175,0.0132033
N9280|1878|0.108319,N9359|13859|0.138749,0.0147503
N9280|1878|0.108319,N9259|8520|0.048263,0.00926969
N9280|1878|0.108319,N9256|2757|2.040753,0.0116068
N9280|1878|0.108319,N9257|6339|0.058928,0.0100513
N9280|1878|0.108319,N9286|1853|1.74475,0.0147717
N9280|1878|0.108319,N9268|8263|0.021383,0.013195
N9280|1878|0.108319,N9255|14771|0.350205,0.0100514
N9280|1878|0.108319,N9281|5602|0.079699,0.000767619
N9280|1878|0.108319,N9273|13046|0.2787,0.0139958
N9280|1878|0.108319,N9272|7257|0.692674,0.0139934
N9845|5691|0.246475,N9844|8597|1.735571,0.00230452
N9845|5691|0.246475,N9851|4818|0.968369,0.0131583
N9845|5691|0.246475,N9840|11225|0.243286,0.00153499
N9845|5691|0.246475,N9837|14227|0.324336,0.0147316
N9845|5691|0.246475,N9853|2386|4.649073,0.0131844
N9845|5691|0.246475,N9846|2267|2.054094,0.0124205
N9845|5691|0.246475,N9842|4063|0.304267,0.000767363
N9845|5691|0.246475,N9839|6268|1.81341,0.00616732
N9506|6295|0.279085,N9485|2254|0.457235,0.0139614
N9506|6295|0.279085,N9526|4386|4.722378,0.0123848
N9506|6295|0.279085,N9498|7215|0.598502,0.00616432
N9506|6295|0.279085,N9488|3943|3.651396,0.0124192
N9506|6295|0.279085,N9499|11947|3.526181,0.00926062
N9506|6295|0.279085,N9493|8379|0.638868,0.00693058
N9506|6295|0.279085,N9504|4699|0.169281,0.00230291
N9506|6295|0.279085,N9553|9058|1.067382,0.0139465
N9506|6295|0.279085,N9481|6058|1.683084,0.0131745
N9506|6295|0.279085,N9490|3199|3.288106,0.0116092
N9506|6295|0.279085,N9533|4010|0.908495,0.0139609
N9506|6295|0.279085,N9510|12778|1.414192,0.0108353
N9506|6295|0.279085,N9525|10317|1.701035,0.0100419
N9506|6295|0.279085,N9482|2701|0.778378,0.0131806
N9506|6295|0.279085,N9492|8720|1.571976,0.00770876
N9506|6295|0.279085,N9502|12775|0.091182,0.00539062
N9506|6295|0.279085,N9495|7893|0.163381,0.00461619
N9506|6295|0.279085,N9552|6778|1.175407,0.0139558
N9506|6295|0.279085,N9513|10514|1.389128,0.014714
N9506|6295|0.279085,N9500|2227|1.218307,0.00693826
N9506|6295|0.279085,N9501|12957|4.881441,0.0116219
N9506|6295|0.279085,N9503|4006|0.215152,0.00153499
N9506|6295|0.279085,N9555|11655|0.457878,0.0139465
N9506|6295|0.279085,N9542|13337|0.791992,0.0115945
N9506|6295|0.279085,N9491|12440|0.015674,0.00538592
N9506|6295|0.279085,N9511|4037|0.11695,0.00461963
N9506|6295|0.279085,N9484|8231|2.243047,0.01238
N9506|6295|0.279085,N9508|3512|0.122202,0.00384521
N9506|6295|0.279085,N9486|1956|0.766508,0.0131951
N9506|6295|0.279085,N9507|10649|0.049628,0
N11905|1391|0.365266,N11901|12383|0.637445,0.0115961
N11905|1391|0.365266,N11871|11403|1.151245,0.0139529
N11905|1391|0.365266,N11897|9610|0.038403,0.0147436
N11905|1391|0.365266,N11859|10707|1.084598,0.0139312
N11905|1391|0.365266,N11903|5159|0.285236,0.0116009
N11482|5070|1.798892,N11421|5366|0.550411,0.0132174
N11482|5070|1.798892,N11441|13197|0.277409,0.0148109
N11482|5070|1.798892,N11418|2052|0.356991,0.0124431
N11482|5070|1.798892,N11486|3601|0.026846,0.00540713
N11482|5070|1.798892,N11481|4836|0.074316,0.00153691
N11482|5070|1.798892,N11420|5326|2.154032,0.0140366
N11482|5070|1.798892,N11480|4799|0.732079,0.00153691
N11482|5070|1.798892,N11484|8902|3.837903,0.0100705
N11482|5070|1.798892,N11416|9551|0.424175,0.0148365
N11482|5070|1.798892,N11417|2611|2.032126,0.0124242
N12568|5490|3.827395,N12551|7510|0.251933,0.0123901
N12568|5490|3.827395,N12566|9121|0.08259,0.00771092
N12568|5490|3.827395,N12564|8090|2.029125,0.0139457
N12568|5490|3.827395,N12555|4208|2.598968,0.0147187
N12568|5490|3.827395,N12550|8083|0.027918,0.0123901
N12568|5490|3.827395,N12554|10454|0.637343,0.0123846
N12568|5490|3.827395,N12565|3942|2.216347,0.0123909
N12568|5490|3.827395,N12569|10700|0.180908,0.00848232
N8489|14240|1.201014,N8488|13359|0.502178,0.0023047
N8489|14240|1.201014,N8496|13896|0.030096,0.00616107
N8489|14240|1.201014,N8498|13685|1.847306,0.00848466
N8489|14240|1.201014,N8492|1374|1.103492,0.00693894
N8489|14240|1.201014,N8490|9253|0.016372,0.00307341
N8032|13906|0.570499,N8033|9137|10.873219,0.00694779
N8032|13906|0.570499,N8015|5442|3.948232,0.0123976
N8032|13906|0.570499,N8024|14889|0.747143,0.00849268
N8032|13906|0.570499,N8021|4539|2.068237,0.0131648
N8032|13906|0.570499,N8028|7486|0.293428,0.00307385
N8032|13906|0.570499,N8051|12609|3.009373,0.0139558
N8032|13906|0.570499,N8013|7554|2.307135,0.0100583
N8032|13906|0.570499,N8031|3625|0.869058,0.00461617
N8032|13906|0.570499,N8009|14525|0.152579,0.0100412
N8032|13906|0.570499,N8050|12356|0.711973,0.0147311
N8032|13906|0.570499,N8038|2599|3.592852,0.00849027
N8032|13906|0.570499,N8036|14795|5.15202,0.0100637
N8032|13906|0.570499,N8034|11942|0.98519,0.00461947
N8032|13906|0.570499,N8007|9686|0.849915,0.0116006
N8032|13906|0.570499,N8039|4402|0.429196,0.00538982
N8032|13906|0.570499,N8014|11541|1.407573,0.0108445
N8032|13906|0.570499,N8022|12003|0.569686,0.00771834
N8032|13906|0.570499,N8008|8037|2.076879,0.0116078
N8032|13906|0.570499,N8030|1826|4.32662,0.0069409
N8032|13906|0.570499,N8020|4770|0.329201,0.00926971
N8032|13906|0.570499,N8011|6303|3.222924,0.00926419
N8032|13906|0.570499,N8012|12050|0.024109,0.00927439
N8033|9137|10.873219,N8028|7486|0.293428,0.0100564
N8033|9137|10.873219,N8031|3625|0.869058,0.0116253
N8033|9137|10.873219,N8034|11942|0.98519,0.0116314
N8033|9137|10.873219,N8039|4402|0.429196,0.0124071
N8033|9137|10.873219,N8022|12003|0.569686,0.0147734
N8033|9137|10.873219,N8030|1826|4.32662,0.0139852
N10385|13721|0.084633,N10401|9819|0.783816,0.0131859
N10385|13721|0.084633,N10396|13112|0.065223,0.0131782
N10385|13721|0.084633,N10447|13406|0.157979,0.0139645
N10385|13721|0.084633,N10388|9945|4.627814,0.0108333
N10385|13721|0.084633,N10390|5991|0.209636,0.0123793
N10385|13721|0.084633,N10394|7361|0.277432,0.00849158
N10385|13721|0.084633,N10389|10520|0.887805,0.00926702
N10385|13721|0.084633,N10392|9998|1.873579,0.0131636
N10385|13721|0.084633,N10400|14302|0.087592,0.0131867
N10164|13306|0.449205,N10165|9426|0.030185,0.00384623
N10164|13306|0.449205,N10159|5347|1.089161,0.0124092
N10164|13306|0.449205,N10169|2065|3.860674,0.00617524
N10164|13306|0.449205,N10151|6496|1.236271,0.013219
N10164|13306|0.449205,N10148|14970|1.835456,0.0124423
N10164|13306|0.449205,N10141|15388|1.388087,0.0131747
N10164|13306|0.449205,N10168|13332|2.843622,0.00850535
N10164|13306|0.449205,N10163|14555|5.692309,0.0108334
N10164|13306|0.449205,N10150|8448|0.63063,0.0101088
N10164|13306|0.449205,N10140|13774|1.624122,0.0085123
N10164|13306|0.449205,N10145|8073|2.673846,0.0116493
N10164|13306|0.449205,N10153|2144|0.895476,0.00851637
N10164|13306|0.449205,N10167|9324|4.421383,0.00695652
N10164|13306|0.449205,N10146|10997|1.204118,0.011633
N10164|13306|0.449205,N10147|10051|1.378086,0.0108586
N10164|13306|0.449205,N10149|11080|0.160309,0.00931804
N10164|13306|0.449205,N10154|13738|0.207181,0.00852957
N10164|13306|0.449205,N10152|9351|0.056029,0.0108744
N10164|13306|0.449205,N10158|14329|0.227607,0.0108587
N10164|13306|0.449205,N10160|4433|0.171967,0.010858
N10164|13306|0.449205,N10136|6253|0.845949,0.0100604
N10164|13306|0.449205,N10139|5635|0.470954,0.0085123
N10164|13306|0.449205,N10135|3888|1.954201,0.0108356
N8327|4183|0.105825,N8326|7638|0.454286,0.0030748
N8327|4183|0.105825,N8328|2780|1.233022,0.00461948
N8327|4183|0.105825,N8329|1975|1.572139,0.00385396
N9891|5276|5.264857,N9892|8211|1.16073,0.0116214
N9891|5276|5.264857,N9893|5859|2.046382,0.0147777
N11540|12290|0.167917,N11533|8152|0.973372,0.00849293
N11540|12290|0.167917,N11521|2839|0.149121,0.0116143
N11540|12290|0.167917,N11538|11013|1.022348,0.00538834
N11540|12290|0.167917,N11530|12697|1.748775,0.00615827
N11540|12290|0.167917,N11535|7769|2.633978,0.0108336
N11540|12290|0.167917,N11524|6585|0.421476,0.0147404
N11540|12290|0.167917,N11532|1790|5.236862,0.0116027
N11540|12290|0.167917,N11534|10703|0.757553,0.0084851
N11540|12290|0.167917,N11539|11393|0.198572,0.00384236
N11540|12290|0.167917,N11531|8005|0.409323,0.00851352
N11540|12290|0.167917,N11537|9896|5.27525,0.0147434
N11540|12290|0.167917,N11509|7537|0.30586,0.0147406
N11540|12290|0.167917,N11536|8711|0.193032,0.00693911
N11540|12290|0.167917,N11526|15011|1.043239,0.0147501
N12085|6593|1.056889,N12082|11453|0.055963,0.0053859
N12085|6593|1.056889,N12084|12824|0.913132,0.0092698
N12085|6593|1.056889,N12093|6486|0.715147,0.0131744
N12085|6593|1.056889,N12086|13291|1.417129,0.00616119
N12085|6593|1.056889,N12088|1729|0.444098,0.0116196
N12085|6593|1.056889,N12094|8684|0.190719,0.0131744
N12085|6593|1.056889,N12091|4328|0.976929,0.0147423
N9933|5473|0.102627,N9932|7181|3.867775,0.00693066
N9933|5473|0.102627,N9930|8349|1.049999,0.00461399
N9933|5473|0.102627,N9936|7386|0.127947,0.00384397
N9933|5473|0.102627,N9926|14208|4.078226,0.0147351
N9933|5473|0.102627,N9934|14693|0.790861,0.00384527
N9933|5473|0.102627,N9937|9435|0.389164,0.00384397
N10373|6542|2.608281,N10370|14796|0.063703,0.00616104
N10373|6542|2.608281,N10367|15352|1.641873,0.0100411
N10373|6542|2.608281,N10377|9618|0.259502,0.00616171
N10373|6542|2.608281,N10372|3539|0.245136,0.00693603
N10373|6542|2.608281,N10369|1996|1.854409,0.0108245
N11342|12058|0.836972,N11335|6922|0.684495,0.012407
N11342|12058|0.836972,N11340|11729|1.463688,0.0139934
N11342|12058|0.836972,N11345|10231|0.07044,0.013196
N11342|12058|0.836972,N11344|5304|0.017475,0.013196
N11342|12058|0.836972,N11337|14009|3.192114,0.0108471
N11342|12058|0.836972,N11336|1750|1.140954,0.0108268
N11342|12058|0.836972,N11333|15173|0.298044,0.0147582
N11342|12058|0.836972,N11334|12468|1.530882,0.011618
N8824|3040|0.209154,N8826|10845|0.935953,0.00616746
N8824|3040|0.209154,N8829|7668|1.400188,0.00694641
N8824|3040|0.209154,N8828|2039|1.535477,0.00616746
N8824|3040|0.209154,N8818|15382|2.100998,0.0116222
N8824|3040|0.209154,N8823|4658|8.87833,0.0131678
N8824|3040|0.209154,N8822|2710|4.614096,0.0116073
N8824|3040|0.209154,N8830|13127|0.348201,0.00693913
N8824|3040|0.209154,N8821|12006|0.782773,0.00849645
N7979|8369|0.944069,N7976|11715|0.722151,0.00461967
N7979|8369|0.944069,N7974|2109|1.797414,0.013183
N7979|8369|0.944069,N7978|7473|1.581826,0.00538673
N7979|8369|0.944069,N7973|13302|1.627927,0.0139559
N13004|6360|0.690787,N13001|13178|0.76269,0.00771846
N13004|6360|0.690787,N13006|7909|1.475456,0.00771824
N13004|6360|0.690787,N13005|4444|1.174449,0.00693786
N13004|6360|0.690787,N13000|10768|0.660106,0.00850187
N13004|6360|0.690787,N12995|3030|0.832701,0.0116008
N13004|6360|0.690787,N12978|8669|5.795832,0.0139555
N13004|6360|0.690787,N12988|5294|0.324096,0.0139502
N13004|6360|0.690787,N12998|8221|0.848825,0.0131625
N13004|6360|0.690787,N12996|11426|0.862639,0.012385
N13004|6360|0.690787,N12987|13617|0.236659,0.0123778
N13004|6360|0.690787,N12992|10856|1.925319,0.0123816
N13004|6360|0.690787,N12986|8658|4.09695,0.0131717
N13004|6360|0.690787,N12997|12399|1.005863,0.0139526
N13004|6360|0.690787,N12977|12673|1.17305,0.0100391
N10433|6135|1.206972,N10419|7788|0.960112,0.0131832
N10433|6135|1.206972,N10431|13777|0.107201,0.013184
N10433|6135|1.206972,N10447|13406|0.157979,0.014744
N10433|6135|1.206972,N10437|15110|0.575782,0.0108398
N10433|6135|1.206972,N10436|2703|0.383166,0.0069361
N10433|6135|1.206972,N10435|14161|2.34167,0.0116217
N10433|6135|1.206972,N10416|11369|0.698039,0.0139459
N10433|6135|1.206972,N10440|6346|0.732477,0.00616432
N10433|6135|1.206972,N10420|12519|2.497745,0.0147627
N10433|6135|1.206972,N10441|12065|2.54058,0.0147571
N10433|6135|1.206972,N10421|1621|0.185784,0.0123978
N10433|6135|1.206972,N10432|5320|1.445576,0.0139671
N10433|6135|1.206972,N10434|6544|1.236147,0.0116255
N10433|6135|1.206972,N10414|11960|1.623667,0.0147505
N9080|9415|4.226647,N9085|3354|5.903963,0.0108239
N9080|9415|4.226647,N9081|8706|1.386561,0.00615823
N9080|9415|4.226647,N9072|4235|1.055492,0.0123964
N9080|9415|4.226647,N9082|6397|0.367536,0.00616733
N9080|9415|4.226647,N9086|13394|0.878173,0.0147586
N9080|9415|4.226647,N9066|8542|2.20717,0.013994
N9080|9415|4.226647,N9059|3952|0.117079,0.0147722
N9080|9415|4.226647,N9090|5865|0.111667,0.0123977
N11610|4641|2.194546,N11612|7607|5.393571,0.0092968
N11610|4641|2.194546,N11602|1469|0.068194,0.0124017
N11610|4641|2.194546,N11604|14042|0.61391,0.00538988
N11610|4641|2.194546,N11595|5624|0.527232,0.011622
N11610|4641|2.194546,N11596|10816|0.692399,0.011622
N11610|4641|2.194546,N11606|7388|0.162691,0.00461959
N11610|4641|2.194546,N11613|13304|1.663156,0.00849293
N11610|4641|2.194546,N11611|3842|2.309476,0.00694109
N11610|4641|2.194546,N11600|4625|0.576178,0.0124106
N11610|4641|2.194546,N11593|9226|1.599335,0.0131787
N11610|4641|2.194546,N11607|13674|2.220092,0.00694544
N11610|4641|2.194546,N11614|15324|0.132472,0.00850444
N12990|6157|5.811933,N12995|3030|0.832701,0.0100513
N12990|6157|5.811933,N12988|5294|0.324096,0.0108383
N12990|6157|5.811933,N12992|10856|1.925319,0.0123912
N12990|6157|5.811933,N12977|12673|1.17305,0.0147451
N10041|3276|0.238204,N10020|8489|0.420635,0.0139782
N10041|3276|0.238204,N10026|6382|0.390611,0.0108313
N10041|3276|0.238204,N10037|9292|2.547198,0.0139526
N10041|3276|0.238204,N10045|12472|0.860905,0.00771332
N10041|3276|0.238204,N10042|5925|5.419366,0.0123836
N10041|3276|0.238204,N10032|5670|1.922361,0.011611
N10041|3276|0.238204,N10043|4898|1.58554,0.00851079
N10041|3276|0.238204,N10046|10246|5.366526,0.0131686
N10041|3276|0.238204,N10021|3367|1.749419,0.0147563
N10041|3276|0.238204,N10031|9388|0.138167,0.0116153
N10041|3276|0.238204,N10034|10907|3.50552,0.0139782
N10041|3276|0.238204,N10038|1866|3.436396,0.0147587
N10041|3276|0.238204,N10024|11221|2.732505,0.0100583
N10349|3188|0.706268,N10347|2621|0.003632,0.0147782
N9285|12311|0.666863,N9259|8520|0.048263,0.0139455
N9285|12311|0.666863,N9257|6339|0.058928,0.0147311
N9285|12311|0.666863,N9255|14771|0.350205,0.0147311
N11072|2790|0.68052,N11062|6482|0.412079,0.0132352
N11072|2790|0.68052,N11067|10135|0.02901,0.0132641
N11072|2790|0.68052,N11069|6309|2.138312,0.00929841
N11072|2790|0.68052,N11066|10755|0.62982,0.0132587
N11072|2790|0.68052,N11071|4197|0.05893,0.00694679
N12381|14421|0.504515,N12379|10332|0.197133,0.00772365
N12381|14421|0.504515,N12380|3134|0.537506,0.00230859
N12381|14421|0.504515,N12384|10488|1.141749,0.010058
N12381|14421|0.504515,N12383|4272|1.686228,0.0108741
N7808|15032|3.913576,N7809|1946|1.370953,0.0069563
N8663|11239|1.72174,N8667|5850|1.086772,0.00848048
N8663|11239|1.72174,N8666|13078|0.559671,0.00693233
N8663|11239|1.72174,N8669|4088|1.262664,0.0139355
N8663|11239|1.72174,N8670|11686|1.623364,0.0131555
N8663|11239|1.72174,N8674|9719|0.296966,0.0123973
N8663|11239|1.72174,N8672|2210|0.469018,0.0116001
N8663|11239|1.72174,N8673|13767|0.155844,0.0108259
N8663|11239|1.72174,N8678|10511|0.772648,0.0131569
N10773|12064|1.833445,N10774|2754|1.843436,0.0108591
N12116|12596|0.676881,N12114|14759|0.42786,0.00773805
N12116|12596|0.676881,N12121|10891|1.462474,0.0116324
N12116|12596|0.676881,N12120|9198|0.687501,0.0116474
N10565|11930|1.094538,N10580|12481|0.361,0.0116232
N10565|11930|1.094538,N10584|7104|0.366573,0.0131877
N10565|11930|1.094538,N10582|10741|1.762303,0.0108421
N10565|11930|1.094538,N10585|12785|0.199406,0.0147626
N10565|11930|1.094538,N10577|2852|0.124301,0.0131875
N10565|11930|1.094538,N10566|12908|3.310959,0.00694094
N10565|11930|1.094538,N10591|10257|2.420075,0.0147575
N10565|11930|1.094538,N10594|11499|0.093242,0.0123994
N12082|11453|0.055963,N12084|12824|0.913132,0.0077088
N12082|11453|0.055963,N12093|6486|0.715147,0.0108167
N12082|11453|0.055963,N12090|5104|1.298203,0.0131631
N12082|11453|0.055963,N12086|13291|1.417129,0.0061573
N12082|11453|0.055963,N12092|9522|3.309213,0.0147345
N12082|11453|0.055963,N12088|1729|0.444098,0.00926544
N12082|11453|0.055963,N12094|8684|0.190719,0.0108167
N12082|11453|0.055963,N12091|4328|0.976929,0.0123771
N8449|7814|2.026929,N8457|5416|1.439677,0.00929636
N8449|7814|2.026929,N8456|9814|0.522372,0.00695628
N8449|7814|2.026929,N8455|15058|2.709482,0.01084
N8449|7814|2.026929,N8462|1940|0.260636,0.00931057
N8449|7814|2.026929,N8451|1803|4.723301,0.00929619
N8449|7814|2.026929,N8460|14148|1.728008,0.00852525
N8449|7814|2.026929,N8459|13625|6.312552,0.0124404
N8449|7814|2.026929,N8452|11623|1.6017,0.00694616
N8449|7814|2.026929,N8453|3056|0.990996,0.0100487
N8449|7814|2.026929,N8461|4708|0.70719,0.00696792
N8864|12287|1.765175,N8862|6062|0.990088,0.0147315
N8864|12287|1.765175,N8865|6134|2.677051,0.00849042
N8864|12287|1.765175,N8856|1379|0.777535,0.0116202
N8864|12287|1.765175,N8866|13850|5.38875,0.0147782
N8864|12287|1.765175,N8871|11941|0.282747,0.0147457
N8864|12287|1.765175,N8860|10099|1.374133,0.0147568
N8864|12287|1.765175,N8859|4263|0.786852,0.0131861
N8864|12287|1.765175,N8868|14599|0.735291,0.00771338
N7610|9057|0.688321,N7627|13129|0.025741,0.0108384
N7610|9057|0.688321,N7596|2993|3.413126,0.0108481
N7610|9057|0.688321,N7631|14896|2.134,0.00849648
N7610|9057|0.688321,N7609|5761|4.684875,0.0100448
N7610|9057|0.688321,N7595|2100|3.352798,0.0100498
N7610|9057|0.688321,N7605|9220|0.78423,0.00539072
N7610|9057|0.688321,N7592|6283|0.028823,0.0124195
N7610|9057|0.688321,N7613|2721|3.006235,0.00384304
N7610|9057|0.688321,N7612|1953|2.630362,0.003077
N7610|9057|0.688321,N7591|13923|0.380598,0.0132007
N7610|9057|0.688321,N7602|12012|1.025436,0.00927468
N7610|9057|0.688321,N7625|3016|0.312799,0.0123908
N7610|9057|0.688321,N7604|7734|1.196841,0.00616965
N7610|9057|0.688321,N7600|10922|3.58875,0.0147707
N7610|9057|0.688321,N7597|8505|0.083789,0.0131925
N7610|9057|0.688321,N7603|12566|1.558334,0.00539663
N7610|9057|0.688321,N7599|5087|0.891603,0.0147722
N7610|9057|0.688321,N7623|1912|0.329254,0.0108322
N7610|9057|0.688321,N7608|2641|2.682375,0.0100574
N7610|9057|0.688321,N7618|8594|1.069863,0.00538985
N7610|9057|0.688321,N7616|10188|1.521941,0.00538988
N7610|9057|0.688321,N7620|13891|0.667006,0.00771998
N12801|7832|1.540443,N12796|8593|0.43714,0.012391
N12801|7832|1.540443,N12792|4718|1.104993,0.0147439
N12801|7832|1.540443,N12759|12675|0.102362,0.0147401
N12801|7832|1.540443,N12770|5861|0.616059,0.0139611
N12801|7832|1.540443,N12751|14883|0.545789,0.014744
N12801|7832|1.540443,N12756|2309|1.276595,0.0147524
N12801|7832|1.540443,N12755|12020|0.149553,0.0139731
N12801|7832|1.540443,N12803|2064|0.265817,0.00384759
N12801|7832|1.540443,N12795|4574|2.553366,0.0123847
N12801|7832|1.540443,N12805|7599|5.251764,0.0139457
N12801|7832|1.540443,N12769|13527|0.825958,0.0147438
N12801|7832|1.540443,N12802|8143|0.716222,0.0053941
N12801|7832|1.540443,N12797|2791|0.77827,0.0108281
N12801|7832|1.540443,N12747|10085|0.02083,0.0139612
N12801|7832|1.540443,N12791|3432|1.382532,0.014754
N12801|7832|1.540443,N12794|1915|0.264954,0.0115966
N7872|13995|0.504711,N7864|5611|0.028517,0.0147316
N7872|13995|0.504711,N7863|9259|0.12999,0.0147316
N7872|13995|0.504711,N7871|11142|0.905978,0.0038501
N7872|13995|0.504711,N7867|6195|1.334354,0.0147316
N7872|13995|0.504711,N7870|14214|6.590519,0.00929612
N7986|12813|3.119491,N8002|12307|0.801992,0.0147399
N7986|12813|3.119491,N7983|10858|1.052523,0.0123793
N7986|12813|3.119491,N7995|8990|0.237236,0.0116139
N7986|12813|3.119491,N8003|11990|0.675441,0.0147399
N7986|12813|3.119491,N7987|8869|4.267358,0.0100359
N7986|12813|3.119491,N7985|11817|0.231441,0.0108258
N7986|12813|3.119491,N7991|2953|0.737916,0.0147437
N7986|12813|3.119491,N7994|6866|0.804501,0.0131827
N8315|6529|1.015176,N8309|2145|1.605476,0.0116151
N8315|6529|1.015176,N8320|8459|1.662644,0.00771786
N8315|6529|1.015176,N8316|8063|1.186279,0.00153498
N8315|6529|1.015176,N8323|11412|0.971271,0.00616728
N8315|6529|1.015176,N8308|14544|1.566783,0.0123902
N8315|6529|1.015176,N8313|5650|1.256693,0.00384752
N8315|6529|1.015176,N8319|8053|1.905724,0.00771312
N8315|6529|1.015176,N8318|5662|3.543446,0.00694521
N8315|6529|1.015176,N8312|5455|0.779465,0.00384652
N8315|6529|1.015176,N8306|12938|2.523605,0.0123971
N10198|2995|0.99406,N10201|9651|0.207264,0.00153499
N10198|2995|0.99406,N10205|9265|4.839806,0.0147678
N10198|2995|0.99406,N10199|9067|2.041819,0.00616434
N10198|2995|0.99406,N10200|13655|9.445277,0.00694775
N10198|2995|0.99406,N10210|12616|0.039377,0.0147559
N10198|2995|0.99406,N10202|10267|0.04449,0.0023045
N10198|2995|0.99406,N10253|13358|0.566741,0.0132004
N10198|2995|0.99406,N10206|7264|0.209338,0.00849666
N10198|2995|0.99406,N10207|15177|1.031946,0.0131944
N12613|8548|5.076624,N12616|4462|1.325698,0.0147906
N12613|8548|5.076624,N12621|1623|1.449089,0.014763
N12836|2163|0.698963,N12816|3814|0.423491,0.0116268
N12836|2163|0.698963,N12823|9813|0.830819,0.0131832
N12836|2163|0.698963,N12828|12550|1.212722,0.0131973
N12836|2163|0.698963,N12815|11358|1.139968,0.0147627
N12836|2163|0.698963,N12841|14215|0.661025,0.0108323
N12836|2163|0.698963,N12821|14257|0.767312,0.0147575
N12836|2163|0.698963,N12832|10581|0.014099,0.0139524
N12836|2163|0.698963,N12835|5032|0.52659,0.00771321
N12836|2163|0.698963,N12831|6709|1.504096,0.0108311
N12836|2163|0.698963,N12827|7021|0.494991,0.0131717
N12836|2163|0.698963,N12829|15189|0.468004,0.011615
N12836|2163|0.698963,N12837|3001|4.039749,0.00771736
N12836|2163|0.698963,N12840|8247|1.106403,0.0123902
N12836|2163|0.698963,N12834|6657|0.028154,0.0124059
N12836|2163|0.698963,N12842|5983|3.233808,0.0123903
N12836|2163|0.698963,N12838|7539|1.101225,0.0147628
N11966|13569|0.808196,N11965|7210|1.497532,0.00462122
N11966|13569|0.808196,N11961|13104|1.409509,0.0132008
N11966|13569|0.808196,N11951|8255|0.548719,0.0132378
N11966|13569|0.808196,N11963|11284|0.294758,0.0139938
N9354|12995|4.075534,N9353|12434|7.278739,0.0116199
N9354|12995|4.075534,N9352|3425|5.956873,0.0108238
N9354|12995|4.075534,N9337|15095|0.733485,0.0147503
N9354|12995|4.075534,N9350|15286|0.742999,0.0116068
N9354|12995|4.075534,N9340|13662|3.058796,0.0131745
N9354|12995|4.075534,N9349|10069|1.964609,0.0123834
N9354|12995|4.075534,N9333|13054|1.645774,0.0139524
N9354|12995|4.075534,N9344|3471|0.361147,0.0123976
N9354|12995|4.075534,N9342|14450|0.850897,0.0116151
N9354|12995|4.075534,N9334|8076|0.202191,0.0116151
N9353|12434|7.278739,N9352|3425|5.956873,0.0147714
N10978|5694|1.783151,N10972|5908|1.0265,0.0116437
N10978|5694|1.783151,N10977|12075|0.613135,0.0085126
N10978|5694|1.783151,N10970|10530|0.525396,0.0100607
N10978|5694|1.783151,N10982|11914|1.803269,0.0132006
N10978|5694|1.783151,N10975|10794|2.249125,0.0100731
N10978|5694|1.783151,N10979|12278|3.152954,0.0132192
N10978|5694|1.783151,N10981|2731|0.266376,0.0116333
N10978|5694|1.783151,N10984|9782|0.397387,0.0116095
N10978|5694|1.783151,N10973|10114|1.49298,0.0116219
N10621|4852|1.427651,N10617|1484|0.971207,0.0140008
N10621|4852|1.427651,N10619|11456|0.541607,0.00307694
N10621|4852|1.427651,N10620|13105|0.988803,0.0046151
N10621|4852|1.427651,N10625|13586|0.460411,0.0147733
N9000|2661|1.128144,N9010|5896|0.079458,0.0116084
N9000|2661|1.128144,N9001|10204|5.449523,0.00849291
N9000|2661|1.128144,N8998|14098|3.332041,0.0124164
N9000|2661|1.128144,N9036|15289|0.836622,0.0139613
N9000|2661|1.128144,N9021|7955|0.469038,0.0131689
N9000|2661|1.128144,N9003|8356|1.579972,0.0131768
N9000|2661|1.128144,N9008|6572|1.500492,0.0108324
N9000|2661|1.128144,N9041|13663|0.42431,0.0147503
N9000|2661|1.128144,N9002|8105|1.585076,0.0100451
N9000|2661|1.128144,N9009|14787|1.215625,0.0116156
N9000|2661|1.128144,N9004|9716|6.417632,0.0147502
N9000|2661|1.128144,N9051|3727|0.752761,0.0147628
N9000|2661|1.128144,N9019|1759|3.21172,0.0123741
N9000|2661|1.128144,N9012|7036|0.144812,0.010053
N9000|2661|1.128144,N9005|9621|0.184888,0.00462369
N9000|2661|1.128144,N9018|7028|1.271107,0.0115968
N9000|2661|1.128144,N9020|4424|0.845904,0.0123839
N9000|2661|1.128144,N8997|12760|0.707051,0.0100679
N9000|2661|1.128144,N9023|13272|1.556355,0.0147317
N11650|9708|2.204662,N11641|1649|2.549367,0.00848669
N11650|9708|2.204662,N11639|9445|1.410352,0.0108337
N11650|9708|2.204662,N11656|5269|2.399176,0.0147511
N11650|9708|2.204662,N11647|1581|0.844933,0.00850026
N11650|9708|2.204662,N11651|13624|1.651375,0.0116334
N11650|9708|2.204662,N11657|12112|1.802905,0.00925694
N11650|9708|2.204662,N11643|10735|0.125534,0.0053902
N11650|9708|2.204662,N11642|3844|2.519686,0.0132071
N11650|9708|2.204662,N11644|8422|0.74399,0.0053902
N11650|9708|2.204662,N11655|12860|0.463801,0.0108357
N11650|9708|2.204662,N11653|13779|1.337948,0.00927035
N11650|9708|2.204662,N11649|15386|1.430713,0.00770883
N11650|9708|2.204662,N11645|4531|0.087086,0.00384235
N11650|9708|2.204662,N11660|13089|0.382191,0.0116071
N11650|9708|2.204662,N11646|7298|2.906628,0.00849168
N11650|9708|2.204662,N11648|14770|4.004292,0.010845
N10891|9707|4.080801,N10893|14050|5.207701,0.0131768
N10891|9707|4.080801,N10888|6497|3.625147,0.0108264
N10891|9707|4.080801,N10887|12945|3.710148,0.0123874
N10891|9707|4.080801,N10892|3803|0.273582,0.00538677
N10891|9707|4.080801,N10894|8335|1.689416,0.00693891
N10891|9707|4.080801,N10895|13787|0.935012,0.00771831
N7864|5611|0.028517,N7863|9259|0.12999,0
N7864|5611|0.028517,N7862|7387|0.026433,0.00307186
N7864|5611|0.028517,N7871|11142|0.905978,0.0139518
N7864|5611|0.028517,N7867|6195|1.334354,0
N7864|5611|0.028517,N7865|13699|13.159582,0.0132356
N7864|5611|0.028517,N7869|13154|5.006402,0.011614
N8157|9949|0.963445,N8134|8674|2.04371,0.0131973
N8157|9949|0.963445,N8152|8326|0.287102,0.0084966
N8157|9949|0.963445,N8160|1869|0.101705,0.00693612
N8157|9949|0.963445,N8135|9281|0.296473,0.0124059
N8157|9949|0.963445,N8164|13913|2.676586,0.01084
N8157|9949|0.963445,N8166|3733|1.199072,0.0124017
N8157|9949|0.963445,N8146|6310|1.682245,0.0131833
N8157|9949|0.963445,N8167|9413|2.896965,0.0116219
N8157|9949|0.963445,N8147|6853|1.322031,0.0116256
N8157|9949|0.963445,N8137|12331|1.746135,0.0123912
N8157|9949|0.963445,N8136|9622|3.642271,0.0123913
N8157|9949|0.963445,N8168|6876|0.395138,0.01084
N8157|9949|0.963445,N8161|5815|2.657205,0.0124361
N8157|9949|0.963445,N8148|6205|0.019809,0.011614
N8157|9949|0.963445,N8149|3784|0.221216,0.0123994
N8157|9949|0.963445,N8139|6836|1.288953,0.0124016
N8157|9949|0.963445,N8170|12462|1.287377,0.00927856
N8157|9949|0.963445,N8155|8047|3.74703,0.0131843
N8157|9949|0.963445,N8154|11693|1.349062,0.00927552
N8157|9949|0.963445,N8159|14322|1.114167,0.00230452
N8157|9949|0.963445,N8156|9303|2.047012,0.00308255
N8157|9949|0.963445,N8163|5056|0.324114,0.00928271
N11437|7295|1.086414,N11421|5366|0.550411,0.013961
N11437|7295|1.086414,N11441|13197|0.277409,0.0100703
N11437|7295|1.086414,N11430|13324|0.82787,0.0147729
N11437|7295|1.086414,N11474|6745|0.399884,0.0131861
N11437|7295|1.086414,N11450|8696|1.833598,0.0131924
N11437|7295|1.086414,N11464|4774|2.356946,0.013986
N11437|7295|1.086414,N11442|1536|3.34164,0.0131751
N11437|7295|1.086414,N11418|2052|0.356991,0.013175
N11437|7295|1.086414,N11457|3440|2.050117,0.0116221
N11437|7295|1.086414,N11461|2877|0.897368,0.0139729
N11437|7295|1.086414,N11462|14660|0.116968,0.0147638
N11437|7295|1.086414,N11420|5326|2.154032,0.014751
N11437|7295|1.086414,N11436|8642|2.737344,0.00772743
N11437|7295|1.086414,N11476|7720|0.188723,0.0132012
N11437|7295|1.086414,N11466|6960|0.69333,0.0124103
N11437|7295|1.086414,N11438|4551|6.509703,0.0139794
N11437|7295|1.086414,N11439|4031|5.949013,0.0100703
N11437|7295|1.086414,N11432|8564|1.106573,0.0131741
N11437|7295|1.086414,N11440|9498|2.349682,0.0147903
N11437|7295|1.086414,N11472|6578|0.483504,0.0132013
N11437|7295|1.086414,N11447|15071|0.379129,0.0116335
N11437|7295|1.086414,N11471|13768|0.711381,0.0139785
N11437|7295|1.086414,N11434|2008|6.10435,0.0108323
N11437|7295|1.086414,N11452|2698|0.399768,0.0124017
N11437|7295|1.086414,N11417|2611|2.032126,0.0147479
N11169|5027|0.144705,N11189|2329|1.866776,0.0147569
N11169|5027|0.144705,N11186|8117|0.703739,0.014757
N11169|5027|0.144705,N11176|8670|0.161207,0.0132006
N11169|5027|0.144705,N11179|12364|0.146687,0.0124256
N11169|5027|0.144705,N11170|2779|0.821011,0.003073
N11169|5027|0.144705,N11174|7612|0.80396,0.00851261
N11169|5027|0.144705,N11180|1876|0.387964,0.0131879
N11169|5027|0.144705,N11173|12964|0.86605,0.0100586
N11533|8152|0.973372,N11521|2839|0.149121,0.0124111
N11533|8152|0.973372,N11538|11013|1.022348,0.00772914
N11533|8152|0.973372,N11530|12697|1.748775,0.00771997
N11533|8152|0.973372,N11535|7769|2.633978,0.0116347
N11533|8152|0.973372,N11532|1790|5.236862,0.00461517
N11533|8152|0.973372,N11534|10703|0.757553,0.00307174
N11533|8152|0.973372,N11539|11393|0.198572,0.00616931
N11533|8152|0.973372,N11531|8005|0.409323,0.00772926
N11533|8152|0.973372,N11536|8711|0.193032,0.00772866
N10690|10840|0.150533,N10691|14865|3.674489,0.00231091
N10690|10840|0.150533,N10689|2421|0.07598,0.00307624
N10690|10840|0.150533,N10681|7674|1.179429,0.0131954
N10690|10840|0.150533,N10685|8923|2.300742,0.0108313
N10690|10840|0.150533,N10688|7798|1.722135,0.0124014
N10690|10840|0.150533,N10687|6769|3.199566,0.0123992
N10690|10840|0.150533,N10684|4795|2.285325,0.0124014
N10690|10840|0.150533,N10682|12482|0.369964,0.0108354
N10690|10840|0.150533,N10692|3701|1.468518,0.00384394
N10690|10840|0.150533,N10698|12792|3.053573,0.0139807
N10691|14865|3.674489,N10689|2421|0.07598,0.00539525
N10691|14865|3.674489,N10685|8923|2.300742,0.0131874
N10691|14865|3.674489,N10688|7798|1.722135,0.013184
N10691|14865|3.674489,N10687|6769|3.199566,0.0131873
N10691|14865|3.674489,N10684|4795|2.285325,0.0147573
N10691|14865|3.674489,N10682|12482|0.369964,0.0131831
N10691|14865|3.674489,N10692|3701|1.468518,0.00617308
N9113|7273|1.274578,N9108|7670|1.052065,0.011633
N9113|7273|1.274578,N9126|4611|0.442235,0.00928403
N9113|7273|1.274578,N9117|15300|3.458374,0.00539011
N9113|7273|1.274578,N9122|8135|1.866096,0.014756
N9113|7273|1.274578,N9116|10730|0.445411,0.00384619
N9113|7273|1.274578,N9110|13207|3.571455,0.00929633
N9113|7273|1.274578,N9109|4667|0.075349,0.0108332
N9113|7273|1.274578,N9134|1592|0.274906,0.00849151
N9113|7273|1.274578,N9115|2253|1.392066,0.00307695
N9113|7273|1.274578,N9124|12640|0.657822,0.0108355
N9113|7273|1.274578,N9114|12028|0.249049,0.0023047
N9113|7273|1.274578,N9123|7269|4.075191,0.0124089
N9113|7273|1.274578,N9145|12677|0.169826,0.0139939
N9113|7273|1.274578,N9133|10512|0.63993,0.00848658
N9113|7273|1.274578,N9159|5400|0.497134,0.0140117
N9113|7273|1.274578,N9112|10385|2.194996,0.00850108
N9625|2885|4.130932,N9627|11871|0.067785,0.00849038
N9625|2885|4.130932,N9632|13351|0.423463,0.0139546
N9865|11954|1.629578,N9863|4557|2.876813,0.0116023
N9865|11954|1.629578,N9871|15174|0.56615,0.0123874
N9865|11954|1.629578,N9884|4212|2.035011,0.0131622
N9865|11954|1.629578,N9881|13561|0.404367,0.01239
N9865|11954|1.629578,N9862|13419|0.677409,0.0131746
N9865|11954|1.629578,N9877|5997|0.206392,0.0092642
N9865|11954|1.629578,N9864|13029|0.48077,0.00771786
N9865|11954|1.629578,N9882|5025|2.017777,0.0139612
N9865|11954|1.629578,N9861|14909|0.467325,0.0123901
N9865|11954|1.629578,N9867|2262|0.771963,0.0123977
N9865|11954|1.629578,N9875|10138|0.143738,0.0108246
N9865|11954|1.629578,N9870|10159|0.43556,0.0131634
N9865|11954|1.629578,N9857|12874|2.319649,0.010039
N9865|11954|1.629578,N9855|6001|0.173178,0.0108195
N9865|11954|1.629578,N9874|11501|0.244614,0.0100442
N9865|11954|1.629578,N9858|7228|0.829383,0.00771306
N9865|11954|1.629578,N9860|3015|1.032278,0.0100495
N9865|11954|1.629578,N9854|5220|2.64087,0.0123907
N10517|2220|8.067696,N10540|3723|0.326189,0.0147576
N10517|2220|8.067696,N10514|5041|4.568944,0.0139901
N10517|2220|8.067696,N10516|8786|3.901846,0.0131834
N10517|2220|8.067696,N10515|9957|1.828626,0.0131748
N10517|2220|8.067696,N10535|12368|0.523269,0.0131942
N11925|11578|1.125675,N11926|11324|1.959285,0.0100406
N10075|10071|1.185983,N10068|11807|1.557756,0.0147707
N10075|10071|1.185983,N10063|11014|3.925773,0.0147802
N10075|10071|1.185983,N10084|5706|2.767464,0.0147635
N10075|10071|1.185983,N10065|8060|1.039306,0.0132084
N10075|10071|1.185983,N10094|7322|3.27339,0.0108388
N10075|10071|1.185983,N10096|4634|3.033585,0.0108389
N10075|10071|1.185983,N10078|2341|1.12871,0.0123963
N10075|10071|1.185983,N10071|1580|0.257818,0.00385431
N10075|10071|1.185983,N10082|5613|2.048412,0.0108316
N10075|10071|1.185983,N10083|10662|0.54533,0.00850241
N10075|10071|1.185983,N10088|8467|3.918434,0.0116259
N10075|10071|1.185983,N10061|3384|0.179959,0.0108486
N10075|10071|1.185983,N10087|7836|0.189476,0.0108465
N10075|10071|1.185983,N10076|15281|0.628564,0.000767362
N10075|10071|1.185983,N10081|3877|1.475931,0.00927575
N10075|10071|1.185983,N10057|13681|0.686815,0.0139807
N12138|2015|1.351504,N12141|15197|0.244514,0.0100835
N12138|2015|1.351504,N12136|2142|2.842008,0.0132035
N12138|2015|1.351504,N12134|8999|1.239384,0.0116327
N12138|2015|1.351504,N12142|11873|0.070284,0.0116488
N12138|2015|1.351504,N12137|7572|4.235254,0.0140321
N12138|2015|1.351504,N12139|3882|0.80361,0.0069554
N12138|2015|1.351504,N12140|2962|4.443683,0.0100701
N11059|12330|0.186916,N11055|15225|1.23643,0.0124017
N11059|12330|0.186916,N11057|4736|2.09321,0.0116182
N11059|12330|0.186916,N11058|3590|1.074073,0.00694619
N12084|12824|0.913132,N12093|6486|0.715147,0.0147398
N12084|12824|0.913132,N12086|13291|1.417129,0.00926629
N12084|12824|0.913132,N12088|1729|0.444098,0.0131781
N12084|12824|0.913132,N12094|8684|0.190719,0.0147398
N7314|4216|0.38864,N7309|7885|2.693545,0.0061644
N7314|4216|0.38864,N7310|5651|1.701646,0.00926568
N7314|4216|0.38864,N7308|10578|0.858453,0.0139562
N7314|4216|0.38864,N7311|9620|3.147471,0.00693325
N7314|4216|0.38864,N7315|11457|0.474614,0.00307173
N7314|4216|0.38864,N7312|7002|1.104188,0.00384144
N7314|4216|0.38864,N7313|7438|3.192167,0.00848023
N11874|8213|2.421832,N11901|12383|0.637445,0.0139953
N11874|8213|2.421832,N11871|11403|1.151245,0.00539029
N11874|8213|2.421832,N11887|8446|0.150078,0.0139662
N11874|8213|2.421832,N11898|12236|0.570303,0.0139954
N11874|8213|2.421832,N11872|13893|0.229403,0.0100447
N11874|8213|2.421832,N11896|7098|0.209161,0.0132181
N11874|8213|2.421832,N11897|9610|0.038403,0.0124248
N11874|8213|2.421832,N11903|5159|0.285236,0.013995
N11874|8213|2.421832,N11863|6226|0.321138,0.0139789
N11874|8213|2.421832,N11867|7533|0.320478,0.014838
N11874|8213|2.421832,N11864|12078|0.107577,0.013218
N11874|8213|2.421832,N11875|14773|3.009597,0.0100852
N11874|8213|2.421832,N11866|9059|0.195271,0.0139949
N7746|4382|3.724869,N7745|13238|0.637536,0.00852536
N9530|1505|2.744602,N9533|4010|0.908495,0.0123804
N9530|1505|2.744602,N9542|13337|0.791992,0.0131515
N12892|13492|0.402984,N12885|10384|0.172792,0.0123904
N12892|13492|0.402984,N12886|6895|0.793394,0.01395
N12892|13492|0.402984,N12882|8554|0.299096,0.0139617
N12892|13492|0.402984,N12881|12202|1.538248,0.00772369
N12892|13492|0.402984,N12879|5607|0.1192,0.00928708
N12892|13492|0.402984,N12893|11684|0.283743,0.00461765
N12892|13492|0.402984,N12894|3928|0.629595,0.00927857
N12892|13492|0.402984,N12891|12862|2.908224,0.00384396
N10165|9426|0.030185,N10159|5347|1.089161,0.0147565
N10165|9426|0.030185,N10169|2065|3.860674,0.00850153
N10165|9426|0.030185,N10148|14970|1.835456,0.0147929
N10165|9426|0.030185,N10168|13332|2.843622,0.00772255
N10165|9426|0.030185,N10163|14555|5.692309,0.0131739
N10165|9426|0.030185,N10150|8448|0.63063,0.0124533
N10165|9426|0.030185,N10140|13774|1.624122,0.0108477
N10165|9426|0.030185,N10145|8073|2.673846,0.0139963
N10165|9426|0.030185,N10153|2144|0.895476,0.0108529
N10165|9426|0.030185,N10167|9324|4.421383,0.00617539
N10165|9426|0.030185,N10146|10997|1.204118,0.0139779
N10165|9426|0.030185,N10147|10051|1.378086,0.0132022
N10165|9426|0.030185,N10149|11080|0.160309,0.011659
N10165|9426|0.030185,N10154|13738|0.207181,0.0108671
N10165|9426|0.030185,N10152|9351|0.056029,0.0132191
N10165|9426|0.030185,N10158|14329|0.227607,0.0132023
N10165|9426|0.030185,N10160|4433|0.171967,0.0132006
N10165|9426|0.030185,N10136|6253|0.845949,0.0124006
N10165|9426|0.030185,N10139|5635|0.470954,0.0108477
N10165|9426|0.030185,N10135|3888|1.954201,0.0131781
N11860|4569|7.556455,N11859|10707|1.084598,0.0131788
N8104|2353|6.763553,N8103|14862|1.202524,0.0147432
N8104|2353|6.763553,N8099|8880|0.361876,0.0123731
N8104|2353|6.763553,N8107|6063|0.03488,0.0116026
N8104|2353|6.763553,N8100|4227|1.318436,0.0147459
N7463|10682|1.316954,N7466|3451|0.070638,0.0131953
N10797|3446|3.115974,N10807|4417|0.540167,0.0139806
N10797|3446|3.115974,N10804|6679|0.385732,0.013238
N10797|3446|3.115974,N10801|4309|1.346652,0.0100871
N10797|3446|3.115974,N10792|4678|0.278792,0.013994
N10797|3446|3.115974,N10799|8691|1.813873,0.00772849
N10797|3446|3.115974,N10806|8085|0.809489,0.0147737
N10797|3446|3.115974,N10794|4196|1.198788,0.010092
N10797|3446|3.115974,N10795|7247|1.411132,0.0108586
N10797|3446|3.115974,N10802|5614|0.119248,0.0124089
N10797|3446|3.115974,N10803|14417|0.009516,0.0108587
N10797|3446|3.115974,N10796|4868|0.355894,0.00617789
N10275|5419|0.563275,N10274|5492|0.296863,0.0053906
N10275|5419|0.563275,N10272|2815|0.999696,0.00694775
N10275|5419|0.563275,N10271|12976|0.245497,0.00694775
N10275|5419|0.563275,N10269|11143|0.494647,0.0116149
N11612|7607|5.393571,N11602|1469|0.068194,0.0124107
N11612|7607|5.393571,N11604|14042|0.61391,0.00694643
N11612|7607|5.393571,N11595|5624|0.527232,0.0116336
N11612|7607|5.393571,N11596|10816|0.692399,0.0116337
N11612|7607|5.393571,N11606|7388|0.162691,0.00617511
N11612|7607|5.393571,N11613|13304|1.663156,0.00850043
N11612|7607|5.393571,N11611|3842|2.309476,0.00694643
N11612|7607|5.393571,N11600|4625|0.576178,0.0124246
N11612|7607|5.393571,N11593|9226|1.599335,0.0131875
N11612|7607|5.393571,N11607|13674|2.220092,0.0085117
N11612|7607|5.393571,N11614|15324|0.132472,0.00851169
N10444|11264|4.117282,N10445|1942|5.275127,0.00694535
N10444|11264|4.117282,N10465|5296|0.714784,0.0139608
N10444|11264|4.117282,N10447|13406|0.157979,0.00461957
N10444|11264|4.117282,N10463|6162|0.183799,0.0123993
N10444|11264|4.117282,N10468|13503|2.975931,0.013961
N10444|11264|4.117282,N10440|6346|0.732477,0.0147498
N10444|11264|4.117282,N10452|9184|0.524044,0.0147705
N10444|11264|4.117282,N10458|6483|1.010701,0.01475
N10444|11264|4.117282,N10459|13491|0.273509,0.0131943
N10445|1942|5.275127,N10465|5296|0.714784,0.011607
N10445|1942|5.275127,N10447|13406|0.157979,0.00230452
N10445|1942|5.275127,N10453|5010|3.198702,0.0139962
N10445|1942|5.275127,N10436|2703|0.383166,0.0131676
N10445|1942|5.275127,N10463|6162|0.183799,0.0100497
N10445|1942|5.275127,N10468|13503|2.975931,0.0116071
N10445|1942|5.275127,N10451|8351|0.152582,0.01319
N10445|1942|5.275127,N10440|6346|0.732477,0.0123903
N10445|1942|5.275127,N10464|13817|1.982144,0.0147569
N10445|1942|5.275127,N10457|8278|1.686393,0.01319
N10445|1942|5.275127,N10452|9184|0.524044,0.0124136
N10445|1942|5.275127,N10458|6483|1.010701,0.0123904
N10445|1942|5.275127,N10459|13491|0.273509,0.0108386
N8618|8039|2.882696,N8619|8016|1.529343,0.0147502
N8618|8039|2.882696,N8622|5565|0.483006,0.0139671
N8618|8039|2.882696,N8617|12262|1.10584,0.012399
N8618|8039|2.882696,N8623|12267|0.077572,0.0131897
N10430|12674|1.281819,N10428|11845|0.863415,0.00928433
N10430|12674|1.281819,N10419|7788|0.960112,0.0116482
N10430|12674|1.281819,N10431|13777|0.107201,0.00385145
N10430|12674|1.281819,N10436|2703|0.383166,0.0132356
N10430|12674|1.281819,N10429|13739|0.934834,0.0100607
N10430|12674|1.281819,N10427|3970|0.156468,0.0108464
N10430|12674|1.281819,N10418|7026|0.951921,0.0147588
N10430|12674|1.281819,N10440|6346|0.732477,0.0124595
N10430|12674|1.281819,N10420|12519|2.497745,0.0132038
N10430|12674|1.281819,N10421|1621|0.185784,0.0108746
N10430|12674|1.281819,N10432|5320|1.445576,0.00772846
N8488|13359|0.502178,N8496|13896|0.030096,0.00538984
N8488|13359|0.502178,N8498|13685|1.847306,0.00771093
N8488|13359|0.502178,N8501|11795|1.301312,0.0147505
N8488|13359|0.502178,N8492|1374|1.103492,0.0061673
N8488|13359|0.502178,N8502|10376|2.276196,0.014744
N8488|13359|0.502178,N8490|9253|0.016372,0.0023047
N12068|5333|1.970972,N12076|12350|0.074,0.0116478
N12068|5333|1.970972,N12078|9343|0.596771,0.0132033
N12068|5333|1.970972,N12064|12188|2.046563,0.0131874
N12068|5333|1.970972,N12063|8845|0.246638,0.0147583
N12068|5333|1.970972,N12051|4854|0.440591,0.0139804
N12068|5333|1.970972,N12069|14335|0.683639,0.0139804
N12068|5333|1.970972,N12054|11742|8.2643,0.0140112
N12068|5333|1.970972,N12074|9368|0.993391,0.0108462
N12068|5333|1.970972,N12050|1425|0.06447,0.0139804
N12068|5333|1.970972,N12067|15033|0.850597,0.0038452
N12068|5333|1.970972,N12062|10982|1.689488,0.0147734
N9711|11353|1.275095,N9737|7406|0.048183,0.0132125
N9711|11353|1.275095,N9718|3089|1.589766,0.00926688
N9711|11353|1.275095,N9724|12926|0.820052,0.0108636
N9711|11353|1.275095,N9734|4999|0.948464,0.0131832
N9711|11353|1.275095,N9729|8174|0.467334,0.0123903
N9711|11353|1.275095,N9747|1844|0.32389,0.0124194
N9711|11353|1.275095,N9716|11708|2.376221,0.0108177
N9711|11353|1.275095,N9726|8488|0.687493,0.0100734
N9711|11353|1.275095,N9744|11153|1.514729,0.0139839
N9711|11353|1.275095,N9731|10819|0.095892,0.0147581
N9711|11353|1.275095,N9722|11084|0.167069,0.0108419
N9711|11353|1.275095,N9748|7503|0.077164,0.0116396
N9711|11353|1.275095,N9742|1593|1.843405,0.0123991
N9711|11353|1.275095,N9736|4880|0.301087,0.0124055
N9711|11353|1.275095,N9728|15310|0.085393,0.0116139
N9711|11353|1.275095,N9713|11770|0.47842,0.00616918
N9711|11353|1.275095,N9717|6100|7.537105,0.0147383
N9711|11353|1.275095,N9727|2654|0.637465,0.0100496
N9711|11353|1.275095,N9723|4534|3.162746,0.0147566
N9711|11353|1.275095,N9733|11666|0.117101,0.0124055
N9711|11353|1.275095,N9740|10865|0.999278,0.0139783
N12290|5948|3.20679,N12291|7411|3.893236,0.00926972
N12471|14150|0.434018,N12466|6767|1.259225,0.00849985
N12471|14150|0.434018,N12551|7510|0.251933,0.0147673
N12471|14150|0.434018,N12498|9476|0.063085,0.0147393
N12471|14150|0.434018,N12475|4624|0.137927,0.00771829
N12471|14150|0.434018,N12459|10633|0.178368,0.0123847
N12471|14150|0.434018,N12508|14807|0.41106,0.0147502
N12471|14150|0.434018,N12465|9663|3.510964,0.00927724
N12471|14150|0.434018,N12462|6718|0.293305,0.0131685
N12471|14150|0.434018,N12473|13030|2.051846,0.00849649
N12471|14150|0.434018,N12472|2949|0.315673,0.0100448
N12471|14150|0.434018,N12518|9895|2.414444,0.0147775
N12471|14150|0.434018,N12519|10480|2.16617,0.0131939
N12471|14150|0.434018,N12550|8083|0.027918,0.0147673
N12471|14150|0.434018,N12554|10454|0.637343,0.0147573
N12471|14150|0.434018,N12497|5875|0.074333,0.0147392
N12471|14150|0.434018,N12517|2545|1.034848,0.0139795
N12471|14150|0.434018,N12476|9967|1.35257,0.0100697
N12471|14150|0.434018,N12461|3483|0.725069,0.0147332
N12007|13895|1.987776,N12009|8663|4.038994,0.00930333
N12007|13895|1.987776,N12010|8885|0.16324,0.00771984
N12007|13895|1.987776,N11971|12636|0.690138,0.0147575
N12007|13895|1.987776,N12008|3071|0.647892,0.0061753
N10020|8489|0.420635,N10026|6382|0.390611,0.00616432
N10020|8489|0.420635,N10045|12472|0.860905,0.01479
N10020|8489|0.420635,N10032|5670|1.922361,0.0124101
N10020|8489|0.420635,N10021|3367|1.749419,0.0023047
N10020|8489|0.420635,N10031|9388|0.138167,0.0124135
N10020|8489|0.420635,N10034|10907|3.50552,0.0147893
N10020|8489|0.420635,N10024|11221|2.732505,0.00539634
N9046|2477|1.51501,N9044|5166|2.117901,0.00850217
N9046|2477|1.51501,N9036|15289|0.836622,0.012398
N9046|2477|1.51501,N9045|13243|0.113371,0.00928272
N9046|2477|1.51501,N9041|13663|0.42431,0.0131834
N9046|2477|1.51501,N9037|3151|0.565871,0.0139727
N9046|2477|1.51501,N9049|10265|3.185581,0.00772842
N9046|2477|1.51501,N9048|5200|0.926094,0.00850102
N11492|10849|0.135973,N11421|5366|0.550411,0.0131749
N11492|10849|0.135973,N11441|13197|0.277409,0.0139726
N11492|10849|0.135973,N11474|6745|0.399884,0.0147345
N11492|10849|0.135973,N11418|2052|0.356991,0.0123965
N11492|10849|0.135973,N11493|6449|0.513576,0.00076762
N11492|10849|0.135973,N11500|9042|1.45825,0.0147749
N11492|10849|0.135973,N11420|5326|2.154032,0.0123966
N11492|10849|0.135973,N11476|7720|0.188723,0.0131748
N11492|10849|0.135973,N11416|9551|0.424175,0.0147723
N11492|10849|0.135973,N11417|2611|2.032126,0.0123876
N10663|10005|4.601064,N10664|11331|0.274135,0.00461751
N12333|14732|0.868916,N12340|14760|0.151369,0.00694061
N12333|14732|0.868916,N12329|5949|0.741991,0.00927811
N12333|14732|0.868916,N12331|7182|2.15702,0.00461617
N12333|14732|0.868916,N12326|10017|0.968429,0.0100606
N12333|14732|0.868916,N12338|2957|0.134938,0.00849633
N12333|14732|0.868916,N12327|2178|4.302167,0.00539651
N12333|14732|0.868916,N12330|6498|0.353492,0.00153498
N12333|14732|0.868916,N12335|5374|3.451776,0.0100836
N12333|14732|0.868916,N12328|14516|2.112601,0.00771978
N12333|14732|0.868916,N12322|6249|0.030627,0.0116227
N12333|14732|0.868916,N12336|6471|2.511308,0.00539337
N12333|14732|0.868916,N12334|12617|5.728524,0.00694785
N12189|10667|2.85628,N12190|2161|1.550777,0.0139936
N12189|10667|2.85628,N12192|4991|1.889422,0.0140084
N12189|10667|2.85628,N12191|8703|2.557036,0.0147894
N12189|10667|2.85628,N12188|2519|1.158587,0.00851159
N9952|15026|0.034028,N9941|6281|4.105851,0.0139473
N9952|15026|0.034028,N9940|14165|0.033801,0.00694098
N9952|15026|0.034028,N9949|5322|0.968888,0.0108237
N9952|15026|0.034028,N9953|4252|2.085547,0.00539014
N9952|15026|0.034028,N9954|14219|0.429237,0.00539841
N9952|15026|0.034028,N9951|10255|1.515199,0.000767618
N9952|15026|0.034028,N9950|9477|6.748303,0.0100574
N9952|15026|0.034028,N9939|3554|0.826545,0.00927736
N9952|15026|0.034028,N9958|1480|0.111606,0.0061611
N9952|15026|0.034028,N9938|9738|2.775301,0.0139694
N9952|15026|0.034028,N9947|2373|1.334517,0.0124135
N9952|15026|0.034028,N9957|8145|4.00704,0.00928611
N9185|12343|0.300888,N9184|10274|3.051105,0.0108463
N9185|12343|0.300888,N9188|5682|1.597781,0.0139938
N9185|12343|0.300888,N9181|12474|1.057967,0.0132168
N9185|12343|0.300888,N9186|9758|3.259599,0.00539009
N9185|12343|0.300888,N9182|12799|2.199459,0.0132035
N9185|12343|0.300888,N9189|7492|1.163304,0.0108742
N10967|4807|0.979844,N10964|9217|0.46378,0.00693318
N10967|4807|0.979844,N10963|4998|3.866212,0.00925914
N10967|4807|0.979844,N10966|12602|4.589616,0.0100444
N10967|4807|0.979844,N10968|11278|2.011255,0.0108201
N10967|4807|0.979844,N10957|7904|0.350226,0.0131713
N12540|12220|1.135966,N12466|6767|1.259225,0.0140096
N12540|12220|1.135966,N12533|7974|0.244196,0.0132321
N12540|12220|1.135966,N12551|7510|0.251933,0.0124246
N12540|12220|1.135966,N12498|9476|0.063085,0.0124034
N12540|12220|1.135966,N12488|12101|1.121635,0.0139943
N12540|12220|1.135966,N12459|10633|0.178368,0.0147873
N12540|12220|1.135966,N12535|11736|0.394495,0.01477
N12540|12220|1.135966,N12541|4819|2.172499,0.011658
N12540|12220|1.135966,N12508|14807|0.41106,0.0139788
N12540|12220|1.135966,N12555|4208|2.598968,0.014744
N12540|12220|1.135966,N12524|7348|0.12227,0.0139788
N12540|12220|1.135966,N12465|9663|3.510964,0.0148315
N12540|12220|1.135966,N12481|5745|0.140218,0.0147578
N12540|12220|1.135966,N12482|15143|0.193936,0.014788
N12540|12220|1.135966,N12527|9237|0.448218,0.0147877
N12540|12220|1.135966,N12504|8693|0.601243,0.0147881
N12540|12220|1.135966,N12519|10480|2.16617,0.0140126
N12540|12220|1.135966,N12550|8083|0.027918,0.0124246
N12540|12220|1.135966,N12554|10454|0.637343,0.01242
N12540|12220|1.135966,N12534|12395|1.442349,0.0140097
N12540|12220|1.135966,N12497|5875|0.074333,0.0124032
N12540|12220|1.135966,N12517|2545|1.034848,0.0147954
N12540|12220|1.135966,N12529|4469|3.56161,0.0147954
N12540|12220|1.135966,N12528|11921|2.139033,0.0140126
N12436|9786|1.23237,N12438|11948|0.666889,0.00462042
N7297|11562|1.948914,N7298|11374|7.756592,0.0123906
N7261|14293|0.135342,N7264|13692|1.377922,0.00848664
N7261|14293|0.135342,N7223|9510|1.199352,0.0139621
N7261|14293|0.135342,N7236|1396|0.084661,0.014746
N7261|14293|0.135342,N7266|8463|3.814487,0.0108356
N7261|14293|0.135342,N7226|10346|3.042557,0.0139943
N7261|14293|0.135342,N7257|6534|4.963021,0.00694113
N7261|14293|0.135342,N7241|9295|0.149992,0.0100531
N7261|14293|0.135342,N7245|13271|0.815363,0.0131752
N7261|14293|0.135342,N7222|10778|0.966694,0.0124257
N7261|14293|0.135342,N7224|9525|1.63289,0.0100703
N7261|14293|0.135342,N7258|10758|0.581307,0.00307486
N7261|14293|0.135342,N7225|10784|0.941838,0.0124091
N7261|14293|0.135342,N7229|4355|2.131715,0.0116332
N7261|14293|0.135342,N7239|8793|0.289335,0.00927042
N7261|14293|0.135342,N7240|14437|5.997434,0.0139531
N7261|14293|0.135342,N7228|2074|1.066336,0.0108588
N7261|14293|0.135342,N7227|3532|0.645177,0.0116332
N7261|14293|0.135342,N7232|14323|1.293716,0.0139648
N7261|14293|0.135342,N7247|8006|0.155368,0.0123997
N7261|14293|0.135342,N7265|2369|4.148335,0.0116111
N7261|14293|0.135342,N7255|4944|0.47656,0.0053868
N7261|14293|0.135342,N7253|12457|4.157358,0.0100444
N7261|14293|0.135342,N7254|6299|0.918044,0.00771854
N7261|14293|0.135342,N7256|2634|6.571065,0.0147351
N7261|14293|0.135342,N7248|6507|2.903563,0.0147398
N7261|14293|0.135342,N7234|5555|2.762448,0.014751
N7261|14293|0.135342,N7246|1982|0.640787,0.0147503
N7261|14293|0.135342,N7262|2821|1.430439,0.00462407
N12270|2895|0.773787,N12283|9182|0.984077,0.0139343
N12270|2895|0.773787,N12267|2697|0.281847,0.0131746
N12270|2895|0.773787,N12280|9299|4.229629,0.0147585
N12270|2895|0.773787,N12269|4943|2.757498,0.00308251
N12270|2895|0.773787,N12285|12189|1.973591,0.0131643
N12270|2895|0.773787,N12279|8457|0.616552,0.0108238
N12270|2895|0.773787,N12276|15364|0.213973,0.00927371
N12270|2895|0.773787,N12275|11037|0.312229,0.0038462
N12270|2895|0.773787,N12281|5227|0.377566,0.0100502
N12270|2895|0.773787,N12271|3995|5.85903,0.00770626
N12270|2895|0.773787,N12266|5430|2.464993,0.0139525
N12270|2895|0.773787,N12274|1564|2.603046,0.00539065
N12270|2895|0.773787,N12268|5064|2.239905,0.00384653
N9293|3035|4.562182,N9294|15120|0.75094,0.00771158
N9293|3035|4.562182,N9296|6067|0.4015,0.0108147
N9292|13064|8.793274,N9294|15120|0.75094,0.0124013
N9587|9860|0.866979,N9595|11314|1.260827,0.0123913
N9587|9860|0.866979,N9590|11555|0.798512,0.0100583
N9587|9860|0.866979,N9588|8306|10.778101,0.0132376
N8047|1764|0.633083,N8058|4001|2.797371,0.0123975
N8047|1764|0.633083,N8057|2864|1.836246,0.00849615
N8047|1764|0.633083,N8051|12609|3.009373,0.00851065
N8047|1764|0.633083,N8063|14653|0.561861,0.0147671
N8047|1764|0.633083,N8060|11687|1.03275,0.0131896
N8047|1764|0.633083,N8056|1751|1.722997,0.0092669
N8047|1764|0.633083,N8050|12356|0.711973,0.00771326
N8047|1764|0.633083,N8055|9040|2.978766,0.0147887
N8047|1764|0.633083,N8071|11875|3.285836,0.0139963
N8047|1764|0.633083,N8070|13705|2.384628,0.0147563
N10884|10107|0.081986,N10883|12909|4.591612,0.00307486
N10884|10107|0.081986,N10847|5161|0.025112,0.0139467
N10884|10107|0.081986,N10880|8273|2.042781,0.00927739
N10884|10107|0.081986,N10882|15185|3.178219,0.0053983
N10884|10107|0.081986,N10865|4434|0.263375,0.0147629
N10884|10107|0.081986,N10892|3803|0.273582,0.0147444
N10884|10107|0.081986,N10846|5004|2.122975,0.0147251
N13055|13868|1.589563,N13064|2313|0.464264,0.009284
N13055|13868|1.589563,N13065|9942|3.28249,0.0147729
N13055|13868|1.589563,N13063|12606|0.037579,0.013195
N13055|13868|1.589563,N13067|12459|0.550295,0.00849123
N13055|13868|1.589563,N13049|2463|0.241606,0.00772818
N13055|13868|1.589563,N13062|8226|0.442183,0.0124095
N13055|13868|1.589563,N13050|8552|0.300629,0.00850398
N13055|13868|1.589563,N13066|11539|2.641891,0.0147579
N13055|13868|1.589563,N13057|8415|0.620575,0.00617466
N13055|13868|1.589563,N13054|12514|5.889927,0.0116474
N13055|13868|1.589563,N13035|2966|0.267509,0.01398
N13055|13868|1.589563,N13044|14894|0.279795,0.0124011
N13055|13868|1.589563,N13058|11167|1.17044,0.0108573
N13055|13868|1.589563,N13052|14348|1.81875,0.0108397
N13055|13868|1.589563,N13053|4954|0.008268,0.0038465
N13055|13868|1.589563,N13046|7586|0.27506,0.0131894
N7960|12615|2.176411,N7955|13044|0.061785,0.0108382
N7960|12615|2.176411,N7962|5303|0.094404,0.0139796
N7960|12615|2.176411,N7954|2296|1.139415,0.010067
N7960|12615|2.176411,N7961|4472|1.770793,0.014763
N7960|12615|2.176411,N7956|5213|0.684995,0.0116216
N12611|11439|0.745556,N12609|11183|0.604497,0.0116215
N12611|11439|0.745556,N12607|6440|2.552327,0.0124052
N12611|11439|0.745556,N12610|8129|0.59334,0.00539391
N12611|11439|0.745556,N12608|14060|1.436867,0.010057
N10907|7030|3.804437,N10910|15046|0.141043,0.0116141
N10907|7030|3.804437,N10905|7665|1.178674,0.00539349
N10907|7030|3.804437,N10906|3654|0.56303,0.00616956
N10907|7030|3.804437,N10908|10652|1.045014,0.011622
N10907|7030|3.804437,N10909|10151|1.042798,0.012398
N10873|3963|3.378037,N10875|5666|2.738127,0.0123962
N10873|3963|3.378037,N10869|5771|0.192808,0.00926648
N10873|3963|3.378037,N10870|9880|3.189062,0.0123975
N10873|3963|3.378037,N10867|13583|0.142304,0.0131747
N10873|3963|3.378037,N10897|1837|0.253174,0.0147578
N10873|3963|3.378037,N10871|10888|0.749198,0.0108265
N10873|3963|3.378037,N10865|4434|0.263375,0.0139614
N11811|4853|4.321244,N11806|8834|2.729095,0.0108472
N11811|4853|4.321244,N11808|11992|1.485664,0.0116224
N11811|4853|4.321244,N11807|3902|2.551213,0.0139622
N11811|4853|4.321244,N11810|3510|0.371168,0.0140136
N11811|4853|4.321244,N11805|9530|2.079066,0.0147751
N9563|10572|0.466155,N9569|14020|1.47538,0.00617514
N9563|10572|0.466155,N9562|3709|4.60292,0.00848243
N9563|10572|0.466155,N9595|11314|1.260827,0.0108121
N9563|10572|0.466155,N9564|8190|1.697426,0.00694537
N9563|10572|0.466155,N9579|13228|0.364303,0.012418
N9563|10572|0.466155,N9568|6979|2.778294,0.00462044
N9563|10572|0.466155,N9582|12847|0.091103,0.0139901
N9563|10572|0.466155,N9560|8544|0.447709,0.00230452
N9563|10572|0.466155,N9565|9084|0.859842,0.00771333
N9563|10572|0.466155,N9566|1874|1.386538,0.00538993
N9563|10572|0.466155,N9583|9172|0.762913,0.0139655
N9563|10572|0.466155,N9580|11726|1.403425,0.0139901
N12379|10332|0.197133,N12380|3134|0.537506,0.00694755
N12379|10332|0.197133,N12384|10488|1.141749,0.0084864
N12379|10332|0.197133,N12393|6350|0.37277,0.0147528
N12379|10332|0.197133,N12382|11040|5.62857,0.0147343
N12379|10332|0.197133,N12383|4272|1.686228,0.00928412
N12379|10332|0.197133,N12396|15125|0.104996,0.0147532
N12379|10332|0.197133,N12554|10454|0.637343,0.0139524
N10529|9667|0.338112,N10537|2793|1.663414,0.0131747
N10529|9667|0.338112,N10540|3723|0.326189,0.00926067
N10529|9667|0.338112,N10539|3755|0.466474,0.0100412
N10529|9667|0.338112,N10532|12282|4.59853,0.0139778
N10529|9667|0.338112,N10536|5868|0.748762,0.0116024
N10529|9667|0.338112,N10541|2290|2.197935,0.0139431
N10529|9667|0.338112,N10535|12368|0.523269,0.00926647
N10529|9667|0.338112,N10531|13747|1.12443,0.00384654
N12962|7111|4.080346,N12964|4724|0.75088,0.0139617
N12962|7111|4.080346,N12963|5986|1.131032,0.00772811
N8067|7759|4.519185,N8057|2864|1.836246,0.014757
N8067|7759|4.519185,N8061|15354|0.193959,0.00853013
N8067|7759|4.519185,N8051|12609|3.009373,0.0131838
N8067|7759|4.519185,N8063|14653|0.561861,0.00538672
N8067|7759|4.519185,N8064|7862|3.785997,0.00848643
N8067|7759|4.519185,N8066|7860|13.7879,0.0147503
N8067|7759|4.519185,N8050|12356|0.711973,0.0123938
N8067|7759|4.519185,N8062|4565|0.295967,0.008501
N8067|7759|4.519185,N8068|9245|1.768072,0.00615819
N7386|8862|0.082069,N7413|6277|0.482095,0.011611
N7386|8862|0.082069,N7422|2608|0.40176,0.0139672
N7386|8862|0.082069,N7420|7626|1.375856,0.0131833
N7386|8862|0.082069,N7414|14847|0.09114,0.0123977
N7386|8862|0.082069,N7382|2530|1.554872,0.0116141
N7386|8862|0.082069,N7384|8193|0.322294,0.00153498
N7386|8862|0.082069,N7385|13875|0.016875,0
N7386|8862|0.082069,N7410|14816|0.502302,0.0116109
N7386|8862|0.082069,N7409|3487|3.653265,0.0131782
N7386|8862|0.082069,N7408|10835|0.386487,0.0123915
N7386|8862|0.082069,N7417|6681|1.424463,0.0124101
N7386|8862|0.082069,N7383|14512|0.16135,0.0100529
N7386|8862|0.082069,N7390|11676|1.495667,0.0131878
N7386|8862|0.082069,N7423|1585|0.671532,0.0139673
N7386|8862|0.082069,N7387|6738|2.555496,0.0147581
N7386|8862|0.082069,N7391|13342|0.340533,0.0147579
N12243|3003|3.261024,N12238|9424|0.466948,0.0131759
N12243|3003|3.261024,N12242|13910|0.780578,0.0108245
N12445|2867|0.371076,N12440|5924|1.208063,0.0139671
N12445|2867|0.371076,N12442|7102|0.817071,0.0100494
N12445|2867|0.371076,N12429|5196|0.40985,0.0100446
N12445|2867|0.371076,N12448|3129|0.946995,0.0108334
N12445|2867|0.371076,N12456|8471|1.772935,0.0108195
N12445|2867|0.371076,N12446|14104|5.533263,0.0147562
N12445|2867|0.371076,N12457|9305|1.04784,0.0131759
N12445|2867|0.371076,N12451|7630|2.06956,0.0131684
N12445|2867|0.371076,N12433|4451|2.477759,0.0131838
N12445|2867|0.371076,N12453|9718|1.313521,0.0100487
N12445|2867|0.371076,N12455|8365|0.335368,0.00926547
N12445|2867|0.371076,N12435|2899|0.967227,0.0131827
N12445|2867|0.371076,N12443|9845|0.533965,0.007713
N12445|2867|0.371076,N12431|9022|3.267187,0.0139584
N12445|2867|0.371076,N12444|4137|0.107218,0.00539384
N12445|2867|0.371076,N12454|9739|0.606509,0.00926058
N12445|2867|0.371076,N12428|3118|1.22185,0.0108359
N12445|2867|0.371076,N12432|11765|4.38801,0.0139779
N12445|2867|0.371076,N12447|13631|1.752321,0.00770867
N12445|2867|0.371076,N12441|15258|0.530176,0.0100411
N12445|2867|0.371076,N12430|11924|0.617032,0.0108278
N7767|3957|5.445889,N7765|12456|1.235139,0.0148313
N7767|3957|5.445889,N7766|5030|1.575089,0.0132555
N7767|3957|5.445889,N7763|9827|0.177423,0.014032
N7767|3957|5.445889,N7761|15153|1.102326,0.0148314
N9705|13432|0.953512,N9704|14135|2.371593,0.00538829
N9705|13432|0.953512,N9695|2691|2.793792,0.0148086
N9705|13432|0.953512,N9694|9636|0.433339,0.0124089
N9705|13432|0.953512,N9700|6604|0.797607,0.0077397
N9705|13432|0.953512,N9701|8709|1.632406,0.00384654
N9705|13432|0.953512,N9702|13366|2.515764,0.00384654
N9705|13432|0.953512,N9703|6717|0.552307,0.00153498
N9705|13432|0.953512,N9699|7120|1.582618,0.00461968
N9705|13432|0.953512,N9696|14498|5.512639,0.0147735
N9704|14135|2.371593,N9694|9636|0.433339,0.0147428
N9704|14135|2.371593,N9700|6604|0.797607,0.0100583
N9704|14135|2.371593,N9701|8709|1.632406,0.0061611
N9704|14135|2.371593,N9702|13366|2.515764,0.0061611
N9704|14135|2.371593,N9703|6717|0.552307,0.00384335
N9704|14135|2.371593,N9699|7120|1.582618,0.00693378
N7211|15134|1.061161,N7219|11468|0.060354,0.0100414
N7211|15134|1.061161,N7208|6016|1.626661,0.0123796
N7211|15134|1.061161,N7202|9897|0.682279,0.0139536
N7211|15134|1.061161,N7203|6151|0.533891,0.0123795
N7211|15134|1.061161,N7218|5990|0.165218,0.0131652
N7211|15134|1.061161,N7216|13402|0.665164,0.0100392
N7211|15134|1.061161,N7214|10284|0.664972,0.0147351
N7211|15134|1.061161,N7201|9260|0.113269,0.0139536
N7211|15134|1.061161,N7209|3424|0.568831,0.00771324
N7211|15134|1.061161,N7213|9538|0.153531,0.00771169
N8434|5210|1.5043,N8439|7494|4.63482,0.0116257
N8434|5210|1.5043,N8428|12400|1.45475,0.0131834
N8434|5210|1.5043,N8427|2620|2.793239,0.0147499
N8434|5210|1.5043,N8433|11853|0.993182,0.012398
N8434|5210|1.5043,N8423|4571|0.442459,0.0147501
N8434|5210|1.5043,N8425|12091|4.347088,0.0131944
N8434|5210|1.5043,N8435|13784|0.320534,0.0061673
N8434|5210|1.5043,N8424|9554|1.692868,0.0123996
N8434|5210|1.5043,N8437|5638|5.009864,0.0116144
N7993|13805|1.878408,N7995|8990|0.237236,0.00771328
N7993|13805|1.878408,N7985|11817|0.231441,0.0131827
N7993|13805|1.878408,N7994|6866|0.804501,0.00926978
N10248|9216|1.487004,N10245|9533|2.427582,0.0147445
N10248|9216|1.487004,N10250|6209|2.04075,0.00849045
N10248|9216|1.487004,N10246|9286|1.006998,0.0023033
N10248|9216|1.487004,N10251|4593|1.663771,0.0132036
N10248|9216|1.487004,N10253|13358|0.566741,0.0108464
N8457|5416|1.439677,N8456|9814|0.522372,0.00694677
N8457|5416|1.439677,N8455|15058|2.709482,0.0108315
N8457|5416|1.439677,N8462|1940|0.260636,0.00539067
N8457|5416|1.439677,N8451|1803|4.723301,0.00928399
N8457|5416|1.439677,N8460|14148|1.728008,0.00384234
N8457|5416|1.439677,N8459|13625|6.312552,0.00771335
N8457|5416|1.439677,N8452|11623|1.6017,0.00693898
N8457|5416|1.439677,N8453|3056|0.990996,0.0100413
N8457|5416|1.439677,N8461|4708|0.70719,0.00230291
N12076|12350|0.074,N12053|7243|0.075714,0.014032
N12076|12350|0.074,N12060|10946|0.282027,0.0139853
N12076|12350|0.074,N12073|3385|3.152045,0.0124234
N12076|12350|0.074,N12078|9343|0.596771,0.00617482
N12076|12350|0.074,N12064|12188|2.046563,0.0116295
N12076|12350|0.074,N12052|1462|0.742898,0.0148312
N12076|12350|0.074,N12063|8845|0.246638,0.0124098
N12076|12350|0.074,N12051|4854|0.440591,0.0116341
N12076|12350|0.074,N12069|14335|0.683639,0.0116341
N12076|12350|0.074,N12054|11742|8.2643,0.0116648
N12076|12350|0.074,N12074|9368|0.993391,0.00230451
N12076|12350|0.074,N12050|1425|0.06447,0.0116341
N12076|12350|0.074,N12080|11680|3.058156,0.0131746
N12076|12350|0.074,N12067|15033|0.850597,0.0108583
N12076|12350|0.074,N12062|10982|1.689488,0.0124243
N12076|12350|0.074,N12049|6519|2.771871,0.0140114
N7838|7129|0.242089,N7836|13458|6.078908,0.00307336
N7838|7129|0.242089,N7815|11573|0.022539,0.0139633
N7838|7129|0.242089,N7829|7474|0.01916,0.014771
N7838|7129|0.242089,N7835|11534|2.273651,0.0100579
N7838|7129|0.242089,N7845|3449|1.066443,0.0147311
N7838|7129|0.242089,N7839|11309|7.30164,0.00849982
N7838|7129|0.242089,N7814|5279|0.380088,0.0147556
N7838|7129|0.242089,N7834|13992|3.359426,0.013965
N7836|13458|6.078908,N7835|11534|2.273651,0.0131868
N7836|13458|6.078908,N7839|11309|7.30164,0.0116201
N9251|6805|1.2713,N9252|10390|1.674579,0.00461397
N9251|6805|1.2713,N9243|7261|0.499571,0.0123914
N9251|6805|1.2713,N9242|4108|3.081762,0.011611
N9251|6805|1.2713,N9248|4375|1.148923,0.0131677
N9251|6805|1.2713,N9239|14615|0.547723,0.0139466
N9251|6805|1.2713,N9249|15216|6.116879,0.00771931
N9251|6805|1.2713,N9241|8223|0.166378,0.0108332
N9251|6805|1.2713,N9250|11217|1.363665,0.0038462
N12843|3051|0.17565,N12859|14780|1.39741,0.0147575
N12843|3051|0.17565,N12845|1775|2.060836,0.0147868
N12843|3051|0.17565,N12858|10261|0.161876,0.0131838
N12843|3051|0.17565,N12855|12932|0.121879,0.011615
N12843|3051|0.17565,N12854|10321|0.961383,0.0147396
N12843|3051|0.17565,N12847|11170|0.171541,0.01239
N12251|2317|0.474267,N12238|9424|0.466948,0.00927706
N12251|2317|0.474267,N12242|13910|0.780578,0.0116213
N12251|2317|0.474267,N12253|11064|0.662412,0.0132164
N12251|2317|0.474267,N12245|9635|0.192131,0.00927704
N12251|2317|0.474267,N12249|10050|0.470262,0.00461509
N12251|2317|0.474267,N12247|3801|2.795937,0.0124067
N12251|2317|0.474267,N12255|8455|5.011073,0.0123962
N12251|2317|0.474267,N12240|14756|0.109242,0.011625
N12251|2317|0.474267,N12250|7818|1.862516,0.00153688
N12251|2317|0.474267,N12244|14164|0.633352,0.0100603
N12251|2317|0.474267,N12256|5110|1.787743,0.0139688
N12380|3134|0.537506,N12384|10488|1.141749,0.00927352
N12380|3134|0.537506,N12383|4272|1.686228,0.0100839
N12380|3134|0.537506,N12554|10454|0.637343,0.0147559
N7736|15145|2.560498,N7742|8643|0.600804,0.0131781
N7736|15145|2.560498,N7741|11769|2.285557,0.0139939
N7736|15145|2.560498,N7739|13418|0.005701,0.00849034
N7736|15145|2.560498,N7743|9731|0.299603,0.0116215
N7413|6277|0.482095,N7422|2608|0.40176,0.0132163
N7413|6277|0.482095,N7420|7626|1.375856,0.0132035
N7413|6277|0.482095,N7414|14847|0.09114,0.00230858
N7413|6277|0.482095,N7382|2530|1.554872,0.013978
N7413|6277|0.482095,N7384|8193|0.322294,0.0131782
N7413|6277|0.482095,N7385|13875|0.016875,0.011611
N7413|6277|0.482095,N7410|14816|0.502302,0.00153688
N7413|6277|0.482095,N7409|3487|3.653265,0.00307621
N7413|6277|0.482095,N7408|10835|0.386487,0.00230451
N7413|6277|0.482095,N7417|6681|1.424463,0.0124613
N7413|6277|0.482095,N7383|14512|0.16135,0.0123977
N7413|6277|0.482095,N7423|1585|0.671532,0.0132165
N10357|9976|4.925285,N10358|5973|0.042606,0.00462796
N10357|9976|4.925285,N10356|6441|3.090701,0.00616722
N10357|9976|4.925285,N10354|6560|1.686909,0.0131839
N10357|9976|4.925285,N10350|11191|0.820068,0.0131744
N10357|9976|4.925285,N10359|3528|0.718846,0.0123901
N10357|9976|4.925285,N10362|6018|3.823563,0.0147557
N10357|9976|4.925285,N10361|6407|0.442998,0.0131863
N12194|11228|2.009935,N12200|7838|0.777042,0.00616944
N12194|11228|2.009935,N12193|14228|0.485161,0.00771958
N12194|11228|2.009935,N12183|15376|0.316416,0.0147569
N12194|11228|2.009935,N12197|7618|0.527773,0.00461945
N12194|11228|2.009935,N12196|5208|2.339095,0.00849258
N12194|11228|2.009935,N12195|11376|0.590085,0.00461944
N8693|12386|0.003939,N8692|15383|7.223,0.0108196
N8693|12386|0.003939,N8695|2101|0.980552,0.011608
N8693|12386|0.003939,N8703|4685|2.065772,0.00694621
N8693|12386|0.003939,N8694|13056|7.607549,0.0147457
N8693|12386|0.003939,N8696|4169|4.005003,0.0147348
N8693|12386|0.003939,N8688|4850|0.262757,0.0139456
N8693|12386|0.003939,N8679|11931|0.669346,0.0147399
N8693|12386|0.003939,N8701|8740|2.271598,0.00849277
N8693|12386|0.003939,N8702|15050|2.692224,0.00849152
N8693|12386|0.003939,N8686|3829|3.228244,0.0123908
N8693|12386|0.003939,N8687|12321|2.324755,0.0139408
N8693|12386|0.003939,N8697|5329|0.327644,0.00849034
N8693|12386|0.003939,N8698|3792|1.008455,0.00926978
N8301|14038|0.096048,N8276|7340|0.140385,0.0147396
N8301|14038|0.096048,N8304|3978|1.603384,0.00153435
N10485|7680|2.958462,N10489|14557|1.2079,0.00384235
N10485|7680|2.958462,N10493|3189|0.684653,0.0116345
N10485|7680|2.958462,N10491|10314|2.891016,0.01007
N10485|7680|2.958462,N10482|5922|0.535341,0.00693927
N10485|7680|2.958462,N10486|7408|2.057458,0.00616973
N10485|7680|2.958462,N10483|12438|7.061558,0.010878
N10485|7680|2.958462,N10487|12981|0.426877,0.00307697
N11901|12383|0.637445,N11871|11403|1.151245,0.0100851
N11901|12383|0.637445,N11868|14230|1.45543,0.012442
N11901|12383|0.637445,N11887|8446|0.150078,0.0139643
N11901|12383|0.637445,N11898|12236|0.570303,0.0124109
N11901|12383|0.637445,N11872|13893|0.229403,0.0132018
N11901|12383|0.637445,N11862|13421|2.727201,0.0132659
N11901|12383|0.637445,N11896|7098|0.209161,0.011635
N11901|12383|0.637445,N11897|9610|0.038403,0.0108469
N11901|12383|0.637445,N11859|10707|1.084598,0.0100508
N11901|12383|0.637445,N11903|5159|0.285236,0.00461982
N11901|12383|0.637445,N11895|2053|3.159721,0.0147903
N11901|12383|0.637445,N11891|11355|0.511365,0.0123795
N11901|12383|0.637445,N11863|6226|0.321138,0.0123983
N11901|12383|0.637445,N11845|7795|0.316845,0.0147512
N11901|12383|0.637445,N11867|7533|0.320478,0.0116492
N11901|12383|0.637445,N11864|12078|0.107577,0.011635
N11901|12383|0.637445,N11861|11381|2.689023,0.0147512
N11901|12383|0.637445,N11869|10918|2.620545,0.0139952
N11901|12383|0.637445,N11866|9059|0.195271,0.012414
N11901|12383|0.637445,N11865|9837|0.950679,0.0147904
N8612|4816|1.555392,N8609|14094|1.142652,0.0147455
N8612|4816|1.555392,N8582|11892|0.085459,0.0147345
N8612|4816|1.555392,N8622|5565|0.483006,0.0131781
N8612|4816|1.555392,N8613|14565|1.836866,0.00539063
N8612|4816|1.555392,N8616|13094|2.043361,0.0139542
N8612|4816|1.555392,N8617|12262|1.10584,0.0147576
N8612|4816|1.555392,N8623|12267|0.077572,0.0124013
N12466|6767|1.259225,N12533|7974|0.244196,0.0116295
N12466|6767|1.259225,N12597|12730|0.443169,0.0147474
N12466|6767|1.259225,N12551|7510|0.251933,0.0108383
N12466|6767|1.259225,N12584|7383|0.524904,0.0147497
N12466|6767|1.259225,N12566|9121|0.08259,0.013994
N12466|6767|1.259225,N12498|9476|0.063085,0.0108202
N12466|6767|1.259225,N12488|12101|1.121635,0.0123991
N12466|6767|1.259225,N12475|4624|0.137927,0.00695928
N12466|6767|1.259225,N12459|10633|0.178368,0.010039
N12466|6767|1.259225,N12564|8090|2.029125,0.0139613
N12466|6767|1.259225,N12507|9063|0.371893,0.0139611
N12466|6767|1.259225,N12563|8865|1.422802,0.0139605
N12466|6767|1.259225,N12535|11736|0.394495,0.0131837
N12466|6767|1.259225,N12541|4819|2.172499,0.0147876
N12466|6767|1.259225,N12508|14807|0.41106,0.0108263
N12466|6767|1.259225,N12555|4208|2.598968,0.0131609
N12466|6767|1.259225,N12524|7348|0.12227,0.0116068
N12466|6767|1.259225,N12531|6368|0.808906,0.0139797
N12466|6767|1.259225,N12465|9663|3.510964,0.00539058
N12466|6767|1.259225,N12462|6718|0.293305,0.0108238
N12466|6767|1.259225,N12522|10383|1.195617,0.0147573
N12466|6767|1.259225,N12473|13030|2.051846,0.00771972
N12466|6767|1.259225,N12472|2949|0.315673,0.00926643
N12466|6767|1.259225,N12460|14159|2.404334,0.0139556
N12466|6767|1.259225,N12481|5745|0.140218,0.0147502
N12466|6767|1.259225,N12553|5590|1.684612,0.0139612
N12466|6767|1.259225,N12482|15143|0.193936,0.013183
N12466|6767|1.259225,N12527|9237|0.448218,0.0131808
N12466|6767|1.259225,N12518|9895|2.414444,0.0108507
N12466|6767|1.259225,N12504|8693|0.601243,0.0131831
N12466|6767|1.259225,N12519|10480|2.16617,0.00927841
N12466|6767|1.259225,N12550|8083|0.027918,0.0108383
N12466|6767|1.259225,N12588|14367|1.187912,0.0139692
N12466|6767|1.259225,N12492|6139|1.973109,0.0139523
N12466|6767|1.259225,N12554|10454|0.637343,0.0108321
N12466|6767|1.259225,N12500|10430|1.273377,0.0139543
N12466|6767|1.259225,N12534|12395|1.442349,0.0124058
N12466|6767|1.259225,N12569|10700|0.180908,0.0147623
N12466|6767|1.259225,N12497|5875|0.074333,0.0108202
N12466|6767|1.259225,N12513|6383|0.180784,0.0147672
N12466|6767|1.259225,N12480|6588|1.156968,0.0147396
N12466|6767|1.259225,N12517|2545|1.034848,0.0100572
N12466|6767|1.259225,N12529|4469|3.56161,0.0131939
N12466|6767|1.259225,N12528|11921|2.139033,0.0139942
N12466|6767|1.259225,N12476|9967|1.35257,0.00931279
N12466|6767|1.259225,N12461|3483|0.725069,0.0123777
N7377|3270|4.448591,N7381|3194|1.270612,0.00539177
N7377|3270|4.448591,N7378|10433|2.213428,0.00772712
N7377|3270|4.448591,N7383|14512|0.16135,0.0124419
N7377|3270|4.448591,N7375|12172|2.42398,0.0140348
N7377|3270|4.448591,N7380|1923|4.353238,0.00695931
N8213|3840|0.621532,N8221|3361|2.135757,0.00539632
N8213|3840|0.621532,N8187|2376|1.130316,0.0124031
N8213|3840|0.621532,N8222|13876|2.129401,0.00307297
N8213|3840|0.621532,N8173|12513|1.810112,0.0108178
N8213|3840|0.621532,N8176|6430|0.414331,0.011607
N8213|3840|0.621532,N8172|14128|2.184422,0.0147332
N8213|3840|0.621532,N8214|11238|0.781893,0.0038501
N8213|3840|0.621532,N8188|1643|3.838888,0.0100503
N8213|3840|0.621532,N8186|2195|0.728828,0.0116142
N8213|3840|0.621532,N8194|3761|1.134226,0.0131747
N8213|3840|0.621532,N8219|11882|3.212392,0.00384619
N8213|3840|0.621532,N8220|1458|2.639699,0.0061778
N8213|3840|0.621532,N8180|1655|1.115515,0.0147315
N8213|3840|0.621532,N8189|11388|1.488916,0.0108148
N8213|3840|0.621532,N8205|11108|3.60963,0.013967
N8213|3840|0.621532,N8204|8732|5.697496,0.0139465
N8213|3840|0.621532,N8215|12614|5.146834,0.0100528
N8213|3840|0.621532,N8179|5845|2.87042,0.0139641
N8213|3840|0.621532,N8218|2594|6.151138,0.0139395
N8213|3840|0.621532,N8217|2681|1.841336,0.00854493
N8213|3840|0.621532,N8230|11367|1.090861,0.0147428
N8213|3840|0.621532,N8200|14143|0.460304,0.0115967
N8213|3840|0.621532,N8206|5109|0.82291,0.0124088
N8213|3840|0.621532,N8216|1836|1.989144,0.00928395
N8213|3840|0.621532,N8203|11050|0.018259,0.0100442
N10689|2421|0.07598,N10681|7674|1.179429,0.0131923
N10689|2421|0.07598,N10685|8923|2.300742,0.0108323
N10689|2421|0.07598,N10688|7798|1.722135,0.0123978
N10689|2421|0.07598,N10687|6769|3.199566,0.0124057
N10689|2421|0.07598,N10684|4795|2.285325,0.0123978
N10689|2421|0.07598,N10682|12482|0.369964,0.0108313
N10689|2421|0.07598,N10692|3701|1.468518,0.00538987
N10689|2421|0.07598,N10698|12792|3.053573,0.0139726
N11709|8765|2.407597,N11693|10108|1.755544,0.0147941
N11709|8765|2.407597,N11690|6644|0.131364,0.0131751
N11709|8765|2.407597,N11692|14817|1.040448,0.0132031
N11709|8765|2.407597,N11708|12521|1.374714,0.00771167
N11709|8765|2.407597,N11661|1883|0.916116,0.0116336
N11709|8765|2.407597,N11702|14744|0.617456,0.012426
N11709|8765|2.407597,N11707|13696|2.522154,0.0108336
N11709|8765|2.407597,N11699|8260|0.716946,0.0139563
N11709|8765|2.407597,N11696|6974|3.630097,0.0131751
N11709|8765|2.407597,N11705|2251|3.628118,0.0108335
N11709|8765|2.407597,N11704|4938|0.136408,0.0123837
N11709|8765|2.407597,N11681|13181|1.679551,0.0147757
N11709|8765|2.407597,N11714|12412|4.098774,0.0116221
N11709|8765|2.407597,N11711|5342|0.529197,0.0100444
N8832|12351|1.846732,N8833|5470|0.043663,0.00849662
N8832|12351|1.846732,N8831|8019|0.03978,0.013953
N10875|5666|2.738127,N10877|11551|9.567802,0.0100449
N10875|5666|2.738127,N10876|12437|9.771829,0.0100443
N10875|5666|2.738127,N10869|5771|0.192808,0.0108448
N10875|5666|2.738127,N10870|9880|3.189062,0.0139933
N10875|5666|2.738127,N10867|13583|0.142304,0.0116089
N10875|5666|2.738127,N10897|1837|0.253174,0.0131839
N10875|5666|2.738127,N10862|5217|0.345634,0.0147698
N10875|5666|2.738127,N10866|8307|0.180251,0.0147398
N10875|5666|2.738127,N10871|10888|0.749198,0.0124087
N10875|5666|2.738127,N10863|11717|0.110071,0.0139654
N10875|5666|2.738127,N10865|4434|0.263375,0.0123914
N10877|11551|9.567802,N10876|12437|9.771829,0.00153499
N11181|11272|5.028318,N11182|8257|0.643248,0.0116296
N11181|11272|5.028318,N11185|3623|0.186886,0.0139905
N11181|11272|5.028318,N11180|1876|0.387964,0.014757
N7926|3565|0.739302,N7924|2809|0.852026,0.00926427
N11107|9460|1.262088,N11110|9712|0.454843,0.00384235
N11107|9460|1.262088,N11099|12352|0.059695,0.0116011
N11107|9460|1.262088,N11098|10954|0.661148,0.0131559
N11107|9460|1.262088,N11111|9019|1.047778,0.0116072
N11107|9460|1.262088,N11102|10199|0.727087,0.0123947
N11107|9460|1.262088,N11143|8334|1.175301,0.0147317
N11107|9460|1.262088,N11123|11876|0.935761,0.0147723
N11107|9460|1.262088,N11109|4048|0.697151,0.00153436
N11107|9460|1.262088,N11113|10029|0.854518,0.0108263
N11107|9460|1.262088,N11106|12769|0.259315,0.014751
N11107|9460|1.262088,N11118|3441|0.266943,0.0116011
N11107|9460|1.262088,N11119|6343|0.137069,0.013168
N11107|9460|1.262088,N11101|7070|0.946171,0.0147318
N11107|9460|1.262088,N11108|5884|0.77288,0.00153436
N11107|9460|1.262088,N11097|12564|1.398948,0.0108205
N12933|10167|0.206041,N12816|3814|0.423491,0.013941
N12933|10167|0.206041,N12943|9729|5.198233,0.0108397
N12933|10167|0.206041,N12940|4613|2.371288,0.00616722
N12933|10167|0.206041,N12936|9408|1.751777,0.0108443
N12933|10167|0.206041,N12942|5153|0.602411,0.00771726
N12933|10167|0.206041,N12941|9337|0.554667,0.00538672
N12933|10167|0.206041,N12935|8245|0.75658,0.00695621
N12933|10167|0.206041,N12938|6210|0.131432,0.00772362
N12933|10167|0.206041,N12944|4268|0.462966,0.00850196
N12933|10167|0.206041,N12937|9390|3.710691,0.010833
N12933|10167|0.206041,N12668|15202|0.179902,0.0147223
N12933|10167|0.206041,N12735|13411|1.300204,0.0147311
N10322|14137|1.531451,N10292|13316|0.436738,0.0147441
N10322|14137|1.531451,N10323|6376|0.815691,0.0147423
N10322|14137|1.531451,N10301|14140|0.237663,0.0100486
N10322|14137|1.531451,N10309|9762|0.882892,0.0116081
N10322|14137|1.531451,N10306|5814|2.442278,0.0131999
N10322|14137|1.531451,N10308|7071|0.582151,0.00849134
N10322|14137|1.531451,N10307|14002|0.117948,0.00928368
N10322|14137|1.531451,N10313|9230|1.208993,0.0115999
N10322|14137|1.531451,N10316|9769|0.632086,0.0100442
N10322|14137|1.531451,N10314|1679|0.052918,0.010058
N10322|14137|1.531451,N10317|11010|1.250049,0.0123977
N10322|14137|1.531451,N10320|2151|2.016699,0.00849264
N10322|14137|1.531451,N10299|10444|2.378877,0.013157
N10322|14137|1.531451,N10315|6133|1.421078,0.00926972
N8609|14094|1.142652,N8608|12810|9.430859,0.0147576
N8609|14094|1.142652,N8588|12447|1.070126,0.0147908
N8609|14094|1.142652,N8582|11892|0.085459,0.00616729
N8609|14094|1.142652,N8601|11429|2.258708,0.0108353
N8609|14094|1.142652,N8611|5692|2.305303,0.00539843
N8609|14094|1.142652,N8571|8832|0.01461,0.0116217
N8609|14094|1.142652,N8591|4533|1.628251,0.0116151
N8609|14094|1.142652,N8572|8563|2.244043,0.0139712
N8609|14094|1.142652,N8583|8725|2.629299,0.0147562
N8609|14094|1.142652,N8596|10492|1.664659,0.0123902
N8609|14094|1.142652,N8599|13315|1.800522,0.0123976
N8609|14094|1.142652,N8578|15099|0.090513,0.0092701
N8609|14094|1.142652,N8610|13391|2.668862,0.00384301
N8609|14094|1.142652,N8564|4408|0.742398,0.0100607
N8609|14094|1.142652,N8592|5055|2.510444,0.0131832
N8609|14094|1.142652,N8602|9185|4.229929,0.0147504
N8609|14094|1.142652,N8586|2351|0.429267,0.0100573
N8609|14094|1.142652,N8593|14066|6.884081,0.0116081
N8609|14094|1.142652,N8594|10280|0.478187,0.0108313
N8609|14094|1.142652,N8622|5565|0.483006,0.0139779
N8609|14094|1.142652,N8603|14859|1.315696,0.00771328
N8609|14094|1.142652,N8607|10838|3.726662,0.00851071
N8609|14094|1.142652,N8606|11109|4.121354,0.011604
N8609|14094|1.142652,N8623|12267|0.077572,0.0132007
N8609|14094|1.142652,N8581|6371|0.050036,0.00929621
N8609|14094|1.142652,N8573|5847|3.806004,0.0131829
N8609|14094|1.142652,N8574|1551|0.966694,0.00927536
N8609|14094|1.142652,N8600|9314|0.056536,0.00771327
N10346|12740|0.693517,N10347|2621|0.003632,0.00694075
N10346|12740|0.693517,N10343|1415|0.365954,0.0108422
N10346|12740|0.693517,N10344|12856|0.158929,0.0100634
N7724|5018|2.132801,N7726|9736|0.783632,0.00539062
N7724|5018|2.132801,N7719|3155|0.90712,0.0131897
N8989|13200|5.817664,N8987|7595|0.730486,0.00770636
N8989|13200|5.817664,N8986|6334|0.501322,0.00848483
N8989|13200|5.817664,N8982|12416|0.081628,0.0139432
N8989|13200|5.817664,N8990|2078|0.796041,0.0131648
N7783|3468|0.059187,N7754|13241|0.630826,0.0147561
N7783|3468|0.059187,N7793|1531|4.589582,0.0131746
N7783|3468|0.059187,N7782|5036|1.32555,0.00694092
N7783|3468|0.059187,N7750|11450|2.280366,0.0139779
N7783|3468|0.059187,N7785|2154|0.041507,0.00384391
N7783|3468|0.059187,N7792|9946|0.224628,0.00926649
N7783|3468|0.059187,N7777|12890|0.95141,0.00461393
N7783|3468|0.059187,N7794|1492|0.202883,0.00926417
N7783|3468|0.059187,N7789|7892|0.064587,0.0061582
N7783|3468|0.059187,N7780|11268|5.5285,0.0131961
N7783|3468|0.059187,N7779|11337|5.795378,0.0123938
N7783|3468|0.059187,N7795|5061|2.843486,0.0100418
N7783|3468|0.059187,N7781|2797|2.301592,0.00307172
N7783|3468|0.059187,N7778|3705|0.300916,0.00461948
N10537|2793|1.663414,N10540|3723|0.326189,0.00385011
N10537|2793|1.663414,N10522|5802|1.060222,0.0123978
N10537|2793|1.663414,N10533|14026|3.551078,0.0132004
N10537|2793|1.663414,N10539|3755|0.466474,0.00462621
N10537|2793|1.663414,N10532|12282|4.59853,0.010084
N10537|2793|1.663414,N10536|5868|0.748762,0.0077183
N10537|2793|1.663414,N10542|1999|4.01676,0.0131866
N10537|2793|1.663414,N10541|2290|2.197935,0.0100483
N10537|2793|1.663414,N10535|12368|0.523269,0.00539628
N10537|2793|1.663414,N10531|13747|1.12443,0.0123873
N9380|13987|0.013952,N9386|13312|1.083904,0.00695627
N9380|13987|0.013952,N9402|14702|1.463795,0.0139724
N9380|13987|0.013952,N9418|11659|0.082455,0.0139795
N9380|13987|0.013952,N9423|6527|0.148587,0.0147701
N9380|13987|0.013952,N9398|2413|1.127416,0.0139724
N9380|13987|0.013952,N9416|3982|2.127591,0.0147675
N9380|13987|0.013952,N9393|2307|0.682241,0.0116255
N9380|13987|0.013952,N9359|13859|0.138749,0.00927437
N9380|13987|0.013952,N9360|6545|2.045792,0.0147474
N9380|13987|0.013952,N9429|6293|0.044463,0.0131953
N9380|13987|0.013952,N9368|5528|1.847757,0.0116109
N9380|13987|0.013952,N9385|1958|3.873197,0.00540457
N9380|13987|0.013952,N9259|8520|0.048263,0.0131761
N9380|13987|0.013952,N9390|2933|0.66356,0.0100357
N9380|13987|0.013952,N9256|2757|2.040753,0.013961
N9380|13987|0.013952,N9257|6339|0.058928,0.0123939
N9380|13987|0.013952,N9387|6126|5.358804,0.0124134
N9380|13987|0.013952,N9255|14771|0.350205,0.0123939
N9380|13987|0.013952,N9382|3614|0.131365,0.00230451
N9380|13987|0.013952,N9381|3359|1.575732,0.00462803
N9380|13987|0.013952,N9370|6191|0.044663,0.0108354
N9380|13987|0.013952,N9411|12961|0.776325,0.0131899
N9380|13987|0.013952,N9372|7984|0.880108,0.0147314
N9380|13987|0.013952,N9374|14933|0.113524,0.0147539
N9380|13987|0.013952,N9367|13918|2.215421,0.0139559
N9380|13987|0.013952,N9417|14062|0.337818,0.0139795
N9380|13987|0.013952,N9388|7990|6.867605,0.0108196
N9380|13987|0.013952,N9358|15303|1.043357,0.0100514
N9380|13987|0.013952,N9361|6873|1.129772,0.013183
N9380|13987|0.013952,N9404|11969|0.138192,0.0139526
N9380|13987|0.013952,N9363|2727|3.279489,0.0123874
N12238|9424|0.466948,N12242|13910|0.780578,0.00385395
N12238|9424|0.466948,N12253|11064|0.662412,0.0116252
N12238|9424|0.466948,N12245|9635|0.192131,0.00616901
N12238|9424|0.466948,N12249|10050|0.470262,0.0108245
N12238|9424|0.466948,N12247|3801|2.795937,0.0092829
N12238|9424|0.466948,N12254|7275|2.19655,0.0147773
N12238|9424|0.466948,N12255|8455|5.011073,0.0108245
N12238|9424|0.466948,N12240|14756|0.109242,0.00230449
N12238|9424|0.466948,N12250|7818|1.862516,0.00771716
N12238|9424|0.466948,N12244|14164|0.633352,0.00694509
N12238|9424|0.466948,N12256|5110|1.787743,0.0124192
N12850|7151|0.053308,N12859|14780|1.39741,0.00927545
N12850|7151|0.053308,N12857|10799|0.693869,0.0100609
N12850|7151|0.053308,N12858|10261|0.161876,0.00771791
N12850|7151|0.053308,N12851|11893|0.472655,0.00153436
N12850|7151|0.053308,N12855|12932|0.121879,0.0061653
N12850|7151|0.053308,N12860|14526|0.857363,0.0108362
N12850|7151|0.053308,N12854|10321|0.961383,0.00926583
N12850|7151|0.053308,N12846|4291|6.168948,0.0139608
N12850|7151|0.053308,N12847|11170|0.171541,0.00849134
N12850|7151|0.053308,N12849|2927|0.153846,0
N7523|6854|0.116439,N7534|5987|0.306367,0.012409
N7523|6854|0.116439,N7524|3321|2.534676,0.00615997
N7523|6854|0.116439,N7532|11177|0.150479,0.0147899
N7523|6854|0.116439,N7541|6674|0.832864,0.0147423
N7523|6854|0.116439,N7517|11346|0.636323,0.0116001
N7523|6854|0.116439,N7528|1998|1.594102,0.011634
N7523|6854|0.116439,N7535|15379|0.344831,0.0147718
N7523|6854|0.116439,N7526|14207|0.370422,0.0100582
N7523|6854|0.116439,N7530|5931|0.470247,0.0147587
N7523|6854|0.116439,N7556|6176|0.951097,0.013956
N7523|6854|0.116439,N7555|11252|0.72638,0.0123875
N7523|6854|0.116439,N7514|9617|2.501809,0.0123838
N7523|6854|0.116439,N7515|11916|1.841037,0.0131687
N10026|6382|0.390611,N10029|4856|2.66461,0.014763
N10026|6382|0.390611,N10045|12472|0.860905,0.0116215
N10026|6382|0.390611,N10032|5670|1.922361,0.00927548
N10026|6382|0.390611,N10021|3367|1.749419,0.00693609
N10026|6382|0.390611,N10031|9388|0.138167,0.00928343
N10026|6382|0.390611,N10035|15261|3.085156,0.013192
N10026|6382|0.390611,N10034|10907|3.50552,0.0116255
N10026|6382|0.390611,N10024|11221|2.732505,0.0023053
N13001|13178|0.76269,N13006|7909|1.475456,0.00771732
N13001|13178|0.76269,N13005|4444|1.174449,0.00693605
N13001|13178|0.76269,N12982|14252|0.33309,0.0147336
N13001|13178|0.76269,N13000|10768|0.660106,0.00384787
N13001|13178|0.76269,N12995|3030|0.832701,0.0116107
N13001|13178|0.76269,N12978|8669|5.795832,0.0139773
N13001|13178|0.76269,N12985|2038|1.072247,0.0147342
N13001|13178|0.76269,N12988|5294|0.324096,0.0139524
N13001|13178|0.76269,N12998|8221|0.848825,0.0131684
N13001|13178|0.76269,N12996|11426|0.862639,0.0131746
N13001|13178|0.76269,N12987|13617|0.236659,0.0123871
N13001|13178|0.76269,N12992|10856|1.925319,0.0123834
N13001|13178|0.76269,N12986|8658|4.09695,0.0131745
N13001|13178|0.76269,N12997|12399|1.005863,0.0147501
N13001|13178|0.76269,N12977|12673|1.17305,0.0100484
N10337|6000|1.101435,N10336|10374|0.527444,0.00694093
N10337|6000|1.101435,N10338|11283|1.865322,0.0100486
N8244|6887|2.946368,N8249|8431|0.561774,0.0139609
N8244|6887|2.946368,N8236|7663|0.449271,0.0108354
N8244|6887|2.946368,N8238|14320|0.980953,0.0116216
N8244|6887|2.946368,N8237|2182|0.011431,0.0084963
N8244|6887|2.946368,N8240|6200|0.610919,0.0108265
N13082|1920|1.308468,N13064|2313|0.464264,0.0139801
N13082|1920|1.308468,N13078|10715|0.406326,0.00849254
N13082|1920|1.308468,N13081|11163|0.1151,0.00772813
N13082|1920|1.308468,N13015|7025|0.167928,0.0139932
N13082|1920|1.308468,N13083|13545|0.854512,0.00539059
N13082|1920|1.308468,N13067|12459|0.550295,0.0131743
N13082|1920|1.308468,N13076|4891|0.725229,0.00927411
N13082|1920|1.308468,N13072|12819|1.672875,0.011608
N13082|1920|1.308468,N13013|13077|0.990917,0.0139771
N13082|1920|1.308468,N13019|3661|1.485851,0.0147574
N13082|1920|1.308468,N13080|8198|2.835692,0.0116022
N13082|1920|1.308468,N13035|2966|0.267509,0.0139669
N13082|1920|1.308468,N13079|1454|0.626084,0.010842
N13082|1920|1.308468,N13044|14894|0.279795,0.0139607
N13082|1920|1.308468,N13058|11167|1.17044,0.0139802
N13082|1920|1.308468,N13021|2121|0.427363,0.014771
N13082|1920|1.308468,N13027|10423|1.107882,0.0147579
N13082|1920|1.308468,N13026|9197|0.544685,0.0131743
N13082|1920|1.308468,N13053|4954|0.008268,0.0131862
N13082|1920|1.308468,N13071|4238|1.966479,0.00848642
N13082|1920|1.308468,N13070|7113|5.886608,0.0123689
N13082|1920|1.308468,N13086|15084|0.571855,0.0116325
N13082|1920|1.308468,N13046|7586|0.27506,0.0147474
N13082|1920|1.308468,N13023|9255|2.431417,0.0131778
N13082|1920|1.308468,N13087|2366|3.091692,0.0100722
N7917|9363|0.478455,N7923|12339|0.896847,0.00932948
N7917|9363|0.478455,N7924|2809|0.852026,0.0139673
N7917|9363|0.478455,N7947|7971|3.261738,0.0139608
N7917|9363|0.478455,N7916|5644|3.131665,0.0131783
N7917|9363|0.478455,N7918|3940|1.356108,0.00772715
N7917|9363|0.478455,N7941|13715|0.321718,0.0139525
N7917|9363|0.478455,N7921|13942|2.702204,0.00851048
N7917|9363|0.478455,N7915|10867|3.088435,0.0131898
N7917|9363|0.478455,N7909|4014|2.262508,0.0077381
N7917|9363|0.478455,N7910|2934|1.169772,0.0116342
N7917|9363|0.478455,N7914|14725|2.388759,0.0147738
N7917|9363|0.478455,N7912|10772|0.239024,0.0100582
N7917|9363|0.478455,N7919|12802|6.068616,0.0108614
N7917|9363|0.478455,N7889|13786|0.421545,0.0147737
N7534|5987|0.306367,N7532|11177|0.150479,0.00385866
N7534|5987|0.306367,N7541|6674|0.832864,0.0131873
N7534|5987|0.306367,N7546|4592|0.931722,0.0139644
N7534|5987|0.306367,N7517|11346|0.636323,0.0116206
N7534|5987|0.306367,N7528|1998|1.594102,0.0100872
N7534|5987|0.306367,N7535|15379|0.344831,0.00230453
N7534|5987|0.306367,N7526|14207|0.370422,0.00851247
N7534|5987|0.306367,N7533|13695|0.987302,0.00698551
N7534|5987|0.306367,N7531|12465|1.898525,0.0139802
N7534|5987|0.306367,N7543|1554|2.449295,0.0147457
N7534|5987|0.306367,N7530|5931|0.470247,0.0116218
N7534|5987|0.306367,N7556|6176|0.951097,0.0123978
N7534|5987|0.306367,N7555|11252|0.72638,0.0108333
N7534|5987|0.306367,N7514|9617|2.501809,0.0123978
N7534|5987|0.306367,N7515|11916|1.841037,0.0131867
N7534|5987|0.306367,N7545|8538|0.438066,0.0139778
N9807|13707|5.724954,N9805|1413|0.035605,0.013953
N9807|13707|5.724954,N9804|13840|0.404655,0.0147458
N11985|7263|0.049893,N11981|4158|1.444705,0.0124097
N11985|7263|0.049893,N11986|10647|0.384775,0.000767359
N11985|7263|0.049893,N11982|8400|0.852639,0.0131764
N11985|7263|0.049893,N11980|8650|1.136375,0.0108264
N11985|7263|0.049893,N11984|1838|0.195328,0
N11985|7263|0.049893,N11979|10096|0.769496,0.0100513
N11985|7263|0.049893,N11971|12636|0.690138,0.0139747
N7455|14064|1.217367,N7459|6492|0.052297,0.00771841
N7455|14064|1.217367,N7458|6526|0.786918,0.00694076
N7455|14064|1.217367,N7456|14993|0.820287,0.00616111
N7455|14064|1.217367,N7457|12035|1.153954,0.00693377
N7906|1966|2.669053,N7895|7360|0.043405,0.0123903
N7906|1966|2.669053,N7892|5284|0.242648,0.0131763
N7906|1966|2.669053,N7903|7046|0.315072,0.0077236
N7906|1966|2.669053,N7908|9183|1.010926,0.0092826
N7906|1966|2.669053,N7905|2277|0.003783,0.00230452
N7906|1966|2.669053,N7893|4502|1.144069,0.0139609
N7906|1966|2.669053,N7894|14382|1.644205,0.0147441
N7906|1966|2.669053,N7889|13786|0.421545,0.0131922
N7906|1966|2.669053,N7907|15038|2.363248,0.0116307
N13064|2313|0.464264,N13047|2936|1.890519,0.0124086
N13064|2313|0.464264,N13081|11163|0.1151,0.013993
N13064|2313|0.464264,N13065|9942|3.28249,0.0116338
N13064|2313|0.464264,N13063|12606|0.037579,0.00540215
N13064|2313|0.464264,N13067|12459|0.550295,0.00851192
N13064|2313|0.464264,N13049|2463|0.241606,0.00772706
N13064|2313|0.464264,N13062|8226|0.442183,0.00461766
N13064|2313|0.464264,N13050|8552|0.300629,0.00850078
N13064|2313|0.464264,N13066|11539|2.641891,0.0116212
N13064|2313|0.464264,N13057|8415|0.620575,0.00773935
N13064|2313|0.464264,N13054|12514|5.889927,0.0132371
N13064|2313|0.464264,N13035|2966|0.267509,0.0108461
N13064|2313|0.464264,N13044|14894|0.279795,0.00927724
N13064|2313|0.464264,N13058|11167|1.17044,0.00307482
N13064|2313|0.464264,N13052|14348|1.81875,0.0108352
N13064|2313|0.464264,N13026|9197|0.544685,0.0147574
N13064|2313|0.464264,N13053|4954|0.008268,0.0053962
N13064|2313|0.464264,N13031|1964|2.547926,0.0131838
N13064|2313|0.464264,N13071|4238|1.966479,0.0147501
N13064|2313|0.464264,N13061|14477|9.561084,0.013197
N13064|2313|0.464264,N13046|7586|0.27506,0.0100605
N13064|2313|0.464264,N13023|9255|2.431417,0.0147672
N11470|4234|3.238599,N11474|6745|0.399884,0.0123849
N11470|4234|3.238599,N11476|7720|0.188723,0.0123995
N11470|4234|3.238599,N11466|6960|0.69333,0.00849286
N11470|4234|3.238599,N11472|6578|0.483504,0.00771342
N11470|4234|3.238599,N11469|11377|1.277083,0.0100528
N11470|4234|3.238599,N11471|13768|0.711381,0.00848665
N8638|9451|1.335632,N8626|14444|1.955912,0.0115966
N8638|9451|1.335632,N8667|5850|1.086772,0.0147453
N8638|9451|1.335632,N8631|15319|0.241047,0.00926698
N8638|9451|1.335632,N8630|6814|3.871625,0.0131715
N8638|9451|1.335632,N8629|9916|0.938927,0.0092657
N8638|9451|1.335632,N8625|3854|0.755222,0.00770874
N8638|9451|1.335632,N8636|1431|0.717095,0.00384334
N8638|9451|1.335632,N8666|13078|0.559671,0.0131746
N8638|9451|1.335632,N8641|4497|0.145991,0.0123941
N8638|9451|1.335632,N8634|14308|1.351042,0.0108177
N8638|9451|1.335632,N8651|13162|0.581821,0.011626
N8638|9451|1.335632,N8635|7231|0.13617,0.00384233
N8638|9451|1.335632,N8672|2210|0.469018,0.0147397
N8638|9451|1.335632,N8673|13767|0.155844,0.0123791
N8638|9451|1.335632,N8637|14919|0.32506,0.00307963
N8638|9451|1.335632,N8627|6340|1.679732,0.00926071
N8638|9451|1.335632,N8639|7321|1.594604,0.0023029
N12340|14760|0.151369,N12339|14422|4.533045,0.00849029
N12340|14760|0.151369,N12329|5949|0.741991,0.0100737
N12340|14760|0.151369,N12331|7182|2.15702,0.0100525
N12340|14760|0.151369,N12316|11411|0.732884,0.0147396
N12340|14760|0.151369,N12326|10017|0.968429,0.00926971
N12340|14760|0.151369,N12338|2957|0.134938,0.00307825
N12340|14760|0.151369,N12327|2178|4.302167,0.00616615
N12340|14760|0.151369,N12330|6498|0.353492,0.00694526
N12340|14760|0.151369,N12335|5374|3.451776,0.0108397
N12340|14760|0.151369,N12328|14516|2.112601,0.0084928
N12340|14760|0.151369,N12322|6249|0.030627,0.0108378
N12340|14760|0.151369,N12336|6471|2.511308,0.00617297
N12340|14760|0.151369,N12334|12617|5.728524,0.0108417
N12339|14422|4.533045,N12338|2957|0.134938,0.0116173
N12339|14422|4.533045,N12327|2178|4.302167,0.0147493
N12339|14422|4.533045,N12330|6498|0.353492,0.0147493
N12339|14422|4.533045,N12336|6471|2.511308,0.0147563
N10029|4856|2.66461,N10031|9388|0.138167,0.0139805
N10029|4856|2.66461,N10024|11221|2.732505,0.0139935
N10428|11845|0.863415,N10419|7788|0.960112,0.0100514
N10428|11845|0.863415,N10431|13777|0.107201,0.00693607
N10428|11845|0.863415,N10447|13406|0.157979,0.0147454
N10428|11845|0.863415,N10412|4092|3.444073,0.0147717
N10428|11845|0.863415,N10437|15110|0.575782,0.0124072
N10428|11845|0.863415,N10436|2703|0.383166,0.0116215
N10428|11845|0.863415,N10429|13739|0.934834,0.000767618
N10428|11845|0.863415,N10416|11369|0.698039,0.0131646
N10428|11845|0.863415,N10427|3970|0.156468,0.00153498
N10428|11845|0.863415,N10418|7026|0.951921,0.0131674
N10428|11845|0.863415,N10440|6346|0.732477,0.00927728
N10428|11845|0.863415,N10420|12519|2.497745,0.0116138
N10428|11845|0.863415,N10421|1621|0.185784,0.00927435
N10428|11845|0.863415,N10432|5320|1.445576,0.00615821
N10428|11845|0.863415,N10414|11960|1.623667,0.0139778
N7488|10505|2.091093,N7486|13426|0.423665,0.00694682
N7488|10505|2.091093,N7484|9420|0.456658,0.0100612
N7488|10505|2.091093,N7473|6423|1.999291,0.0147563
N7488|10505|2.091093,N7478|13924|0.307543,0.010845
N7488|10505|2.091093,N7485|6257|0.908716,0.0139815
N7488|10505|2.091093,N7490|8523|0.492729,0.00617783
N7488|10505|2.091093,N7483|6020|4.771817,0.0131907
N7488|10505|2.091093,N7489|2699|0.216451,0.00539075
N7488|10505|2.091093,N7487|8500|1.973673,0.00771853
N7488|10505|2.091093,N7480|9412|0.529801,0.0147592
N7820|13775|2.573905,N7815|11573|0.022539,0.00927018
N7820|13775|2.573905,N7829|7474|0.01916,0.0116316
N7820|13775|2.573905,N7821|10598|7.511677,0.0139466
N7820|13775|2.573905,N7822|9360|0.510657,0.00539344
N7820|13775|2.573905,N7826|10571|1.21748,0.0108504
N7820|13775|2.573905,N7819|13882|1.436249,0.0124066
N7820|13775|2.573905,N7814|5279|0.380088,0.0100574
N7820|13775|2.573905,N7832|9416|0.759916,0.0139609
N7820|13775|2.573905,N7813|11090|0.345574,0.0147577
N7820|13775|2.573905,N7823|5888|2.112182,0.0108398
N7820|13775|2.573905,N7825|10194|4.905259,0.0147798
N11970|9516|4.958624,N11979|10096|0.769496,0.0147698
N11970|9516|4.958624,N11971|12636|0.690138,0.00926967
N10681|7674|1.179429,N10680|2787|4.81311,0.0132196
N10681|7674|1.179429,N10684|4795|2.285325,0.00694098
N10681|7674|1.179429,N10682|12482|0.369964,0.00539065
N10681|7674|1.179429,N10692|3701|1.468518,0.0139727
N12609|11183|0.604497,N12616|4462|1.325698,0.0147717
N12609|11183|0.604497,N12617|8249|1.299601,0.0147735
N12609|11183|0.604497,N12607|6440|2.552327,0.0131951
N12609|11183|0.604497,N12610|8129|0.59334,0.0108464
N12609|11183|0.604497,N12608|14060|1.436867,0.0015369
N12609|11183|0.604497,N12621|1623|1.449089,0.0147454
N12659|11077|0.942007,N12655|4054|0.056198,0.0132027
N12659|11077|0.942007,N12689|11451|3.211736,0.0123993
N12659|11077|0.942007,N12677|7719|1.38275,0.0108323
N12659|11077|0.942007,N12672|6788|0.537127,0.0139797
N12659|11077|0.942007,N12687|3549|0.172949,0.00849302
N12659|11077|0.942007,N12657|5825|0.376556,0.00694073
N12659|11077|0.942007,N12658|3767|0.260726,0.00694071
N12659|11077|0.942007,N12667|12755|1.374185,0.0139943
N12659|11077|0.942007,N12678|5549|0.607867,0.0131877
N12659|11077|0.942007,N12656|3489|0.856322,0.00927853
N12659|11077|0.942007,N12679|14019|1.181258,0.0131764
N12659|11077|0.942007,N12673|4752|1.088216,0.0100574
N12659|11077|0.942007,N12675|3288|2.397704,0.0139527
N12659|11077|0.942007,N12668|15202|0.179902,0.00850182
N12659|11077|0.942007,N12670|10894|2.37048,0.00927848
N12659|11077|0.942007,N12660|6563|0.037792,0
N8430|9294|1.423986,N8428|12400|1.45475,0.0116479
N8430|9294|1.423986,N8427|2620|2.793239,0.0132007
N8430|9294|1.423986,N8433|11853|0.993182,0.00616725
N8430|9294|1.423986,N8423|4571|0.442459,0.0132004
N8430|9294|1.423986,N8425|12091|4.347088,0.0116488
N8430|9294|1.423986,N8424|9554|1.692868,0.0108576
N10018|12377|1.280641,N10019|11928|0.301838,0.00153498
N12745|14200|2.599781,N12746|9831|0.377094,0.003073
N9797|9238|2.012604,N9794|14737|3.13713,0.010084
N9797|9238|2.012604,N9796|12538|1.649078,0.00539644
N7189|11107|0.272505,N7192|1663|4.267936,0.00462049
N7189|11107|0.272505,N7191|7109|1.321887,0.00384656
N7189|11107|0.272505,N7219|11468|0.060354,0.0147319
N7189|11107|0.272505,N7193|8055|4.39232,0.0139675
N7189|11107|0.272505,N7202|9897|0.682279,0.0131737
N7189|11107|0.272505,N7201|9260|0.113269,0.0131737
N8524|2034|1.160189,N8523|8866|0.187373,0.00926563
N8904|11702|1.233051,N8909|1902|0.98974,0.0123964
N8904|11702|1.233051,N8907|13265|0.444632,0.0123964
N8904|11702|1.233051,N8910|1624|0.190386,0.00927444
N8904|11702|1.233051,N8905|9682|0.829139,0.00461393
N11691|12009|2.664582,N11688|8050|4.250267,0.00927553
N11691|12009|2.664582,N11690|6644|0.131364,0.00384655
N11691|12009|2.664582,N11661|1883|0.916116,0.0147745
N11691|12009|2.664582,N11702|14744|0.617456,0.0139618
N11691|12009|2.664582,N11689|6186|3.572742,0.0132071
N11691|12009|2.664582,N11711|5342|0.529197,0.0147497
N11691|12009|2.664582,N11686|13919|0.584485,0.00850168
N12715|12720|4.783406,N12716|4405|2.157545,0.014744
N11993|8954|0.850825,N11994|6450|2.415328,0.00851046
N11993|8954|0.850825,N11992|4604|5.470953,0.0116108
N9695|2691|2.793792,N9694|9636|0.433339,0.00616729
N9695|2691|2.793792,N9700|6604|0.797607,0.0148097
N9695|2691|2.793792,N9701|8709|1.632406,0.0124243
N9695|2691|2.793792,N9702|13366|2.515764,0.0124243
N9695|2691|2.793792,N9703|6717|0.552307,0.0132352
N9695|2691|2.793792,N9699|7120|1.582618,0.0132166
N9695|2691|2.793792,N9696|14498|5.512639,0.00771979
N9695|2691|2.793792,N9697|11434|5.80288,0.0139693
N12061|12893|2.846137,N12053|7243|0.075714,0.0147888
N12061|12893|2.846137,N12060|10946|0.282027,0.0147577
N12061|12893|2.846137,N12063|8845|0.246638,0.00694094
N12061|12893|2.846137,N12051|4854|0.440591,0.0124013
N12061|12893|2.846137,N12054|11742|8.2643,0.0124241
N12061|12893|2.846137,N12050|1425|0.06447,0.0124013
N12061|12893|2.846137,N12062|10982|1.689488,0.00694782
N12061|12893|2.846137,N12049|6519|2.771871,0.0147734
N9485|2254|0.457235,N9526|4386|4.722378,0.0147626
N9485|2254|0.457235,N9498|7215|0.598502,0.0139753
N9485|2254|0.457235,N9493|8379|0.638868,0.0132113
N9485|2254|0.457235,N9553|9058|1.067382,0.013967
N9485|2254|0.457235,N9481|6058|1.683084,0.0116216
N9485|2254|0.457235,N9538|7781|2.32725,0.014757
N9485|2254|0.457235,N9533|4010|0.908495,0.0147401
N9485|2254|0.457235,N9525|10317|1.701035,0.0100496
N9485|2254|0.457235,N9482|2701|0.778378,0.0085278
N9485|2254|0.457235,N9492|8720|1.571976,0.0140094
N9485|2254|0.457235,N9502|12775|0.091182,0.0131833
N9485|2254|0.457235,N9495|7893|0.163381,0.01399
N9485|2254|0.457235,N9552|6778|1.175407,0.0139804
N9485|2254|0.457235,N9513|10514|1.389128,0.0147256
N9485|2254|0.457235,N9500|2227|1.218307,0.0147691
N9485|2254|0.457235,N9555|11655|0.457878,0.0147503
N9485|2254|0.457235,N9542|13337|0.791992,0.0115966
N9485|2254|0.457235,N9491|12440|0.015674,0.0116412
N9485|2254|0.457235,N9511|4037|0.11695,0.0139753
N9485|2254|0.457235,N9539|6002|0.511961,0.0139748
N9485|2254|0.457235,N9480|5579|1.075498,0.0147623
N9485|2254|0.457235,N9484|8231|2.243047,0.00772801
N9485|2254|0.457235,N9508|3512|0.122202,0.0147526
N9485|2254|0.457235,N9486|1956|0.766508,0.00384788
N9485|2254|0.457235,N9507|10649|0.049628,0.0139614
N9327|5045|0.917972,N9323|2216|0.376204,0.0108203
N9327|5045|0.917972,N9326|7552|0.69364,0.0100497
N9327|5045|0.917972,N9325|4983|1.773833,0.0116112
N9327|5045|0.917972,N9324|10213|1.234839,0.0139409
N12859|14780|1.39741,N12857|10799|0.693869,0.00540198
N12859|14780|1.39741,N12845|1775|2.060836,0.0139712
N12859|14780|1.39741,N12858|10261|0.161876,0.00307826
N12859|14780|1.39741,N12851|11893|0.472655,0.0108258
N12859|14780|1.39741,N12855|12932|0.121879,0.00462046
N12859|14780|1.39741,N12860|14526|0.857363,0.00617306
N12859|14780|1.39741,N12854|10321|0.961383,0.00771333
N12859|14780|1.39741,N12846|4291|6.168948,0.0123978
N12859|14780|1.39741,N12847|11170|0.171541,0.00694102
N12859|14780|1.39741,N12849|2927|0.153846,0.00927545
N12818|8757|0.486387,N12816|3814|0.423491,0.00848645
N12818|8757|0.486387,N12823|9813|0.830819,0.0100578
N12818|8757|0.486387,N12828|12550|1.212722,0.0100442
N12818|8757|0.486387,N12815|11358|1.139968,0.0116107
N12818|8757|0.486387,N12841|14215|0.661025,0.0108248
N12818|8757|0.486387,N12821|14257|0.767312,0.0116332
N12818|8757|0.486387,N12832|10581|0.014099,0.0139465
N12818|8757|0.486387,N12817|13932|1.254999,0.00539636
N12818|8757|0.486387,N12831|6709|1.504096,0.0108263
N12818|8757|0.486387,N12827|7021|0.494991,0.0100402
N12818|8757|0.486387,N12822|1932|2.476291,0.0131862
N12818|8757|0.486387,N12829|15189|0.468004,0.0116107
N12818|8757|0.486387,N12826|10353|2.203998,0.0131684
N12818|8757|0.486387,N12819|6009|0.132923,0.00230533
N12818|8757|0.486387,N12840|8247|1.106403,0.0123835
N12818|8757|0.486387,N12834|6657|0.028154,0.0108247
N12818|8757|0.486387,N12842|5983|3.233808,0.0139546
N12818|8757|0.486387,N12812|2089|1.926513,0.0139632
N11512|5617|0.436129,N11544|14963|1.302651,0.0147458
N11512|5617|0.436129,N11523|10366|1.727276,0.0147406
N11512|5617|0.436129,N11514|14680|2.221141,0.0139546
N11512|5617|0.436129,N11513|14873|1.613532,0.00926441
N11512|5617|0.436129,N11521|2839|0.149121,0.00616184
N11512|5617|0.436129,N11507|6607|1.978532,0.00772754
N11512|5617|0.436129,N11556|10035|3.080027,0.0131787
N11512|5617|0.436129,N11519|4528|1.340794,0.0116094
N11512|5617|0.436129,N11506|3269|1.611056,0.0131787
N11512|5617|0.436129,N11549|2223|0.51089,0.0131785
N11512|5617|0.436129,N11546|4490|1.028815,0.014746
N11512|5617|0.436129,N11524|6585|0.421476,0.00926083
N11512|5617|0.436129,N11558|4971|0.648042,0.0139947
N11512|5617|0.436129,N11539|11393|0.198572,0.0139658
N11512|5617|0.436129,N11528|1503|1.918436,0.0139531
N11512|5617|0.436129,N11509|7537|0.30586,0.00307626
N11512|5617|0.436129,N11536|8711|0.193032,0.0139614
N11512|5617|0.436129,N11525|1465|2.743465,0.0116143
N11512|5617|0.436129,N11526|15011|1.043239,0.00927466
N11512|5617|0.436129,N11529|10443|1.930225,0.0108448
N11512|5617|0.436129,N11552|14034|0.499465,0.0124242
N11512|5617|0.436129,N11555|3021|1.953023,0.0147726
N11512|5617|0.436129,N11515|7523|2.271195,0.0131864
N10509|14898|0.231698,N10506|3217|1.7235,0.0139614
N8513|8075|0.224442,N8511|3065|2.010675,0.0147222
N8513|8075|0.224442,N8508|9851|0.401994,0.00926543
N8513|8075|0.224442,N8514|5454|11.709337,0.013178
N8513|8075|0.224442,N8512|14353|0.054117,0.0147313
N8513|8075|0.224442,N8504|14509|1.010982,0.0108239
N8513|8075|0.224442,N8510|1909|0.102184,0.0100411
N12816|3814|0.423491,N12823|9813|0.830819,0.00307619
N12816|3814|0.423491,N12828|12550|1.212722,0.00307837
N12816|3814|0.423491,N12815|11358|1.139968,0.00307619
N12816|3814|0.423491,N12841|14215|0.661025,0.00385417
N12816|3814|0.423491,N12821|14257|0.767312,0.00462612
N12816|3814|0.423491,N12832|10581|0.014099,0.00693826
N12816|3814|0.423491,N12817|13932|1.254999,0.00926635
N12816|3814|0.423491,N12835|5032|0.52659,0.0116179
N12816|3814|0.423491,N12831|6709|1.504096,0.00384787
N12816|3814|0.423491,N12687|3549|0.172949,0.0131491
N12816|3814|0.423491,N12827|7021|0.494991,0.00307173
N12816|3814|0.423491,N12839|3259|2.23288,0.0100635
N12816|3814|0.423491,N12805|7599|5.251764,0.0147426
N12816|3814|0.423491,N12822|1932|2.476291,0.00616951
N12816|3814|0.423491,N12829|15189|0.468004,0.00461956
N12816|3814|0.423491,N12826|10353|2.203998,0.00616639
N12816|3814|0.423491,N12819|6009|0.132923,0.00926633
N12816|3814|0.423491,N12824|13110|5.024155,0.0108588
N12816|3814|0.423491,N12837|3001|4.039749,0.0116299
N12816|3814|0.423491,N12811|2284|4.21488,0.0139418
N12816|3814|0.423491,N12840|8247|1.106403,0.0053941
N12816|3814|0.423491,N12834|6657|0.028154,0.00385412
N12816|3814|0.423491,N12673|4752|1.088216,0.0147223
N12816|3814|0.423491,N12842|5983|3.233808,0.00695546
N12816|3814|0.423491,N12668|15202|0.179902,0.0131512
N12816|3814|0.423491,N12670|10894|2.37048,0.0139356
N12816|3814|0.423491,N12838|7539|1.101225,0.0092894
N12816|3814|0.423491,N12735|13411|1.300204,0.0131623
N12816|3814|0.423491,N12812|2089|1.926513,0.00771324
N10680|2787|4.81311,N10684|4795|2.285325,0.0124245
N10680|2787|4.81311,N10682|12482|0.369964,0.0108578
N10630|8573|2.446351,N10628|2577|2.461987,0.0100357
N10630|8573|2.446351,N10627|12509|0.164316,0.00770665
N10613|15253|2.709782,N10610|9453|0.035843,0.0100605
N10613|15253|2.709782,N10612|14575|2.909383,0.00850079
N10358|5973|0.042606,N10351|7840|0.356005,0.0139803
N10358|5973|0.042606,N10356|6441|3.090701,0.00307481
N10358|5973|0.042606,N10355|5731|7.245063,0.0147473
N10358|5973|0.042606,N10354|6560|1.686909,0.0100573
N10358|5973|0.042606,N10350|11191|0.820068,0.0116108
N10358|5973|0.042606,N10359|3528|0.718846,0.00927544
N10358|5973|0.042606,N10362|6018|3.823563,0.0116088
N10358|5973|0.042606,N10361|6407|0.442998,0.0100513
N7745|13238|0.637536,N7754|13241|0.630826,0.0108313
N7745|13238|0.637536,N7750|11450|2.280366,0.0100565
N12398|2543|2.944792,N12397|4028|0.091825,0.00773982
N9386|13312|1.083904,N9359|13859|0.138749,0.0131866
N9386|13312|1.083904,N9368|5528|1.847757,0.0139776
N9386|13312|1.083904,N9385|1958|3.873197,0.00462805
N9386|13312|1.083904,N9390|2933|0.66356,0.013943
N9386|13312|1.083904,N9387|6126|5.358804,0.0116216
N9386|13312|1.083904,N9382|3614|0.131365,0.00772724
N9386|13312|1.083904,N9381|3359|1.575732,0.0100868
N9386|13312|1.083904,N9370|6191|0.044663,0.0132002
N9386|13312|1.083904,N9388|7990|6.867605,0.0147345
N9386|13312|1.083904,N9358|15303|1.043357,0.0139671
N8950|3981|2.040436,N8954|6672|0.444382,0.0100708
N8950|3981|2.040436,N8953|8503|3.426344,0.0116113
N8950|3981|2.040436,N8963|5098|2.636494,0.0132203
N8950|3981|2.040436,N8962|11889|1.067723,0.0132202
N8950|3981|2.040436,N8960|4831|0.445665,0.0140163
N8950|3981|2.040436,N8956|15297|1.548554,0.0132247
N8950|3981|2.040436,N8957|5722|3.760041,0.0116221
N9823|1727|2.2514,N9820|3484|0.38852,0.0139725
N9823|1727|2.2514,N9819|3524|3.039385,0.0147504
N9823|1727|2.2514,N9822|10407|0.064502,0.0116152
N9794|14737|3.13713,N9796|12538|1.649078,0.00772747
N8847|10859|1.595237,N8836|14952|0.208059,0.0116334
N8847|10859|1.595237,N8844|2836|1.591912,0.00616184
N8847|10859|1.595237,N8839|10216|2.34653,0.0124095
N8847|10859|1.595237,N8835|5310|1.371126,0.0100586
N8847|10859|1.595237,N8843|1873|0.526106,0.00461978
N8847|10859|1.595237,N8841|12883|1.997299,0.00539072
N8847|10859|1.595237,N8846|12367|2.895876,0.00849047
N8847|10859|1.595237,N8842|8920|6.710586,0.0116205
N8847|10859|1.595237,N8834|4471|2.616645,0.0116498
N12857|10799|0.693869,N12845|1775|2.060836,0.0147623
N12857|10799|0.693869,N12858|10261|0.161876,0.003854
N12857|10799|0.693869,N12851|11893|0.472655,0.0116127
N12857|10799|0.693869,N12855|12932|0.121879,0.00539346
N12857|10799|0.693869,N12860|14526|0.857363,0.00695501
N12857|10799|0.693869,N12854|10321|0.961383,0.00849042
N12857|10799|0.693869,N12846|4291|6.168948,0.0116175
N12857|10799|0.693869,N12847|11170|0.171541,0.00771741
N12857|10799|0.693869,N12849|2927|0.153846,0.0100609
N7760|12340|1.820309,N7773|4420|0.302874,0.00771975
N7760|12340|1.820309,N7765|12456|1.235139,0.00384394
N7760|12340|1.820309,N7766|5030|1.575089,0.0100513
N7760|12340|1.820309,N7763|9827|0.177423,0.00307388
N7760|12340|1.820309,N7771|12711|0.814686,0.0108385
N7760|12340|1.820309,N7776|6843|0.069426,0.00927423
N7760|12340|1.820309,N7775|13589|2.24303,0.0108312
N7760|12340|1.820309,N7770|9091|0.91185,0.0139799
N7760|12340|1.820309,N7762|5234|0.684786,0.00616109
N7760|12340|1.820309,N7761|15153|1.102326,0.00384394
N7760|12340|1.820309,N7774|9310|0.070145,0.00771975
N8015|5442|3.948232,N8021|4539|2.068237,0.0116024
N8015|5442|3.948232,N8028|7486|0.293428,0.0139643
N8015|5442|3.948232,N8013|7554|2.307135,0.00695646
N8015|5442|3.948232,N8009|14525|0.152579,0.0108334
N8015|5442|3.948232,N8034|11942|0.98519,0.013967
N8015|5442|3.948232,N8007|9686|0.849915,0.0147586
N8015|5442|3.948232,N8039|4402|0.429196,0.0147453
N8015|5442|3.948232,N8014|11541|1.407573,0.00773988
N8015|5442|3.948232,N8008|8037|2.076879,0.0147632
N8015|5442|3.948232,N8020|4770|0.329201,0.00616734
N8015|5442|3.948232,N8011|6303|3.222924,0.00616178
N8015|5442|3.948232,N8012|12050|0.024109,0.00617532
N9352|3425|5.956873,N9350|15286|0.742999,0.0147502
N9352|3425|5.956873,N9342|14450|0.850897,0.0147629
N9352|3425|5.956873,N9334|8076|0.202191,0.0147629
N11932|11896|0.454787,N11929|7509|1.103166,0.0092834
N11932|11896|0.454787,N11937|2822|2.502224,0.0100704
N11932|11896|0.454787,N11927|6594|5.927884,0.0077185
N11932|11896|0.454787,N11928|9652|0.075206,0.00617497
N8895|10293|2.356385,N8899|2682|0.452694,0.00462132
N8895|10293|2.356385,N8893|6537|0.388332,0.00384529
N8895|10293|2.356385,N8900|4738|0.883235,0.0147915
N8895|10293|2.356385,N8901|4244|1.239644,0.0132179
N8895|10293|2.356385,N8892|6668|1.175247,0.00308263
N8895|10293|2.356385,N8888|11071|3.593957,0.0092702
N8895|10293|2.356385,N8894|2000|0.615862,0.00230867
N8895|10293|2.356385,N8903|15047|0.889229,0.0124436
N8895|10293|2.356385,N8891|1619|0.761174,0.00616755
N8895|10293|2.356385,N8902|10980|0.318318,0.0116503
N8895|10293|2.356385,N8886|14755|1.395277,0.00538989
N8895|10293|2.356385,N8898|14688|0.203747,0.00153692
N11879|3783|1.669866,N11871|11403|1.151245,0.014034
N11879|3783|1.669866,N11887|8446|0.150078,0.0139642
N11879|3783|1.669866,N11883|3741|1.188736,0.00772866
N11879|3783|1.669866,N11898|12236|0.570303,0.0131905
N11879|3783|1.669866,N11896|7098|0.209161,0.012414
N11879|3783|1.669866,N11897|9610|0.038403,0.0116259
N11879|3783|1.669866,N11882|7865|2.939695,0.00928469
N11879|3783|1.669866,N11884|4095|1.34364,0.00384657
N11879|3783|1.669866,N11885|8742|4.861418,0.00538988
N11879|3783|1.669866,N11891|11355|0.511365,0.013174
N11879|3783|1.669866,N11878|13279|2.578469,0.00771861
N12653|13138|0.765751,N12652|5083|0.498061,0.0131827
N7405|7039|1.079638,N7402|7957|2.756946,0.0131898
N7405|7039|1.079638,N7404|3965|1.447523,0.00539065
N7405|7039|1.079638,N7403|12845|1.653957,0.0131868
N7405|7039|1.079638,N7406|12666|2.589913,0.00772726
N11421|5366|0.550411,N11441|13197|0.277409,0.011614
N11421|5366|0.550411,N11474|6745|0.399884,0.0123778
N11421|5366|0.550411,N11450|8696|1.833598,0.0147722
N11421|5366|0.550411,N11521|2839|0.149121,0.0139529
N11421|5366|0.550411,N11442|1536|3.34164,0.0147332
N11421|5366|0.550411,N11418|2052|0.356991,0.000767617
N11421|5366|0.550411,N11486|3601|0.026846,0.0139947
N11421|5366|0.550411,N11457|3440|2.050117,0.0131968
N11421|5366|0.550411,N11493|6449|0.513576,0.013956
N11421|5366|0.550411,N11422|9193|6.748064,0.0131524
N11421|5366|0.550411,N11481|4836|0.074316,0.0116334
N11421|5366|0.550411,N11420|5326|2.154032,0.00230454
N11421|5366|0.550411,N11436|8642|2.737344,0.0139544
N11421|5366|0.550411,N11480|4799|0.732079,0.0116334
N11421|5366|0.550411,N11476|7720|0.188723,0.0123904
N11421|5366|0.550411,N11466|6960|0.69333,0.0116081
N11421|5366|0.550411,N11439|4031|5.949013,0.0131875
N11421|5366|0.550411,N11415|14904|3.928057,0.00771164
N11421|5366|0.550411,N11472|6578|0.483504,0.0123904
N11421|5366|0.550411,N11447|15071|0.379129,0.0131749
N11421|5366|0.550411,N11469|11377|1.277083,0.0139652
N11421|5366|0.550411,N11487|10666|0.327003,0.0139469
N11421|5366|0.550411,N11471|13768|0.711381,0.0131677
N11421|5366|0.550411,N11491|6099|1.205457,0.0139543
N11421|5366|0.550411,N11452|2698|0.399768,0.013965
N11421|5366|0.550411,N11416|9551|0.424175,0.00461518
N11421|5366|0.550411,N11417|2611|2.032126,0.00230528
N7583|8184|0.774372,N7585|9212|1.060281,0.00849637
N7583|8184|0.774372,N7570|9685|0.00472,0.010053
N7583|8184|0.774372,N7573|12128|0.908489,0.0108249
N7583|8184|0.774372,N7569|13864|0.616308,0.00927578
N7583|8184|0.774372,N7582|11418|2.88801,0.0139783
N7583|8184|0.774372,N7571|12548|0.443857,0.0108401
N7583|8184|0.774372,N7526|14207|0.370422,0.0147508
N7583|8184|0.774372,N7572|15384|2.459501,0.0100576
N7583|8184|0.774372,N7568|1526|0.096161,0.00849315
N7583|8184|0.774372,N7578|13870|0.956822,0.00927035
N7583|8184|0.774372,N7556|6176|0.951097,0.011631
N7583|8184|0.774372,N7577|3297|0.36233,0.0084931
N7583|8184|0.774372,N7555|11252|0.72638,0.0100641
N8134|8674|2.04371,N8152|8326|0.287102,0.0123906
N8134|8674|2.04371,N8160|1869|0.101705,0.0139615
N8134|8674|2.04371,N8135|9281|0.296473,0.00694785
N8134|8674|2.04371,N8164|13913|2.676586,0.0116083
N8134|8674|2.04371,N8166|3733|1.199072,0.0131678
N8134|8674|2.04371,N8167|9413|2.896965,0.0123944
N8134|8674|2.04371,N8147|6853|1.322031,0.0139617
N8134|8674|2.04371,N8137|12331|1.746135,0.00693833
N8134|8674|2.04371,N8136|9622|3.642271,0.00693836
N8134|8674|2.04371,N8168|6876|0.395138,0.0116082
N8134|8674|2.04371,N8161|5815|2.657205,0.014788
N8134|8674|2.04371,N8133|7958|2.065495,0.0100657
N8134|8674|2.04371,N8149|3784|0.221216,0.0147444
N8134|8674|2.04371,N8139|6836|1.288953,0.0147402
N8134|8674|2.04371,N8170|12462|1.287377,0.00849169
N8134|8674|2.04371,N8154|11693|1.349062,0.0131751
N8134|8674|2.04371,N8159|14322|1.114167,0.0124347
N8134|8674|2.04371,N8169|2006|2.061169,0.0147481
N8134|8674|2.04371,N8156|9303|2.047012,0.0131973
N8134|8674|2.04371,N8163|5056|0.324114,0.0116141
N9659|14829|0.796797,N9655|2339|0.870519,0.0131956
N9659|14829|0.796797,N9652|10112|0.069084,0.0108503
N9659|14829|0.796797,N9651|1563|0.188435,0.0139739
N9659|14829|0.796797,N9661|1424|1.194736,0.0123904
N9659|14829|0.796797,N9657|10606|0.515557,0.0139617
N9659|14829|0.796797,N9654|10789|0.361412,0.0124028
N9659|14829|0.796797,N9653|6696|0.376834,0.0108503
N9659|14829|0.796797,N9663|7866|2.070923,0.0116146
N9659|14829|0.796797,N9660|10193|3.536581,0.0123817
N8548|11085|0.235396,N8536|1578|1.200852,0.0131642
N8548|11085|0.235396,N8551|9628|1.262071,0.00616148
N8548|11085|0.235396,N8562|8126|2.727525,0.0139456
N8548|11085|0.235396,N8543|5534|1.731312,0.0123663
N8548|11085|0.235396,N8625|3854|0.755222,0.0147455
N8548|11085|0.235396,N8545|8408|2.651616,0.011588
N8548|11085|0.235396,N8554|13926|2.101798,0.0100483
N8548|11085|0.235396,N8553|3271|1.270083,0.00928589
N8548|11085|0.235396,N8529|2948|0.719877,0.0123874
N8548|11085|0.235396,N8557|3708|1.262066,0.00693319
N8548|11085|0.235396,N8544|7232|0.87161,0.012364
N8548|11085|0.235396,N8542|14167|3.9748,0.0147101
N8548|11085|0.235396,N8547|9642|2.033348,0.00076673
N8548|11085|0.235396,N8535|9122|0.13603,0.0123775
N8548|11085|0.235396,N8528|6714|2.0197,0.0147472
N8548|11085|0.235396,N8537|12736|0.793561,0.0147446
N8548|11085|0.235396,N8539|10972|3.907177,0.0139283
N8548|11085|0.235396,N8552|6239|1.256476,0.00927377
N8548|11085|0.235396,N8549|12863|1.403818,0.000767618
N7309|7885|2.693545,N7310|5651|1.701646,0.0108335
N7309|7885|2.693545,N7311|9620|3.147471,0.00849048
N7309|7885|2.693545,N7315|11457|0.474614,0.00461624
N7309|7885|2.693545,N7312|7002|1.104188,0.0053868
N7309|7885|2.693545,N7313|7438|3.192167,0.0100392
N11380|13281|0.01983,N11413|8686|1.389957,0.0147719
N11380|13281|0.01983,N11412|1935|0.128139,0.0147719
N11380|13281|0.01983,N11389|5327|0.431325,0.00539632
N11380|13281|0.01983,N11359|1668|1.581908,0.0139561
N11380|13281|0.01983,N11368|5646|1.05269,0.00927373
N11380|13281|0.01983,N11378|12634|1.329419,0.00771333
N11380|13281|0.01983,N11388|9433|0.079396,0.00772834
N11380|13281|0.01983,N11367|6891|0.732076,0.00928402
N11380|13281|0.01983,N11386|14685|4.001875,0.0132633
N11380|13281|0.01983,N11365|7096|0.63038,0.00848505
N11380|13281|0.01983,N11363|15066|0.637353,0.00771206
N11380|13281|0.01983,N11371|5903|1.512719,0.00772847
N11380|13281|0.01983,N11385|11164|3.283753,0.012425
N11380|13281|0.01983,N11373|7146|0.687377,0.00771922
N11380|13281|0.01983,N11366|6591|5.541124,0.0108197
N11380|13281|0.01983,N11358|3722|2.637675,0.0116153
N11380|13281|0.01983,N11375|8477|0.703535,0.00849278
N11380|13281|0.01983,N11384|2281|1.186815,0.00384621
N11380|13281|0.01983,N11361|9367|0.658486,0.00849156
N10292|13316|0.436738,N10323|6376|0.815691,0.0124043
N10292|13316|0.436738,N10293|1501|5.525746,0.00771323
N10292|13316|0.436738,N10301|14140|0.237663,0.00928775
N10292|13316|0.436738,N10309|9762|0.882892,0.0108922
N10292|13316|0.436738,N10298|7700|1.966895,0.0108281
N10292|13316|0.436738,N10340|4232|1.303956,0.0147572
N10292|13316|0.436738,N10295|1976|0.696104,0.00849152
N10292|13316|0.436738,N10306|5814|2.442278,0.0123942
N10292|13316|0.436738,N10308|7071|0.582151,0.00773054
N10292|13316|0.436738,N10307|14002|0.117948,0.00850078
N10292|13316|0.436738,N10313|9230|1.208993,0.0108392
N10292|13316|0.436738,N10326|9873|2.510876,0.0139458
N10292|13316|0.436738,N10325|4335|2.758753,0.0139457
N10292|13316|0.436738,N10316|9769|0.632086,0.0139654
N10292|13316|0.436738,N10331|14268|0.255619,0.0139526
N10292|13316|0.436738,N10314|1679|0.052918,0.00928622
N10292|13316|0.436738,N10317|11010|1.250049,0.0147727
N10292|13316|0.436738,N10329|13495|2.243571,0.0131809
N10292|13316|0.436738,N10299|10444|2.378877,0.012407
N10292|13316|0.436738,N10315|6133|1.421078,0.0116266
N13006|7909|1.475456,N13005|4444|1.174449,0.00539613
N13006|7909|1.475456,N12982|14252|0.33309,0.014745
N13006|7909|1.475456,N12969|7672|1.042786,0.0139694
N13006|7909|1.475456,N13000|10768|0.660106,0.00849653
N13006|7909|1.475456,N12995|3030|0.832701,0.0100697
N13006|7909|1.475456,N12978|8669|5.795832,0.0124415
N13006|7909|1.475456,N12985|2038|1.072247,0.0139637
N13006|7909|1.475456,N12988|5294|0.324096,0.0123972
N13006|7909|1.475456,N12998|8221|0.848825,0.0116195
N13006|7909|1.475456,N12996|11426|0.862639,0.0116211
N13006|7909|1.475456,N12987|13617|0.236659,0.0108444
N13006|7909|1.475456,N12992|10856|1.925319,0.0108328
N13006|7909|1.475456,N12986|8658|4.09695,0.0116211
N13006|7909|1.475456,N12997|12399|1.005863,0.0132001
N13006|7909|1.475456,N12977|12673|1.17305,0.00851189
N12929|15262|2.182145,N12927|4477|1.2477,0.00694683
N11441|13197|0.277409,N11430|13324|0.82787,0.0116112
N11441|13197|0.277409,N11474|6745|0.399884,0.0108266
N11441|13197|0.277409,N11450|8696|1.833598,0.010854
N11441|13197|0.277409,N11464|4774|2.356946,0.0100672
N11441|13197|0.277409,N11442|1536|3.34164,0.0108248
N11441|13197|0.277409,N11456|10863|0.74217,0.0131874
N11441|13197|0.277409,N11418|2052|0.356991,0.0108314
N11441|13197|0.277409,N11445|11056|1.106621,0.0139727
N11441|13197|0.277409,N11457|3440|2.050117,0.00928894
N11441|13197|0.277409,N11493|6449|0.513576,0.0147579
N11441|13197|0.277409,N11461|2877|0.897368,0.010063
N11441|13197|0.277409,N11453|2357|5.047169,0.0147846
N11441|13197|0.277409,N11462|14660|0.116968,0.010842
N11441|13197|0.277409,N11481|4836|0.074316,0.0148109
N11441|13197|0.277409,N11459|5137|0.887993,0.0124168
N11441|13197|0.277409,N11420|5326|2.154032,0.0108315
N11441|13197|0.277409,N11436|8642|2.737344,0.00849282
N11441|13197|0.277409,N11480|4799|0.732079,0.0148109
N11441|13197|0.277409,N11465|1674|3.954232,0.0123992
N11441|13197|0.277409,N11444|2905|0.625784,0.0139617
N11441|13197|0.277409,N11476|7720|0.188723,0.00927547
N11441|13197|0.277409,N11466|6960|0.69333,0.0100566
N11441|13197|0.277409,N11431|13501|1.227073,0.0139469
N11441|13197|0.277409,N11439|4031|5.949013,0.0046205
N11441|13197|0.277409,N11432|8564|1.106573,0.0100391
N11441|13197|0.277409,N11460|4546|1.523002,0.0116571
N11441|13197|0.277409,N11463|14878|1.463977,0.0124057
N11441|13197|0.277409,N11440|9498|2.349682,0.00772004
N11441|13197|0.277409,N11472|6578|0.483504,0.0108401
N11441|13197|0.277409,N11447|15071|0.379129,0.0077174
N11441|13197|0.277409,N11469|11377|1.277083,0.0131939
N11441|13197|0.277409,N11471|13768|0.711381,0.0116154
N11441|13197|0.277409,N11455|6968|3.156725,0.0116262
N11441|13197|0.277409,N11434|2008|6.10435,0.011614
N11441|13197|0.277409,N11452|2698|0.399768,0.0100572
N11441|13197|0.277409,N11416|9551|0.424175,0.0131902
N11441|13197|0.277409,N11417|2611|2.032126,0.0108323
N7902|5408|0.192999,N7895|7360|0.043405,0.0116152
N7902|5408|0.192999,N7899|2676|1.632623,0.0139927
N7902|5408|0.192999,N7892|5284|0.242648,0.0116152
N7902|5408|0.192999,N7896|14707|2.438178,0.0124276
N7902|5408|0.192999,N7905|2277|0.003783,0.01477
N7902|5408|0.192999,N7893|4502|1.144069,0.0147576
N7902|5408|0.192999,N7894|14382|1.644205,0.013961
N7902|5408|0.192999,N7889|13786|0.421545,0.011638
N7902|5408|0.192999,N7901|1404|0.044159,0.00307386
N12283|9182|0.984077,N12282|11387|14.014083,0.0147101
N12283|9182|0.984077,N12267|2697|0.281847,0.0131943
N12283|9182|0.984077,N12280|9299|4.229629,0.0108279
N12283|9182|0.984077,N12285|12189|1.973591,0.00927574
N12283|9182|0.984077,N12279|8457|0.616552,0.00695697
N12283|9182|0.984077,N12276|15364|0.213973,0.00926569
N12283|9182|0.984077,N12275|11037|0.312229,0.010041
N12283|9182|0.984077,N12281|5227|0.377566,0.00617445
N12283|9182|0.984077,N12266|5430|2.464993,0.0139731
N12283|9182|0.984077,N12287|7526|3.375562,0.0147287
N12741|2975|1.923184,N12742|4863|0.321729,0.00462393
N11360|10843|4.402385,N11359|1668|1.581908,0.00929662
N7627|13129|0.025741,N7631|14896|2.134,0.00384234
N7627|13129|0.025741,N7605|9220|0.78423,0.0131841
N7627|13129|0.025741,N7592|6283|0.028823,0.0116137
N7627|13129|0.025741,N7613|2721|3.006235,0.0131674
N7627|13129|0.025741,N7612|1953|2.630362,0.0123978
N7627|13129|0.025741,N7591|13923|0.380598,0.0123977
N7627|13129|0.025741,N7604|7734|1.196841,0.0139801
N7627|13129|0.025741,N7629|1903|10.786053,0.0131783
N7627|13129|0.025741,N7603|12566|1.558334,0.0131954
N7627|13129|0.025741,N7618|8594|1.069863,0.013183
N7627|13129|0.025741,N7616|10188|1.521941,0.0131831
N10734|1378|2.016343,N10719|10926|0.02991,0.0147343
N10734|1378|2.016343,N10737|12068|0.497491,0.00384523
N10734|1378|2.016343,N10716|5404|0.583346,0.0116022
N10734|1378|2.016343,N10724|3500|0.101707,0.0139455
N10734|1378|2.016343,N10732|12967|0.670641,0.0139538
N10734|1378|2.016343,N10726|6909|1.102324,0.0139455
N10734|1378|2.016343,N10740|14410|2.284142,0.0131609
N10734|1378|2.016343,N10735|8144|0.65834,0.00461968
N7192|1663|4.267936,N7191|7109|1.321887,0.00384655
N8439|7494|4.63482,N8435|13784|0.320534,0.011638
N9108|7670|1.052065,N9126|4611|0.442235,0.0116331
N9108|7670|1.052065,N9117|15300|3.458374,0.0124101
N9108|7670|1.052065,N9116|10730|0.445411,0.0108445
N9108|7670|1.052065,N9109|4667|0.075349,0.0131868
N9108|7670|1.052065,N9134|1592|0.274906,0.0108332
N9108|7670|1.052065,N9115|2253|1.392066,0.01007
N9108|7670|1.052065,N9124|12640|0.657822,0.01319
N9108|7670|1.052065,N9114|12028|0.249049,0.0108579
N9108|7670|1.052065,N9123|7269|4.075191,0.0147717
N9108|7670|1.052065,N9145|12677|0.169826,0.0147718
N9108|7670|1.052065,N9133|10512|0.63993,0.0108265
N11335|6922|0.684495,N11340|11729|1.463688,0.0108469
N11335|6922|0.684495,N11347|2446|1.827773,0.0139973
N11335|6922|0.684495,N11345|10231|0.07044,0.0100588
N11335|6922|0.684495,N11357|7423|1.888211,0.0132019
N11335|6922|0.684495,N11344|5304|0.017475,0.0100588
N11335|6922|0.684495,N11353|6988|0.241705,0.013179
N11335|6922|0.684495,N11354|2427|0.080642,0.0147733
N11335|6922|0.684495,N11337|14009|3.192114,0.00772012
N11335|6922|0.684495,N11356|6647|1.107781,0.0124021
N11335|6922|0.684495,N11336|1750|1.140954,0.00848519
N11335|6922|0.684495,N11333|15173|0.298044,0.0116074
N11335|6922|0.684495,N11334|12468|1.530882,0.0084867
N9900|14891|0.072124,N9886|8932|1.850029,0.0116198
N9900|14891|0.072124,N9897|15321|1.361297,0.00851628
N9900|14891|0.072124,N9892|8211|1.16073,0.0132189
N9900|14891|0.072124,N9898|15081|0.257383,0.00616547
N9900|14891|0.072124,N9885|14109|0.537034,0.0124236
N9900|14891|0.072124,N9887|14244|0.530702,0.0116109
N9900|14891|0.072124,N9894|9402|0.558079,0.0140406
N9900|14891|0.072124,N9893|5859|2.046382,0.0116492
N8536|1578|1.200852,N8551|9628|1.262071,0.014756
N8536|1578|1.200852,N8543|5534|1.731312,0.00850086
N8536|1578|1.200852,N8541|13638|8.498028,0.0131745
N8536|1578|1.200852,N8545|8408|2.651616,0.00772724
N8536|1578|1.200852,N8532|3610|2.520584,0.00539531
N8536|1578|1.200852,N8529|2948|0.719877,0.0147427
N8536|1578|1.200852,N8544|7232|0.87161,0.00849269
N8536|1578|1.200852,N8542|14167|3.9748,0.0108353
N8536|1578|1.200852,N8547|9642|2.033348,0.0123863
N8536|1578|1.200852,N8535|9122|0.13603,0.00230529
N8536|1578|1.200852,N8537|12736|0.793561,0.00462041
N8536|1578|1.200852,N8539|10972|3.907177,0.0100582
N8536|1578|1.200852,N8549|12863|1.403818,0.0139419
N12952|9092|1.967413,N12950|7427|2.13414,0.0147453
N12952|9092|1.967413,N12951|4406|1.578863,0.00848664
N12952|9092|1.967413,N12965|13931|0.983906,0.0131748
N12952|9092|1.967413,N12964|4724|0.75088,0.0124286
N12952|9092|1.967413,N12954|6858|0.200818,0.00384653
N12952|9092|1.967413,N12955|13174|0.357512,0.0030762
N12952|9092|1.967413,N12959|8746|0.330462,0.00615763
N12952|9092|1.967413,N12960|14118|2.91166,0.00461259
N12952|9092|1.967413,N12957|3908|1.355432,0.00539623
N12952|9092|1.967413,N12956|11123|9.085021,0.00539648
N8695|2101|0.980552,N8703|4685|2.065772,0.0139726
N8695|2101|0.980552,N8694|13056|7.607549,0.00926665
N8695|2101|0.980552,N8696|4169|4.005003,0.00771341
N8695|2101|0.980552,N8697|5329|0.327644,0.00461621
N8695|2101|0.980552,N8698|3792|1.008455,0.00539068
N8588|12447|1.070126,N8582|11892|0.085459,0.0116378
N8588|12447|1.070126,N8591|4533|1.628251,0.0139853
N8588|12447|1.070126,N8596|10492|1.664659,0.0147577
N8588|12447|1.070126,N8599|13315|1.800522,0.0147734
N8588|12447|1.070126,N8587|11550|8.798258,0.0139961
N8588|12447|1.070126,N8586|2351|0.429267,0.00929624
N8588|12447|1.070126,N8593|14066|6.884081,0.0139694
N8588|12447|1.070126,N8594|10280|0.478187,0.0131952
N8588|12447|1.070126,N8603|14859|1.315696,0.0131952
N8588|12447|1.070126,N8581|6371|0.050036,0.0148099
N8588|12447|1.070126,N8600|9314|0.056536,0.0131952
N9569|14020|1.47538,N9562|3709|4.60292,0.0131648
N9569|14020|1.47538,N9595|11314|1.260827,0.0123707
N9569|14020|1.47538,N9564|8190|1.697426,0.006941
N9569|14020|1.47538,N9579|13228|0.364303,0.0139657
N9569|14020|1.47538,N9568|6979|2.778294,0.00307298
N9569|14020|1.47538,N9560|8544|0.447709,0.00539065
N9569|14020|1.47538,N9565|9084|0.859842,0.00771151
N9569|14020|1.47538,N9566|1874|1.386538,0.00538677
N11641|1649|2.549367,N11639|9445|1.410352,0.00693947
N11641|1649|2.549367,N11656|5269|2.399176,0.0139701
N11641|1649|2.549367,N11647|1581|0.844933,0.00928477
N11641|1649|2.549367,N11651|13624|1.651375,0.0108469
N11641|1649|2.549367,N11657|12112|1.802905,0.00848476
N11641|1649|2.549367,N11643|10735|0.125534,0.00616748
N11641|1649|2.549367,N11642|3844|2.519686,0.0139978
N11641|1649|2.549367,N11644|8422|0.74399,0.00616748
N11641|1649|2.549367,N11655|12860|0.463801,0.0100569
N11641|1649|2.549367,N11653|13779|1.337948,0.00850198
N11641|1649|2.549367,N11654|7696|3.757235,0.014758
N11641|1649|2.549367,N11649|15386|1.430713,0.0100392
N11641|1649|2.549367,N11645|4531|0.087086,0.00538993
N11641|1649|2.549367,N11660|13089|0.382191,0.0108324
N11641|1649|2.549367,N11646|7298|2.906628,0.00771349
N11641|1649|2.549367,N11648|14770|4.004292,0.0116351
N7958|13338|3.983643,N7955|13044|0.061785,0.00929612
N7958|13338|3.983643,N7954|2296|1.139415,0.0100835
N7958|13338|3.983643,N7956|5213|0.684995,0.010084
N10572|6426|2.012851,N10569|4669|0.661424,0.00616114
N10572|6426|2.012851,N10573|3480|1.463531,0.0123941
N10572|6426|2.012851,N10570|13990|2.485243,0.00693829
N10580|12481|0.361,N10592|11751|0.724185,0.0061663
N10580|12481|0.361,N10569|4669|0.661424,0.0147273
N10580|12481|0.361,N10589|7134|1.004689,0.00616632
N10580|12481|0.361,N10584|7104|0.366573,0.00307297
N10580|12481|0.361,N10598|14866|1.372435,0.0139669
N10580|12481|0.361,N10601|10420|0.959582,0.0131747
N10580|12481|0.361,N10582|10741|1.762303,0.00385859
N10580|12481|0.361,N10585|12785|0.199406,0.00461619
N10580|12481|0.361,N10573|3480|1.463531,0.0131946
N10580|12481|0.361,N10590|3597|2.18778,0.0100582
N10580|12481|0.361,N10577|2852|0.124301,0.00461963
N10580|12481|0.361,N10586|5873|0.989638,0.00539062
N10580|12481|0.361,N10591|10257|2.420075,0.00461963
N10580|12481|0.361,N10594|11499|0.093242,0.0053849
N10580|12481|0.361,N10595|14754|3.616975,0.00926539
N10580|12481|0.361,N10596|5106|3.670426,0.00926537
N10580|12481|0.361,N10583|5548|4.724395,0.00617772
N11544|14963|1.302651,N11513|14873|1.613532,0.0147476
N11544|14963|1.302651,N11521|2839|0.149121,0.0100497
N11544|14963|1.302651,N11507|6607|1.978532,0.014759
N11544|14963|1.302651,N11556|10035|3.080027,0.010828
N11544|14963|1.302651,N11545|12365|0.79407,0.0131612
N11544|14963|1.302651,N11549|2223|0.51089,0.0108281
N11544|14963|1.302651,N11546|4490|1.028815,0.0108197
N11544|14963|1.302651,N11551|2027|0.878688,0.0139617
N11544|14963|1.302651,N11524|6585|0.421476,0.0131677
N11544|14963|1.302651,N11563|10056|0.209228,0.0147571
N11544|14963|1.302651,N11558|4971|0.648042,0.0116154
N11544|14963|1.302651,N11509|7537|0.30586,0.0131678
N11544|14963|1.302651,N11526|15011|1.043239,0.0131842
N11544|14963|1.302651,N11529|10443|1.930225,0.0132009
N11544|14963|1.302651,N11543|4427|0.832731,0.00230452
N11544|14963|1.302651,N11552|14034|0.499465,0.0100516
N11544|14963|1.302651,N11555|3021|1.953023,0.0123876
N9941|6281|4.105851,N9940|14165|0.033801,0.0131624
N9941|6281|4.105851,N9951|10255|1.515199,0.0147381
N9941|6281|4.105851,N9958|1480|0.111606,0.0123798
N7510|14463|2.682284,N7509|13164|6.100028,0.0108911
N7510|14463|2.682284,N7507|11063|0.809837,0.0100698
N10475|8975|0.101163,N10474|2967|0.351916,0.0139715
N10475|8975|0.101163,N10472|15362|0.90256,0.0124058
N10475|8975|0.101163,N10476|3950|0.968594,0.00153499
N10475|8975|0.101163,N10477|13531|0.072022,0.00384756
N10475|8975|0.101163,N10469|5588|0.391991,0.0116139
N10475|8975|0.101163,N10473|6076|3.435552,0.0139786
N10475|8975|0.101163,N10478|10044|0.490332,0.00850068
N9206|8527|0.64404,N9200|10930|0.21744,0.00461759
N9206|8527|0.64404,N9212|11276|1.009717,0.00928905
N9206|8527|0.64404,N9205|5835|0.625223,0.00385596
N9206|8527|0.64404,N9209|13816|0.419325,0.0108542
N9206|8527|0.64404,N9210|10732|1.319301,0.0139997
N9206|8527|0.64404,N9198|11049|0.361415,0.00307827
N9206|8527|0.64404,N9202|10171|0.551825,0.00230595
N9206|8527|0.64404,N9201|6587|1.404855,0.00540194
N9206|8527|0.64404,N9203|8072|2.247232,0.0085005
N12200|7838|0.777042,N12193|14228|0.485161,0.00461614
N12200|7838|0.777042,N12183|15376|0.316416,0.0116149
N12200|7838|0.777042,N12197|7618|0.527773,0.00307478
N12200|7838|0.777042,N12206|12333|0.381509,0.0139708
N12200|7838|0.777042,N12172|6903|0.887543,0.0139525
N12200|7838|0.777042,N12196|5208|2.339095,0.00693887
N12200|7838|0.777042,N12195|11376|0.590085,0.00307477
N12200|7838|0.777042,N12180|2451|2.75645,0.0124089
N9323|2216|0.376204,N9314|12722|3.282221,0.0131686
N9323|2216|0.376204,N9317|2700|0.779916,0.0147349
N9323|2216|0.376204,N9326|7552|0.69364,0.00538677
N9323|2216|0.376204,N9315|14193|0.052861,0.0116124
N9323|2216|0.376204,N9318|10710|0.589619,0.0108248
N9323|2216|0.376204,N9325|4983|1.773833,0.00616976
N9323|2216|0.376204,N9324|10213|1.234839,0.00307172
N12643|10823|4.91228,N12636|8812|0.274926,0.0077131
N12643|10823|4.91228,N12644|11855|0.121076,0.0108312
N12643|10823|4.91228,N12639|5176|2.615927,0.0116215
N12643|10823|4.91228,N12640|4172|1.084093,0.0116137
N7264|13692|1.377922,N7223|9510|1.199352,0.0147404
N7264|13692|1.377922,N7266|8463|3.814487,0.00616738
N7264|13692|1.377922,N7257|6534|4.963021,0.0108205
N7264|13692|1.377922,N7241|9295|0.149992,0.0139656
N7264|13692|1.377922,N7222|10778|0.966694,0.0147568
N7264|13692|1.377922,N7224|9525|1.63289,0.012398
N7264|13692|1.377922,N7258|10758|0.581307,0.0116083
N7264|13692|1.377922,N7225|10784|0.941838,0.0147458
N7264|13692|1.377922,N7229|4355|2.131715,0.0139676
N7264|13692|1.377922,N7239|8793|0.289335,0.0131767
N7264|13692|1.377922,N7228|2074|1.066336,0.013187
N7264|13692|1.377922,N7227|3532|0.645177,0.0139676
N7264|13692|1.377922,N7265|2369|4.148335,0.00771844
N7264|13692|1.377922,N7255|4944|0.47656,0.0123794
N7264|13692|1.377922,N7254|6299|0.918044,0.0147433
N7264|13692|1.377922,N7262|2821|1.430439,0.0116265
N8676|3909|0.878856,N8667|5850|1.086772,0.0139692
N8676|3909|0.878856,N8677|12968|0.654041,0.00462043
N8676|3909|0.878856,N8666|13078|0.559671,0.0124104
N8676|3909|0.878856,N8669|4088|1.262664,0.0147622
N8676|3909|0.878856,N8670|11686|1.623364,0.0139938
N8676|3909|0.878856,N8674|9719|0.296966,0.00540196
N8676|3909|0.878856,N8672|2210|0.469018,0.0124173
N8676|3909|0.878856,N8673|13767|0.155844,0.0116217
N8676|3909|0.878856,N8675|12520|4.641865,0.00928637
N8676|3909|0.878856,N8678|10511|0.772648,0.00617309
N11497|11219|0.521564,N11496|11525|1.862433,0.0092862
N11497|11219|0.521564,N11495|2272|1.610782,0.00850019
N9940|14165|0.033801,N9949|5322|0.968888,0.0116089
N9940|14165|0.033801,N9953|4252|2.085547,0.00927741
N9940|14165|0.033801,N9954|14219|0.429237,0.0092843
N9940|14165|0.033801,N9951|10255|1.515199,0.00771737
N9940|14165|0.033801,N9939|3554|0.826545,0.00230451
N9940|14165|0.033801,N9958|1480|0.111606,0.00539063
N9940|14165|0.033801,N9938|9738|2.775301,0.00849625
N9940|14165|0.033801,N9965|8087|0.85324,0.014795
N9940|14165|0.033801,N9960|10554|0.156321,0.0147455
N9940|14165|0.033801,N9947|2373|1.334517,0.011649
N9940|14165|0.033801,N9957|8145|4.00704,0.0085019
N7759|6838|1.281688,N7756|11607|0.55522,0.011615
N7759|6838|1.281688,N7757|7790|1.410712,0.0139721
N12671|8983|6.461662,N12677|7719|1.38275,0.0131879
N12671|8983|6.461662,N12687|3549|0.172949,0.0124062
N12671|8983|6.461662,N12673|4752|1.088216,0.0116234
N12671|8983|6.461662,N12668|15202|0.179902,0.0100634
N12671|8983|6.461662,N12670|10894|2.37048,0.0108423
N8933|14311|3.788071,N8932|5751|0.944335,0.0139525
N8933|14311|3.788071,N8930|12431|0.095986,0.0116079
N8428|12400|1.45475,N8441|1756|0.163388,0.0147247
N8428|12400|1.45475,N8427|2620|2.793239,0.00770873
N8428|12400|1.45475,N8456|9814|0.522372,0.0147561
N8428|12400|1.45475,N8433|11853|0.993182,0.00851225
N8428|12400|1.45475,N8423|4571|0.442459,0.00926644
N8428|12400|1.45475,N8425|12091|4.347088,0.0061643
N8428|12400|1.45475,N8435|13784|0.320534,0.0131923
N8428|12400|1.45475,N8424|9554|1.692868,0.00693891
N8428|12400|1.45475,N8444|2159|1.045095,0.0147347
N8428|12400|1.45475,N8422|6992|3.41521,0.0139525
N8428|12400|1.45475,N8487|11714|0.291764,0.0147736
N8428|12400|1.45475,N8452|11623|1.6017,0.0147428
N8428|12400|1.45475,N8421|4691|2.121792,0.0139466
N8428|12400|1.45475,N8461|4708|0.70719,0.014772
N12242|13910|0.780578,N12253|11064|0.662412,0.0139795
N12242|13910|0.780578,N12245|9635|0.192131,0.00850471
N12242|13910|0.780578,N12249|10050|0.470262,0.0131759
N12242|13910|0.780578,N12247|3801|2.795937,0.0116341
N12242|13910|0.780578,N12255|8455|5.011073,0.0131758
N12242|13910|0.780578,N12240|14756|0.109242,0.00617357
N12242|13910|0.780578,N12250|7818|1.862516,0.010057
N12242|13910|0.780578,N12244|14164|0.633352,0.009283
N12242|13910|0.780578,N12256|5110|1.787743,0.0147895
N10187|11899|0.473491,N10190|5581|8.666882,0.0108336
N10187|11899|0.473491,N10191|3426|0.515478,0.00461979
N10187|11899|0.473491,N10186|3935|2.504237,0.00770676
N10187|11899|0.473491,N10188|3411|2.150762,0.00384627
N9252|10390|1.674579,N9243|7261|0.499571,0.0123914
N9252|10390|1.674579,N9244|3043|4.915487,0.0147453
N9252|10390|1.674579,N9242|4108|3.081762,0.0116109
N9252|10390|1.674579,N9248|4375|1.148923,0.0131677
N9252|10390|1.674579,N9239|14615|0.547723,0.0139466
N9252|10390|1.674579,N9249|15216|6.116879,0.00926657
N9252|10390|1.674579,N9241|8223|0.166378,0.0108332
N9252|10390|1.674579,N9250|11217|1.363665,0.00538676
N12022|15079|0.179931,N12014|8926|1.747169,0.00850034
N12022|15079|0.179931,N11980|8650|1.136375,0.0140114
N12022|15079|0.179931,N12020|9383|0.896485,0.0131684
N12022|15079|0.179931,N12010|8885|0.16324,0.0147735
N12022|15079|0.179931,N11979|10096|0.769496,0.0132347
N12022|15079|0.179931,N11971|12636|0.690138,0.0124131
N12022|15079|0.179931,N12016|6389|2.646521,0.00926971
N12022|15079|0.179931,N12021|9357|0.044698,0.00616724
N12022|15079|0.179931,N12013|9857|1.013289,0.0085005
N11871|11403|1.151245,N11868|14230|1.45543,0.0117148
N11871|11403|1.151245,N11887|8446|0.150078,0.0100608
N11871|11403|1.151245,N11898|12236|0.570303,0.0100852
N11871|11403|1.151245,N11872|13893|0.229403,0.00462375
N11871|11403|1.151245,N11862|13421|2.727201,0.0124899
N11871|11403|1.151245,N11870|7309|3.13475,0.0132019
N11871|11403|1.151245,N11896|7098|0.209161,0.00931155
N11871|11403|1.151245,N11897|9610|0.038403,0.00852401
N11871|11403|1.151245,N11859|10707|1.084598,0.0116096
N11871|11403|1.151245,N11884|4095|1.34364,0.0132893
N11871|11403|1.151245,N11903|5159|0.285236,0.0100845
N11871|11403|1.151245,N11895|2053|3.159721,0.0124629
N11871|11403|1.151245,N11885|8742|4.861418,0.0148374
N11871|11403|1.151245,N11891|11355|0.511365,0.0116212
N11871|11403|1.151245,N11863|6226|0.321138,0.0100709
N11871|11403|1.151245,N11867|7533|0.320478,0.0109179
N11871|11403|1.151245,N11864|12078|0.107577,0.00931144
N11871|11403|1.151245,N11861|11381|2.689023,0.0123981
N11871|11403|1.151245,N11899|5125|0.206034,0.013995
N11871|11403|1.151245,N11888|2289|1.048972,0.011638
N11871|11403|1.151245,N11875|14773|3.009597,0.00774037
N11871|11403|1.151245,N11869|10918|2.620545,0.0132608
N11871|11403|1.151245,N11892|11963|0.741992,0.0139662
N11871|11403|1.151245,N11866|9059|0.195271,0.0100844
N11871|11403|1.151245,N11890|9921|2.525315,0.0132012
N11871|11403|1.151245,N11865|9837|0.950679,0.012463
N9337|15095|0.733485,N9336|6702|4.063391,0.0100704
N9337|15095|0.733485,N9351|2120|3.029378,0.0139466
N9337|15095|0.733485,N9350|15286|0.742999,0.00927012
N9337|15095|0.733485,N9368|5528|1.847757,0.0147585
N9337|15095|0.733485,N9330|2293|1.827431,0.0147586
N9337|15095|0.733485,N9340|13662|3.058796,0.0046212
N9337|15095|0.733485,N9338|3890|5.260169,0.0131491
N9337|15095|0.733485,N9349|10069|1.964609,0.0100447
N9337|15095|0.733485,N9331|12217|1.148734,0.0100488
N9337|15095|0.733485,N9335|4549|4.258833,0.011611
N9337|15095|0.733485,N9341|11718|4.206502,0.00771734
N9337|15095|0.733485,N9370|6191|0.044663,0.0139806
N9337|15095|0.733485,N9333|13054|1.645774,0.00693378
N9337|15095|0.733485,N9344|3471|0.361147,0.00539065
N9337|15095|0.733485,N9332|12098|1.613069,0.0092737
N9337|15095|0.733485,N9342|14450|0.850897,0.00461969
N9337|15095|0.733485,N9334|8076|0.202191,0.00461969
N10701|4467|0.721486,N10703|5410|3.657255,0.0139802
N10701|4467|0.721486,N10702|14528|3.548708,0.00926068
N10701|4467|0.721486,N10700|3193|0.042069,0
N8511|3065|2.010675,N8508|9851|0.401994,0.0100442
N8511|3065|2.010675,N8512|14353|0.054117,0.00307186
N8511|3065|2.010675,N8504|14509|1.010982,0.0116069
N8511|3065|2.010675,N8510|1909|0.102184,0.0108246
N7362|1990|4.840171,N7372|14442|0.013095,0.0132176
N7362|1990|4.840171,N7368|6338|0.854409,0.0116498
N7362|1990|4.840171,N7357|12018|1.865211,0.0148331
N7362|1990|4.840171,N7359|12326|0.642363,0.014832
N7362|1990|4.840171,N7364|14981|1.278328,0.00850124
N7362|1990|4.840171,N7361|4656|0.357697,0.014056
N7362|1990|4.840171,N7358|8381|0.416148,0.0124604
N7362|1990|4.840171,N7365|6936|1.085228,0.0100486
N7362|1990|4.840171,N7363|2573|0.103245,0.00462055
N8899|2682|0.452694,N8893|6537|0.388332,0.00538599
N8899|2682|0.452694,N8901|4244|1.239644,0.014773
N8899|2682|0.452694,N8892|6668|1.175247,0.00462133
N8899|2682|0.452694,N8888|11071|3.593957,0.0108202
N8899|2682|0.452694,N8894|2000|0.615862,0.00384627
N8899|2682|0.452694,N8903|15047|0.889229,0.0139974
N8899|2682|0.452694,N8891|1619|0.761174,0.00771225
N8899|2682|0.452694,N8902|10980|0.318318,0.013203
N8899|2682|0.452694,N8886|14755|1.395277,0.00693322
N8899|2682|0.452694,N8898|14688|0.203747,0.00307344
N10592|11751|0.724185,N10589|7134|1.004689,0.0108494
N10592|11751|0.724185,N10584|7104|0.366573,0.00771808
N10592|11751|0.724185,N10582|10741|1.762303,0.00849627
N10592|11751|0.724185,N10585|12785|0.199406,0.00927568
N10592|11751|0.724185,N10590|3597|2.18778,0.0147475
N10592|11751|0.724185,N10577|2852|0.124301,0.0092702
N10592|11751|0.724185,N10586|5873|0.989638,0.0100529
N10592|11751|0.724185,N10591|10257|2.420075,0.0092702
N10592|11751|0.724185,N10594|11499|0.093242,0.01005
N10592|11751|0.724185,N10595|14754|3.616975,0.0139458
N10592|11751|0.724185,N10596|5106|3.670426,0.0139458
N10592|11751|0.724185,N10583|5548|4.724395,0.0108264
N7923|12339|0.896847,N7918|3940|1.356108,0.00928412
N7923|12339|0.896847,N7921|13942|2.702204,0.0100697
N7923|12339|0.896847,N7909|4014|2.262508,0.0108729
N7923|12339|0.896847,N7910|2934|1.169772,0.0147906
N7923|12339|0.896847,N7912|10772|0.239024,0.0116199
N7923|12339|0.896847,N7919|12802|6.068616,0.0124249
N10999|2906|0.173692,N11000|11209|1.438034,0.0108322
N10999|2906|0.173692,N10998|9227|1.518667,0.0116218
N10999|2906|0.173692,N11003|12986|1.769331,0.0100875
N10999|2906|0.173692,N10957|7904|0.350226,0.0100839
N7895|7360|0.043405,N7899|2676|1.632623,0.0116215
N7895|7360|0.043405,N7892|5284|0.242648,0.00770668
N7895|7360|0.043405,N7903|7046|0.315072,0.0116069
N7895|7360|0.043405,N7896|14707|2.438178,0.00693896
N7895|7360|0.043405,N7908|9183|1.010926,0.0131746
N7895|7360|0.043405,N7897|2553|0.357643,0.0108202
N7895|7360|0.043405,N7905|2277|0.003783,0.0100448
N7895|7360|0.043405,N7893|4502|1.144069,0.00307833
N7895|7360|0.043405,N7894|14382|1.644205,0.00384396
N7895|7360|0.043405,N7889|13786|0.421545,0.00771841
N7895|7360|0.043405,N7901|1404|0.044159,0.011607
N10658|9191|2.980283,N10657|13538|1.741755,0.00848051
N8058|4001|2.797371,N8057|2864|1.836246,0.0100605
N8058|4001|2.797371,N8051|12609|3.009373,0.0116341
N8058|4001|2.797371,N8060|11687|1.03275,0.00384774
N8058|4001|2.797371,N8056|1751|1.722997,0.0108246
N8058|4001|2.797371,N8050|12356|0.711973,0.0108311
N9828|10887|2.132094,N9830|6964|0.640338,0.00538986
N9828|10887|2.132094,N9832|1525|1.122397,0.0132168
N9828|10887|2.132094,N9820|3484|0.38852,0.0131839
N9828|10887|2.132094,N9829|13984|2.773599,0.00849271
N9828|10887|2.132094,N9831|5311|1.423124,0.00694095
N9828|10887|2.132094,N9827|9083|2.365915,0.00694071
N9828|10887|2.132094,N9819|3524|3.039385,0.0139613
N9828|10887|2.132094,N9822|10407|0.064502,0.0108312
N8582|11892|0.085459,N8601|11429|2.258708,0.00616728
N8582|11892|0.085459,N8566|8396|2.10113,0.0123977
N8582|11892|0.085459,N8611|5692|2.305303,0.0100582
N8582|11892|0.085459,N8570|6567|1.474241,0.0139731
N8582|11892|0.085459,N8571|8832|0.01461,0.0100514
N8582|11892|0.085459,N8591|4533|1.628251,0.00694095
N8582|11892|0.085459,N8572|8563|2.244043,0.010828
N8582|11892|0.085459,N8583|8725|2.629299,0.0108332
N8582|11892|0.085459,N8596|10492|1.664659,0.00771319
N8582|11892|0.085459,N8599|13315|1.800522,0.00771831
N8582|11892|0.085459,N8598|9678|4.893148,0.0108264
N8582|11892|0.085459,N8578|15099|0.090513,0.00615984
N8582|11892|0.085459,N8610|13391|2.668862,0.00848498
N8582|11892|0.085459,N8564|4408|0.742398,0.00850001
N8582|11892|0.085459,N8592|5055|2.510444,0.00849657
N8582|11892|0.085459,N8602|9185|4.229929,0.0100514
N8582|11892|0.085459,N8586|2351|0.429267,0.0053953
N8582|11892|0.085459,N8593|14066|6.884081,0.00693822
N8582|11892|0.085459,N8594|10280|0.478187,0.00616431
N8582|11892|0.085459,N8597|3589|2.374505,0.011607
N8582|11892|0.085459,N8603|14859|1.315696,0.00307297
N8582|11892|0.085459,N8607|10838|3.726662,0.0132008
N8582|11892|0.085459,N8606|11109|4.121354,0.00693757
N8582|11892|0.085459,N8584|8854|5.97736,0.0139938
N8582|11892|0.085459,N8623|12267|0.077572,0.0147715
N8582|11892|0.085459,N8585|6747|4.03225,0.0108332
N8582|11892|0.085459,N8581|6371|0.050036,0.00308249
N8582|11892|0.085459,N8573|5847|3.806004,0.0100447
N8582|11892|0.085459,N8574|1551|0.966694,0.00616108
N8582|11892|0.085459,N8600|9314|0.056536,0.00307297
N11921|3186|0.236668,N11919|5664|0.375667,0.00384232
N11921|3186|0.236668,N11920|6056|2.941989,0.00616733
N7596|2993|3.413126,N7631|14896|2.134,0.0147677
N7596|2993|3.413126,N7595|2100|3.352798,0.00849052
N7596|2993|3.413126,N7605|9220|0.78423,0.0131925
N7596|2993|3.413126,N7613|2721|3.006235,0.0131765
N7596|2993|3.413126,N7612|1953|2.630362,0.0124068
N7596|2993|3.413126,N7604|7734|1.196841,0.0139904
N7596|2993|3.413126,N7600|10922|3.58875,0.013196
N7596|2993|3.413126,N7597|8505|0.083789,0.0116222
N7596|2993|3.413126,N7603|12566|1.558334,0.0132036
N7596|2993|3.413126,N7599|5087|0.891603,0.0131968
N7596|2993|3.413126,N7618|8594|1.069863,0.013194
N7596|2993|3.413126,N7616|10188|1.521941,0.0131942
N7653|12272|0.241083,N7652|11652|2.748245,0.0116149
N12533|7974|0.244196,N12591|8487|2.116312,0.0147674
N12533|7974|0.244196,N12597|12730|0.443169,0.0139693
N12533|7974|0.244196,N12551|7510|0.251933,0.0100638
N12533|7974|0.244196,N12584|7383|0.524904,0.0139714
N12533|7974|0.244196,N12566|9121|0.08259,0.0132167
N12533|7974|0.244196,N12498|9476|0.063085,0.0100448
N12533|7974|0.244196,N12488|12101|1.121635,0.011623
N12533|7974|0.244196,N12475|4624|0.137927,0.0139796
N12533|7974|0.244196,N12537|4468|2.635044,0.0147674
N12533|7974|0.244196,N12459|10633|0.178368,0.012403
N12533|7974|0.244196,N12530|10028|0.70269,0.00850083
N12533|7974|0.244196,N12564|8090|2.029125,0.0131839
N12533|7974|0.244196,N12507|9063|0.371893,0.0147694
N12533|7974|0.244196,N12563|8865|1.422802,0.013183
N12533|7974|0.244196,N12535|11736|0.394495,0.0108383
N12533|7974|0.244196,N12541|4819|2.172499,0.0140092
N12533|7974|0.244196,N12508|14807|0.41106,0.0116138
N12533|7974|0.244196,N12555|4208|2.598968,0.0123834
N12533|7974|0.244196,N12524|7348|0.12227,0.0100528
N12533|7974|0.244196,N12603|6671|3.050434,0.0147574
N12533|7974|0.244196,N12531|6368|0.808906,0.00694779
N12533|7974|0.244196,N12465|9663|3.510964,0.0124362
N12533|7974|0.244196,N12462|6718|0.293305,0.0116069
N12533|7974|0.244196,N12473|13030|2.051846,0.0116306
N12533|7974|0.244196,N12472|2949|0.315673,0.0131831
N12533|7974|0.244196,N12460|14159|2.404334,0.0147473
N12533|7974|0.244196,N12481|5745|0.140218,0.0139722
N12533|7974|0.244196,N12553|5590|1.684612,0.0131838
N12533|7974|0.244196,N12482|15143|0.193936,0.0124058
N12533|7974|0.244196,N12527|9237|0.448218,0.0124032
N12533|7974|0.244196,N12518|9895|2.414444,0.0132168
N12533|7974|0.244196,N12504|8693|0.601243,0.0124059
N12533|7974|0.244196,N12519|10480|2.16617,0.0116347
N12533|7974|0.244196,N12550|8083|0.027918,0.0100638
N12533|7974|0.244196,N12602|14045|0.864212,0.0147575
N12533|7974|0.244196,N12588|14367|1.187912,0.013192
N12533|7974|0.244196,N12492|6139|1.973109,0.0131746
N12533|7974|0.244196,N12600|4349|1.436957,0.0147576
N12533|7974|0.244196,N12554|10454|0.637343,0.0100572
N12533|7974|0.244196,N12500|10430|1.273377,0.0131764
N12533|7974|0.244196,N12534|12395|1.442349,0.00230469
N12533|7974|0.244196,N12505|6802|1.904995,0.0139524
N12533|7974|0.244196,N12569|10700|0.180908,0.0139842
N12533|7974|0.244196,N12497|5875|0.074333,0.0100447
N12533|7974|0.244196,N12545|9734|2.533836,0.0131919
N12533|7974|0.244196,N12483|3059|1.085798,0.0147496
N12533|7974|0.244196,N12513|6383|0.180784,0.0139897
N12533|7974|0.244196,N12480|6588|1.156968,0.0139613
N12533|7974|0.244196,N12517|2545|1.034848,0.0124174
N12533|7974|0.244196,N12529|4469|3.56161,0.00616916
N12533|7974|0.244196,N12528|11921|2.139033,0.006955
N12533|7974|0.244196,N12461|3483|0.725069,0.0131715
N12533|7974|0.244196,N12546|6374|0.291382,0.0147673
N12533|7974|0.244196,N12487|6538|4.703612,0.0147577
N12533|7974|0.244196,N12543|10805|3.530949,0.0147772
N9737|7406|0.048183,N9718|3089|1.589766,0.0100496
N9737|7406|0.048183,N9724|12926|0.820052,0.0100886
N9737|7406|0.048183,N9734|4999|0.948464,0.0108418
N9737|7406|0.048183,N9729|8174|0.467334,0.0116139
N9737|7406|0.048183,N9747|1844|0.32389,0.0100671
N9737|7406|0.048183,N9716|11708|2.376221,0.0116008
N9737|7406|0.048183,N9726|8488|0.687493,0.0108809
N9737|7406|0.048183,N9744|11153|1.514729,0.0116305
N9737|7406|0.048183,N9731|10819|0.095892,0.01084
N9737|7406|0.048183,N9722|11084|0.167069,0.00850211
N9737|7406|0.048183,N9748|7503|0.077164,0.00928615
N9737|7406|0.048183,N9742|1593|1.843405,0.0100565
N9737|7406|0.048183,N9736|4880|0.301087,0.00850156
N9737|7406|0.048183,N9728|15310|0.085393,0.010838
N9737|7406|0.048183,N9713|11770|0.47842,0.0132127
N9737|7406|0.048183,N9727|2654|0.637465,0.0092754
N9737|7406|0.048183,N9723|4534|3.162746,0.0123992
N9737|7406|0.048183,N9733|11666|0.117101,0.00850156
N9737|7406|0.048183,N9740|10865|0.999278,0.00694532
N9737|7406|0.048183,N9743|5866|1.262035,0.0132024
N12636|8812|0.274926,N12647|13618|1.367856,0.01007
N12636|8812|0.274926,N12551|7510|0.251933,0.0147583
N12636|8812|0.274926,N12644|11855|0.121076,0.00462625
N12636|8812|0.274926,N12633|3813|0.796225,0.0139937
N12636|8812|0.274926,N12649|2098|1.034296,0.0116254
N12636|8812|0.274926,N12550|8083|0.027918,0.0147583
N12636|8812|0.274926,N12554|10454|0.637343,0.0147445
N12636|8812|0.274926,N12639|5176|2.615927,0.00698536
N12636|8812|0.274926,N12634|12323|0.562584,0.0139853
N12636|8812|0.274926,N12640|4172|1.084093,0.00695541
N11060|5132|2.3421,N11062|6482|0.412079,0.00694793
N11060|5132|2.3421,N11067|10135|0.02901,0.0132039
N11060|5132|2.3421,N11066|10755|0.62982,0.013209
N10964|9217|0.46378,N10959|14583|1.798967,0.0147723
N10964|9217|0.46378,N10963|4998|3.866212,0.00384235
N10964|9217|0.46378,N10966|12602|4.589616,0.00462639
N10964|9217|0.46378,N10968|11278|2.011255,0.0100588
N10964|9217|0.46378,N10957|7904|0.350226,0.0116203
N11523|10366|1.727276,N11513|14873|1.613532,0.01475
N11523|10366|1.727276,N11521|2839|0.149121,0.00849057
N11523|10366|1.727276,N11524|6585|0.421476,0.00849313
N11523|10366|1.727276,N11509|7537|0.30586,0.013172
N11523|10366|1.727276,N11526|15011|1.043239,0.0116157
N11523|10366|1.727276,N11529|10443|1.930225,0.0147584
N7673|8024|1.150491,N7661|9170|0.239943,0.0147398
N7673|8024|1.150491,N7672|4796|0.453661,0.00462041
N7673|8024|1.150491,N7662|11576|1.210973,0.0147503
N7673|8024|1.150491,N7665|8744|0.930059,0.0108331
N7673|8024|1.150491,N7664|6454|0.318782,0.0131626
N7673|8024|1.150491,N7666|7799|1.798255,0.011607
N7673|8024|1.150491,N7663|4454|1.64803,0.0147398
N7673|8024|1.150491,N7668|12471|1.776381,0.0100496
N7524|3321|2.534676,N7517|11346|0.636323,0.0147185
N7524|3321|2.534676,N7528|1998|1.594102,0.0147258
N7524|3321|2.534676,N7526|14207|0.370422,0.0131558
N9010|5896|0.079458,N9036|15289|0.836622,0.0147459
N9010|5896|0.079458,N9021|7955|0.469038,0.0139643
N9010|5896|0.079458,N9008|6572|1.500492,0.00849639
N9010|5896|0.079458,N9009|14787|1.215625,0.003073
N9010|5896|0.079458,N9019|1759|3.21172,0.0131555
N9010|5896|0.079458,N9012|7036|0.144812,0.00771751
N9010|5896|0.079458,N9011|4049|3.99935,0.0131688
N9010|5896|0.079458,N9005|9621|0.184888,0.0100445
N9010|5896|0.079458,N9018|7028|1.271107,0.0123775
N9010|5896|0.079458,N9020|4424|0.845904,0.0131741
N12132|7171|0.82468,N12126|500|0.85542,0.011607
N12132|7171|0.82468,N12129|11476|2.879378,0.0139614
N12132|7171|0.82468,N12127|2725|0.772494,0.0124104
N12132|7171|0.82468,N12128|13021|2.173363,0.0139676
N10323|6376|0.815691,N10301|14140|0.237663,0.0092606
N10323|6376|0.815691,N10309|9762|0.882892,0.0108262
N10323|6376|0.815691,N10306|5814|2.442278,0.0123958
N10323|6376|0.815691,N10308|7071|0.582151,0.0077066
N10323|6376|0.815691,N10307|14002|0.117948,0.00849125
N10323|6376|0.815691,N10313|9230|1.208993,0.0108116
N10323|6376|0.815691,N10316|9769|0.632086,0.0139637
N10323|6376|0.815691,N10324|6913|0.741067,0.0139667
N10323|6376|0.815691,N10314|1679|0.052918,0.00926631
N10323|6376|0.815691,N10317|11010|1.250049,0.0147501
N10323|6376|0.815691,N10329|13495|2.243571,0.014725
N10323|6376|0.815691,N10299|10444|2.378877,0.012369
N10323|6376|0.815691,N10315|6133|1.421078,0.0116106
N7422|2608|0.40176,N7420|7626|1.375856,0.0140113
N7422|2608|0.40176,N7414|14847|0.09114,0.0140115
N7422|2608|0.40176,N7385|13875|0.016875,0.0139672
N7422|2608|0.40176,N7410|14816|0.502302,0.0132162
N7422|2608|0.40176,N7409|3487|3.653265,0.0147887
N7422|2608|0.40176,N7408|10835|0.386487,0.0139934
N7422|2608|0.40176,N7417|6681|1.424463,0.0132866
N7422|2608|0.40176,N7383|14512|0.16135,0.0147584
N7422|2608|0.40176,N7423|1585|0.671532,0.00153436
N9191|5091|0.55779,N9190|11189|0.636114,0.00230473
N9191|5091|0.55779,N9192|8439|1.719298,0.00538487
N9191|5091|0.55779,N9212|11276|1.009717,0.0139528
N9191|5091|0.55779,N9195|9968|2.978135,0.0108242
N9001|10204|5.449523,N9005|9621|0.184888,0.0116179
N7802|10478|5.112142,N7800|3710|0.647854,0.013941
N7802|10478|5.112142,N7797|10340|0.068652,0.0139589
N7802|10478|5.112142,N7801|12937|0.554222,0.0131624
N9640|14360|3.414417,N9639|12181|9.136207,0.010036
N9640|14360|3.414417,N9637|2173|2.015081,0.00927024
N9640|14360|3.414417,N9636|10447|3.210074,0.0124067
N9640|14360|3.414417,N9644|7442|2.394774,0.00928446
N9640|14360|3.414417,N9635|5757|0.539996,0.0147578
N11430|13324|0.82787,N11457|3440|2.050117,0.0139609
N11430|13324|0.82787,N11436|8642|2.737344,0.0131739
N11430|13324|0.82787,N11429|12203|4.24003,0.0108314
N11430|13324|0.82787,N11466|6960|0.69333,0.0147458
N11430|13324|0.82787,N11439|4031|5.949013,0.0123981
N11430|13324|0.82787,N11432|8564|1.106573,0.0123979
N11430|13324|0.82787,N11447|15071|0.379129,0.0131752
N11430|13324|0.82787,N11452|2698|0.399768,0.01474
N13039|7252|7.328065,N13044|14894|0.279795,0.0100632
N13039|7252|7.328065,N13046|7586|0.27506,0.0108421
N10910|15046|0.141043,N10905|7665|1.178674,0.00771335
N10910|15046|0.141043,N10902|3258|0.585236,0.0131649
N10910|15046|0.141043,N10906|3654|0.56303,0.00849276
N10910|15046|0.141043,N10901|13755|3.29533,0.013175
N10910|15046|0.141043,N10904|8576|0.676647,0.0108354
N10910|15046|0.141043,N10911|4392|3.798264,0.00384235
N10910|15046|0.141043,N10908|10652|1.045014,0.00927746
N10910|15046|0.141043,N10909|10151|1.042798,0.00384656
N7420|7626|1.375856,N7414|14847|0.09114,0.0139959
N7420|7626|1.375856,N7384|8193|0.322294,0.0147576
N7420|7626|1.375856,N7385|13875|0.016875,0.0131833
N7420|7626|1.375856,N7410|14816|0.502302,0.0132034
N7420|7626|1.375856,N7409|3487|3.653265,0.0147778
N7420|7626|1.375856,N7408|10835|0.386487,0.0139854
N7420|7626|1.375856,N7417|6681|1.424463,0.00539349
N7420|7626|1.375856,N7383|14512|0.16135,0.0139696
N7420|7626|1.375856,N7423|1585|0.671532,0.0140115
N12796|8593|0.43714,N12799|7601|3.625467,0.0140117
N12796|8593|0.43714,N12784|3331|0.692063,0.0147398
N12796|8593|0.43714,N12792|4718|1.104993,0.0131831
N12796|8593|0.43714,N12759|12675|0.102362,0.0131761
N12796|8593|0.43714,N12770|5861|0.616059,0.0123991
N12796|8593|0.43714,N12751|14883|0.545789,0.0131831
N12796|8593|0.43714,N12756|2309|1.276595,0.0131828
N12796|8593|0.43714,N12755|12020|0.149553,0.0124056
N12796|8593|0.43714,N12803|2064|0.265817,0.0100502
N12796|8593|0.43714,N12720|1572|0.182671,0.0147474
N12796|8593|0.43714,N12804|2693|0.587741,0.0139559
N12796|8593|0.43714,N12795|4574|2.553366,0.012399
N12796|8593|0.43714,N12805|7599|5.251764,0.0123914
N12796|8593|0.43714,N12769|13527|0.825958,0.013183
N12796|8593|0.43714,N12754|12915|1.230618,0.0147574
N12796|8593|0.43714,N12802|8143|0.716222,0.0116141
N12796|8593|0.43714,N12797|2791|0.77827,0.00771987
N12796|8593|0.43714,N12747|10085|0.02083,0.0123992
N12796|8593|0.43714,N12765|5223|0.290977,0.0124012
N12796|8593|0.43714,N12763|9214|0.250753,0.0139614
N12796|8593|0.43714,N12791|3432|1.382532,0.0131875
N12796|8593|0.43714,N12794|1915|0.264954,0.0116079
N12796|8593|0.43714,N12748|6117|1.604552,0.0139457
N12796|8593|0.43714,N12735|13411|1.300204,0.0139606
N12796|8593|0.43714,N12782|13348|2.56449,0.0147313
N7716|5741|1.662901,N7717|7342|4.825677,0.0124103
N7716|5741|1.662901,N7718|9076|4.496712,0.0148139
N8936|13455|0.090924,N8934|13592|8.929501,0.0108117
N8936|13455|0.090924,N8932|5751|0.944335,0.00618815
N8936|13455|0.090924,N8930|12431|0.095986,0.00385868
N8936|13455|0.090924,N8929|11852|1.588682,0.0100582
N8934|13592|8.929501,N8935|12557|16.928896,0.0077108
N8934|13592|8.929501,N8930|12431|0.095986,0.014743
N7561|9872|3.267491,N7555|11252|0.72638,0.01398
N12697|10414|3.711191,N12705|10109|7.537206,0.0131734
N12697|10414|3.711191,N12717|9925|0.465435,0.0115999
N12697|10414|3.711191,N12709|14585|1.050716,0.0108161
N12697|10414|3.711191,N12701|2282|0.18295,0.0108195
N12697|10414|3.711191,N12704|5082|0.077263,0.00849134
N12697|10414|3.711191,N12713|9021|0.783928,0.0147451
N12697|10414|3.711191,N12706|2094|2.755776,0.0123861
N12697|10414|3.711191,N12698|2168|0.184657,0.0061672
N12697|10414|3.711191,N12703|7544|2.064741,0.0116367
N12697|10414|3.711191,N12696|6059|0.392814,0.0046211
N7955|13044|0.061785,N7962|5303|0.094404,0.00927
N7955|13044|0.061785,N7954|2296|1.139415,0.00384749
N7955|13044|0.061785,N7961|4472|1.770793,0.0100441
N7955|13044|0.061785,N7957|5133|2.437222,0.00616945
N7955|13044|0.061785,N7956|5213|0.684995,0.000767362
N10419|7788|0.960112,N10431|13777|0.107201,0.00927445
N10419|7788|0.960112,N10447|13406|0.157979,0.0139544
N10419|7788|0.960112,N10424|14505|2.191986,0.0132035
N10419|7788|0.960112,N10412|4092|3.444073,0.0131747
N10419|7788|0.960112,N10437|15110|0.575782,0.0116217
N10419|7788|0.960112,N10436|2703|0.383166,0.00926981
N10419|7788|0.960112,N10435|14161|2.34167,0.0139808
N10419|7788|0.960112,N10429|13739|0.934834,0.0108312
N10419|7788|0.960112,N10416|11369|0.698039,0.0115968
N10419|7788|0.960112,N10427|3970|0.156468,0.0116151
N10419|7788|0.960112,N10418|7026|0.951921,0.00770669
N10419|7788|0.960112,N10440|6346|0.732477,0.00849624
N10419|7788|0.960112,N10420|12519|2.497745,0.00307483
N10419|7788|0.960112,N10441|12065|2.54058,0.014757
N10419|7788|0.960112,N10421|1621|0.185784,0.00539014
N10419|7788|0.960112,N10432|5320|1.445576,0.00849148
N10419|7788|0.960112,N10422|3726|1.772569,0.0116217
N10419|7788|0.960112,N10434|6544|1.236147,0.0124075
N10419|7788|0.960112,N10414|11960|1.623667,0.0123915
N10812|8857|0.542029,N10816|11986|0.724767,0.00771845
N10812|8857|0.542029,N10809|6337|1.015545,0.00926069
N10812|8857|0.542029,N10819|13459|0.374837,0.00927736
N10812|8857|0.542029,N10811|8321|0.053514,0.00616175
N10812|8857|0.542029,N10817|8634|2.238831,0.00848657
N10812|8857|0.542029,N10818|13274|1.510005,0.0147701
N7286|7008|4.124736,N7292|8023|3.023056,0.0147878
N7286|7008|4.124736,N7284|6650|0.877041,0.00462406
N7286|7008|4.124736,N7282|6032|1.251473,0.0116415
N7286|7008|4.124736,N7291|5461|0.256319,0.00695737
N7286|7008|4.124736,N7287|9602|3.103335,0.00695529
N7286|7008|4.124736,N7288|7639|0.369608,0.0100577
N7310|5651|1.701646,N7311|9620|3.147471,0.00694106
N7310|5651|1.701646,N7315|11457|0.474614,0.00771212
N7310|5651|1.701646,N7312|7002|1.104188,0.00539642
N7310|5651|1.701646,N7313|7438|3.192167,0.0131553
N10617|1484|0.971207,N10627|12509|0.164316,0.0139524
N10617|1484|0.971207,N10619|11456|0.541607,0.0124291
N10617|1484|0.971207,N10620|13105|0.988803,0.0123971
N10617|1484|0.971207,N10625|13586|0.460411,0.0131866
N10221|12534|0.295741,N10224|4170|2.125861,0.00928592
N10221|12534|0.295741,N10228|15186|1.611195,0.0139806
N10221|12534|0.295741,N10219|9679|0.886488,0.014012
N10221|12534|0.295741,N10223|9018|1.138056,0.00538675
N10221|12534|0.295741,N10227|6504|1.313302,0.0124243
N8980|6715|1.676288,N8981|9251|0.289305,0.00307954
N9718|3089|1.589766,N9724|12926|0.820052,0.00771304
N9718|3089|1.589766,N9734|4999|0.948464,0.0116112
N9718|3089|1.589766,N9729|8174|0.467334,0.00927567
N9718|3089|1.589766,N9747|1844|0.32389,0.00926982
N9718|3089|1.589766,N9716|11708|2.376221,0.00461354
N9718|3089|1.589766,N9726|8488|0.687493,0.00849277
N9718|3089|1.589766,N9744|11153|1.514729,0.0108356
N9718|3089|1.589766,N9731|10819|0.095892,0.0116345
N9718|3089|1.589766,N9722|11084|0.167069,0.00771858
N9718|3089|1.589766,N9748|7503|0.077164,0.00848644
N9718|3089|1.589766,N9742|1593|1.843405,0.00927391
N9718|3089|1.589766,N9736|4880|0.301087,0.00926666
N9718|3089|1.589766,N9728|15310|0.085393,0.00848512
N9718|3089|1.589766,N9713|11770|0.47842,0.0108248
N9718|3089|1.589766,N9717|6100|7.537105,0.00848019
N9718|3089|1.589766,N9727|2654|0.637465,0.00694985
N9718|3089|1.589766,N9723|4534|3.162746,0.0116025
N9718|3089|1.589766,N9733|11666|0.117101,0.00926666
N9718|3089|1.589766,N9740|10865|0.999278,0.0108266
N9718|3089|1.589766,N9743|5866|1.262035,0.0124015
N11156|2266|3.458308,N11155|14075|1.585798,0.00694645
N10069|12002|1.22255,N10068|11807|1.557756,0.00771328
N10069|12002|1.22255,N10063|11014|3.925773,0.0123976
N10069|12002|1.22255,N10065|8060|1.039306,0.0108249
N10069|12002|1.22255,N10094|7322|3.27339,0.0115967
N10069|12002|1.22255,N10096|4634|3.033585,0.0115968
N10069|12002|1.22255,N10060|3824|0.405696,0.0139502
N10069|12002|1.22255,N10062|10532|0.956953,0.0131686
N10069|12002|1.22255,N10061|3384|0.179959,0.00848652
N8909|1902|0.98974,N8907|13265|0.444632,0.0124102
N8909|1902|0.98974,N8910|1624|0.190386,0.00617789
N8909|1902|0.98974,N8905|9682|0.829139,0.0123963
N10037|9292|2.547198,N10045|12472|0.860905,0.0139559
N10037|9292|2.547198,N10038|1866|3.436396,0.011607
N9597|15138|0.123173,N9599|5063|0.873041,0.00771787
N9597|15138|0.123173,N9598|15055|3.481886,0.0139562
N7976|11715|0.722151,N7974|2109|1.797414,0.0147672
N7976|11715|0.722151,N7978|7473|1.581826,0.0069409
N8481|6409|1.149436,N8469|11656|0.733795,0.0123793
N8481|6409|1.149436,N8479|14258|4.666982,0.00850203
N8481|6409|1.149436,N8480|13341|0.082904,0.00230864
N8481|6409|1.149436,N8482|6029|0.305383,0.00929652
N8481|6409|1.149436,N8483|13013|1.452695,0.0108452
N8481|6409|1.149436,N8487|11714|0.291764,0.013964
N8481|6409|1.149436,N8464|6997|0.845618,0.0131861
N9766|10178|1.630759,N9765|3284|0.917424,0.00849296
N9766|10178|1.630759,N9771|1375|1.112466,0.0108321
N9766|10178|1.630759,N9768|8481|5.324042,0.0123835
N9766|10178|1.630759,N9770|2752|0.871925,0.0100566
N9766|10178|1.630759,N9772|13322|0.457933,0.00771737
N9766|10178|1.630759,N9769|6354|1.277459,0.00926654
N10300|9244|5.428777,N10301|14140|0.237663,0.0123962
N10300|9244|5.428777,N10308|7071|0.582151,0.013943
N10300|9244|5.428777,N10307|14002|0.117948,0.0147426
N11514|14680|2.221141,N11513|14873|1.613532,0.00849169
N11514|14680|2.221141,N11521|2839|0.149121,0.0108382
N11514|14680|2.221141,N11524|6585|0.421476,0.0139611
N11514|14680|2.221141,N11509|7537|0.30586,0.0124024
N11514|14680|2.221141,N11526|15011|1.043239,0.0139715
N11514|14680|2.221141,N11529|10443|1.930225,0.0139728
N8733|6844|1.724144,N8732|6438|2.480171,0.00230529
N8733|6844|1.724144,N8730|7504|0.666954,0.00539065
N8733|6844|1.724144,N8705|9482|2.595467,0.0147691
N8733|6844|1.724144,N8711|2976|0.067598,0.0139891
N8733|6844|1.724144,N8729|9385|1.222648,0.00539064
N8733|6844|1.724144,N8715|1711|0.13758,0.0124173
N8733|6844|1.724144,N8712|8641|0.234128,0.0139609
N8733|6844|1.724144,N8728|8836|1.084428,0.0108445
N8733|6844|1.724144,N8731|10125|1.25572,0.00462044
N8733|6844|1.724144,N8724|1934|0.376952,0.010828
N8732|6438|2.480171,N8730|7504|0.666954,0.00771736
N8732|6438|2.480171,N8729|9385|1.222648,0.00771737
N8732|6438|2.480171,N8715|1711|0.13758,0.0147873
N8732|6438|2.480171,N8728|8836|1.084428,0.0131899
N8732|6438|2.480171,N8731|10125|1.25572,0.00694529
N8732|6438|2.480171,N8724|1934|0.376952,0.013183
N11474|6745|0.399884,N11450|8696|1.833598,0.0123904
N11474|6745|0.399884,N11464|4774|2.356946,0.0131784
N11474|6745|0.399884,N11442|1536|3.34164,0.0123773
N11474|6745|0.399884,N11456|10863|0.74217,0.0147315
N11474|6745|0.399884,N11418|2052|0.356991,0.011596
N11474|6745|0.399884,N11457|3440|2.050117,0.0108249
N11474|6745|0.399884,N11461|2877|0.897368,0.0131688
N11474|6745|0.399884,N11462|14660|0.116968,0.0139561
N11474|6745|0.399884,N11420|5326|2.154032,0.013165
N11474|6745|0.399884,N11436|8642|2.737344,0.0116002
N11474|6745|0.399884,N11476|7720|0.188723,0.00307173
N11474|6745|0.399884,N11466|6960|0.69333,0.00693611
N11474|6745|0.399884,N11439|4031|5.949013,0.0108266
N11474|6745|0.399884,N11432|8564|1.106573,0.0139358
N11474|6745|0.399884,N11460|4546|1.523002,0.014744
N11474|6745|0.399884,N11472|6578|0.483504,0.00771336
N11474|6745|0.399884,N11447|15071|0.379129,0.0108336
N11474|6745|0.399884,N11469|11377|1.277083,0.0100528
N11474|6745|0.399884,N11471|13768|0.711381,0.00848659
N11474|6745|0.399884,N11455|6968|3.156725,0.0147315
N11474|6745|0.399884,N11434|2008|6.10435,0.0147292
N11474|6745|0.399884,N11452|2698|0.399768,0.0116025
N11474|6745|0.399884,N11416|9551|0.424175,0.0139529
N11474|6745|0.399884,N11417|2611|2.032126,0.0115967
N9532|5569|1.531155,N9533|4010|0.908495,0.00384523
N9532|5569|1.531155,N9525|10317|1.701035,0.0147246
N9532|5569|1.531155,N9542|13337|0.791992,0.0131511
N11062|6482|0.412079,N11067|10135|0.02901,0.00772733
N11062|6482|0.412079,N11088|15162|1.846457,0.0147703
N11062|6482|0.412079,N11069|6309|2.138312,0.0132583
N11062|6482|0.412079,N11061|2585|11.592096,0.0123904
N11062|6482|0.412079,N11085|11943|0.601861,0.0124234
N11062|6482|0.412079,N11076|10479|4.100479,0.0147563
N11062|6482|0.412079,N11080|14040|0.942666,0.0147634
N11062|6482|0.412079,N11066|10755|0.62982,0.00772846
N11062|6482|0.412079,N11065|4475|0.303463,0.0116329
N11062|6482|0.412079,N11071|4197|0.05893,0.0108743
N11997|14046|3.431076,N12001|9818|0.194707,0.0108399
N11997|14046|3.431076,N12002|3828|1.743939,0.0116217
N11997|14046|3.431076,N12003|3941|0.098778,0.00849277
N11997|14046|3.431076,N11998|12089|0.292479,0.0100443
N11997|14046|3.431076,N11996|2488|0.139353,0.00539659
N11846|8772|2.303198,N11841|6597|2.039268,0.0108754
N11846|8772|2.303198,N11843|9901|0.799723,0.00771875
N11846|8772|2.303198,N11798|12109|2.516336,0.0147909
N11846|8772|2.303198,N11794|15274|0.512393,0.0100445
N11846|8772|2.303198,N11839|7609|1.095137,0.00771349
N11846|8772|2.303198,N11806|8834|2.729095,0.0116339
N11846|8772|2.303198,N11825|13594|0.743221,0.0139619
N11846|8772|2.303198,N11819|4487|0.110916,0.0131834
N11846|8772|2.303198,N11838|8325|3.614666,0.0100448
N11846|8772|2.303198,N11808|11992|1.485664,0.0124099
N11846|8772|2.303198,N11842|13507|2.938431,0.00850052
N11846|8772|2.303198,N11807|3902|2.551213,0.0147464
N11846|8772|2.303198,N11800|14940|1.058674,0.0132183
N11846|8772|2.303198,N11797|9811|2.536506,0.0124421
N11846|8772|2.303198,N11795|11647|0.638361,0.0116684
N11846|8772|2.303198,N11796|14497|1.160662,0.0148119
N11846|8772|2.303198,N11821|8630|1.302247,0.012398
N11846|8772|2.303198,N11832|5076|0.375143,0.0108403
N11846|8772|2.303198,N11818|14577|0.522973,0.012398
N11846|8772|2.303198,N11845|7795|0.316845,0.0061619
N11846|8772|2.303198,N11822|13844|1.50106,0.0147462
N11846|8772|2.303198,N11833|10670|4.114445,0.0132032
N11846|8772|2.303198,N11820|2273|0.700337,0.0147315
N11846|8772|2.303198,N11810|3510|0.371168,0.0132182
N11846|8772|2.303198,N11826|10781|1.093903,0.0123992
N11846|8772|2.303198,N11835|1559|2.226693,0.0100589
N11846|8772|2.303198,N11805|9530|2.079066,0.0124255
N11846|8772|2.303198,N11824|12275|0.381059,0.013175
N11846|8772|2.303198,N11799|11006|0.930139,0.0116684
N11846|8772|2.303198,N11840|5885|0.521166,0.0139568
N11846|8772|2.303198,N11812|8304|1.873095,0.0116223
N11846|8772|2.303198,N11801|13264|1.168057,0.0124099
N11846|8772|2.303198,N11844|10359|0.208095,0.00693622
N12943|9729|5.198233,N12945|7112|3.509777,0.0123976
N12943|9729|5.198233,N12940|4613|2.371288,0.0139801
N12943|9729|5.198233,N12941|9337|0.554667,0.0131779
N12943|9729|5.198233,N12935|8245|0.75658,0.0147886
N12943|9729|5.198233,N12944|4268|0.462966,0.00539398
N7972|10303|4.196989,N7973|13302|1.627927,0.00772849
N7972|10303|4.196989,N7970|1738|1.769525,0.011623
N7972|10303|4.196989,N7971|8913|2.621888,0.0116306
N7972|10303|4.196989,N7969|12803|3.220822,0.0131839
N11450|8696|1.833598,N11464|4774|2.356946,0.0100657
N11450|8696|1.833598,N11442|1536|3.34164,0.0123941
N11450|8696|1.833598,N11456|10863|0.74217,0.011614
N11450|8696|1.833598,N11418|2052|0.356991,0.0139785
N11450|8696|1.833598,N11457|3440|2.050117,0.00772383
N11450|8696|1.833598,N11461|2877|0.897368,0.0100567
N11450|8696|1.833598,N11453|2357|5.047169,0.0147956
N11450|8696|1.833598,N11462|14660|0.116968,0.0108401
N11450|8696|1.833598,N11459|5137|0.887993,0.0123993
N11450|8696|1.833598,N11420|5326|2.154032,0.0139785
N11450|8696|1.833598,N11436|8642|2.737344,0.0116176
N11450|8696|1.833598,N11465|1674|3.954232,0.0124018
N11450|8696|1.833598,N11476|7720|0.188723,0.0124067
N11450|8696|1.833598,N11466|6960|0.69333,0.0116232
N11450|8696|1.833598,N11439|4031|5.949013,0.0108541
N11450|8696|1.833598,N11432|8564|1.106573,0.013961
N11450|8696|1.833598,N11460|4546|1.523002,0.0116295
N11450|8696|1.833598,N11463|14878|1.463977,0.0123981
N11450|8696|1.833598,N11472|6578|0.483504,0.0124067
N11450|8696|1.833598,N11447|15071|0.379129,0.0108385
N11450|8696|1.833598,N11469|11377|1.277083,0.0147774
N11450|8696|1.833598,N11471|13768|0.711381,0.0131835
N11450|8696|1.833598,N11455|6968|3.156725,0.0100517
N11450|8696|1.833598,N11434|2008|6.10435,0.0147865
N11450|8696|1.833598,N11452|2698|0.399768,0.00694635
N11450|8696|1.833598,N11417|2611|2.032126,0.0139906
N11823|7207|5.134079,N11821|8630|1.302247,0.00928553
N11823|7207|5.134079,N11822|13844|1.50106,0.0100526
N11823|7207|5.134079,N11824|12275|0.381059,0.00851178
N10431|13777|0.107201,N10424|14505|2.191986,0.0148091
N10431|13777|0.107201,N10412|4092|3.444073,0.0147721
N10431|13777|0.107201,N10437|15110|0.575782,0.0132035
N10431|13777|0.107201,N10436|2703|0.383166,0.0108446
N10431|13777|0.107201,N10429|13739|0.934834,0.00771312
N10431|13777|0.107201,N10416|11369|0.698039,0.0131648
N10431|13777|0.107201,N10427|3970|0.156468,0.00849032
N10431|13777|0.107201,N10418|7026|0.951921,0.0123836
N10431|13777|0.107201,N10440|6346|0.732477,0.01007
N10431|13777|0.107201,N10420|12519|2.497745,0.0108314
N10431|13777|0.107201,N10441|12065|2.54058,0.0147497
N10431|13777|0.107201,N10421|1621|0.185784,0.00850015
N10431|13777|0.107201,N10432|5320|1.445576,0.00538594
N10431|13777|0.107201,N10422|3726|1.772569,0.014774
N10431|13777|0.107201,N10414|11960|1.623667,0.0139781
N10115|11427|5.348872,N10111|11577|0.639357,0.0131613
N10115|11427|5.348872,N10116|10026|2.262191,0.0116339
N10115|11427|5.348872,N10119|10803|0.316622,0.0147318
N11602|1469|0.068194,N11589|3883|4.024833,0.014764
N11602|1469|0.068194,N11623|8724|0.045337,0.0147728
N11602|1469|0.068194,N11604|14042|0.61391,0.0100444
N11602|1469|0.068194,N11595|5624|0.527232,0.00539348
N11602|1469|0.068194,N11596|10816|0.692399,0.0053935
N11602|1469|0.068194,N11592|6662|0.082858,0.0140015
N11602|1469|0.068194,N11606|7388|0.162691,0.00926995
N11602|1469|0.068194,N11613|13304|1.663156,0.0116026
N11602|1469|0.068194,N11611|3842|2.309476,0.0100444
N11602|1469|0.068194,N11601|13201|8.474162,0.0123991
N11602|1469|0.068194,N11600|4625|0.576178,0.00153498
N11602|1469|0.068194,N11593|9226|1.599335,0.00694072
N11602|1469|0.068194,N11607|13674|2.220092,0.0116156
N11602|1469|0.068194,N11614|15324|0.132472,0.0116155
N8737|4261|3.235435,N8741|8186|0.160891,0.0115959
N8737|4261|3.235435,N8743|5709|1.087487,0.0123858
N8737|4261|3.235435,N8738|8823|0.411631,0.0100357
N8737|4261|3.235435,N8742|13436|2.073331,0.0147224
N8737|4261|3.235435,N8740|8574|0.953211,0.0139466
N11067|10135|0.02901,N11088|15162|1.846457,0.01319
N11067|10135|0.02901,N11069|6309|2.138312,0.0132948
N11067|10135|0.02901,N11085|11943|0.601861,0.0108616
N11067|10135|0.02901,N11076|10479|4.100479,0.0147749
N11067|10135|0.02901,N11080|14040|0.942666,0.014772
N11067|10135|0.02901,N11066|10755|0.62982,0.00617527
N11067|10135|0.02901,N11065|4475|0.303463,0.0116532
N11067|10135|0.02901,N11071|4197|0.05893,0.0109021
N11193|8378|3.192729,N11189|2329|1.866776,0.0124019
N11193|8378|3.192729,N11192|5606|1.235494,0.0108356
N7223|9510|1.199352,N7236|1396|0.084661,0.0100613
N7223|9510|1.199352,N7226|10346|3.042557,0.00850229
N7223|9510|1.199352,N7222|10778|0.966694,0.00616556
N7223|9510|1.199352,N7224|9525|1.63289,0.00462415
N7223|9510|1.199352,N7225|10784|0.941838,0.00694557
N7223|9510|1.199352,N7229|4355|2.131715,0.00617352
N7223|9510|1.199352,N7228|2074|1.066336,0.00539423
N7223|9510|1.199352,N7227|3532|0.645177,0.00617347
N7223|9510|1.199352,N7235|9395|5.523015,0.0123917
N7223|9510|1.199352,N7232|14323|1.293716,0.00773076
N7223|9510|1.199352,N7233|6506|1.924172,0.010839
N7223|9510|1.199352,N7234|5555|2.762448,0.00853155
N12575|5439|6.205919,N12551|7510|0.251933,0.014756
N12575|5439|6.205919,N12550|8083|0.027918,0.014756
N12575|5439|6.205919,N12554|10454|0.637343,0.0147584
N12575|5439|6.205919,N12574|12439|0.14536,0.0100725
N9863|4557|2.876813,N9877|5997|0.206392,0.0147503
N9863|4557|2.876813,N9864|13029|0.48077,0.00849264
N9863|4557|2.876813,N9858|7228|0.829383,0.0131838
N11258|2631|1.191311,N11246|2938|0.328696,0.00848654
N11258|2631|1.191311,N11238|3233|0.328401,0.0100421
N11258|2631|1.191311,N11250|10513|2.717306,0.0116081
N11258|2631|1.191311,N11239|2706|0.06103,0.00926598
N11258|2631|1.191311,N11257|10396|3.68508,0.00384761
N11258|2631|1.191311,N11255|3313|1.707005,0.0100506
N11258|2631|1.191311,N11249|12952|0.190843,0.0100486
N11258|2631|1.191311,N11254|2673|4.351879,0.0123943
N11258|2631|1.191311,N11242|14132|0.054995,0.0092654
N11258|2631|1.191311,N11251|10061|0.941611,0.00926423
N11258|2631|1.191311,N11253|10802|1.437638,0.0116069
N11258|2631|1.191311,N11241|3858|0.478726,0.0124098
N11258|2631|1.191311,N11259|13651|4.526962,0.00926056
N11258|2631|1.191311,N11256|8782|2.978578,0.0100421
N8103|14862|1.202524,N8099|8880|0.361876,0.0069338
N8103|14862|1.202524,N8113|3616|0.602729,0.0100486
N8103|14862|1.202524,N8110|15337|3.848228,0.01474
N8103|14862|1.202524,N8107|6063|0.03488,0.00616738
N8103|14862|1.202524,N8109|8483|1.323114,0.0100391
N8103|14862|1.202524,N8100|4227|1.318436,0.00928455
N12001|9818|0.194707,N12002|3828|1.743939,0.00694752
N12001|9818|0.194707,N12003|3941|0.098778,0.00539067
N12001|9818|0.194707,N11998|12089|0.292479,0.00693609
N12001|9818|0.194707,N11996|2488|0.139353,0.00538985
N11309|10131|1.20384,N11313|1562|2.839803,0.0147463
N11309|10131|1.20384,N11310|5739|0.947455,0.00616541
N11309|10131|1.20384,N11312|5572|2.450101,0.00928694
N10719|10926|0.02991,N10737|12068|0.497491,0.0123873
N10719|10926|0.02991,N10722|10623|1.28223,0.0100726
N10719|10926|0.02991,N10728|5088|3.10689,0.0139642
N10719|10926|0.02991,N10717|5155|1.713998,0.00696788
N10719|10926|0.02991,N10718|7313|0.915261,0.000767362
N10719|10926|0.02991,N10720|4292|4.75177,0.0132187
N10719|10926|0.02991,N10716|5404|0.583346,0.0092606
N10719|10926|0.02991,N10710|3869|5.917943,0.0116089
N10719|10926|0.02991,N10724|3500|0.101707,0.0100411
N10719|10926|0.02991,N10732|12967|0.670641,0.00770868
N10719|10926|0.02991,N10725|9276|3.451623,0.0123913
N10719|10926|0.02991,N10726|6909|1.102324,0.0100412
N10719|10926|0.02991,N10727|11162|3.195729,0.0108246
N10719|10926|0.02991,N10740|14410|2.284142,0.0100483
N10719|10926|0.02991,N10735|8144|0.65834,0.0131746
N10719|10926|0.02991,N10712|12789|1.346723,0.0124137
N10719|10926|0.02991,N10713|9768|1.55032,0.0139517
N8741|8186|0.160891,N8743|5709|1.087487,0.00539016
N8741|8186|0.160891,N8738|8823|0.411631,0.00307172
N8741|8186|0.160891,N8739|7629|3.377614,0.00849298
N8741|8186|0.160891,N8735|2838|0.213305,0.011596
N8741|8186|0.160891,N8742|13436|2.073331,0.00307342
N8741|8186|0.160891,N8736|3196|1.154293,0.0108202
N8741|8186|0.160891,N8740|8574|0.953211,0.00230452
N10737|12068|0.497491,N10722|10623|1.28223,0.0132003
N10737|12068|0.497491,N10718|7313|0.915261,0.0131746
N10737|12068|0.497491,N10716|5404|0.583346,0.00926564
N10737|12068|0.497491,N10710|3869|5.917943,0.0131684
N10737|12068|0.497491,N10724|3500|0.101707,0.0116006
N10737|12068|0.497491,N10732|12967|0.670641,0.0116077
N10737|12068|0.497491,N10725|9276|3.451623,0.0139605
N10737|12068|0.497491,N10726|6909|1.102324,0.0116007
N10737|12068|0.497491,N10727|11162|3.195729,0.0139605
N10737|12068|0.497491,N10740|14410|2.284142,0.0108195
N10737|12068|0.497491,N10735|8144|0.65834,0.00230862
N10737|12068|0.497491,N10712|12789|1.346723,0.0139637
N10470|11611|5.625047,N10474|2967|0.351916,0.00928426
N10470|11611|5.625047,N10472|15362|0.90256,0.00771978
N10470|11611|5.625047,N10477|13531|0.072022,0.014763
N10470|11611|5.625047,N10469|5588|0.391991,0.0100698
N10470|11611|5.625047,N10473|6076|3.435552,0.00927726
N12053|7243|0.075714,N12060|10946|0.282027,0.00927426
N12053|7243|0.075714,N12064|12188|2.046563,0.0147576
N12053|7243|0.075714,N12052|1462|0.742898,0.0101084
N12053|7243|0.075714,N12063|8845|0.246638,0.0108331
N12053|7243|0.075714,N12051|4854|0.440591,0.00694669
N12053|7243|0.075714,N12069|14335|0.683639,0.0147734
N12053|7243|0.075714,N12054|11742|8.2643,0.00385136
N12053|7243|0.075714,N12058|6335|6.011002,0.0147894
N12053|7243|0.075714,N12074|9368|0.993391,0.0132166
N12053|7243|0.075714,N12050|1425|0.06447,0.00694669
N12053|7243|0.075714,N12062|10982|1.689488,0.0108443
N12053|7243|0.075714,N12049|6519|2.771871,0.0108443
N7278|11122|1.712413,N7277|6665|3.571399,0.0100575
N7278|11122|1.712413,N7274|1460|0.085973,0.0124434
N7278|11122|1.712413,N7275|4384|1.960031,0.014016
N7278|11122|1.712413,N7279|7315|1.926241,0.0100499
N7278|11122|1.712413,N7276|5278|8.167393,0.0147793
N7278|11122|1.712413,N7280|3585|1.516432,0.00693823
N9126|4611|0.442235,N9117|15300|3.458374,0.0100584
N9126|4611|0.442235,N9152|14579|0.04131,0.0147894
N9126|4611|0.442235,N9122|8135|1.866096,0.0131747
N9126|4611|0.442235,N9116|10730|0.445411,0.00850008
N9126|4611|0.442235,N9149|13680|0.151522,0.0139939
N9126|4611|0.442235,N9148|6263|0.734975,0.0147895
N9126|4611|0.442235,N9109|4667|0.075349,0.0108333
N9126|4611|0.442235,N9134|1592|0.274906,0.0069338
N9126|4611|0.442235,N9142|8205|1.127885,0.0147588
N9126|4611|0.442235,N9115|2253|1.392066,0.00772737
N9126|4611|0.442235,N9124|12640|0.657822,0.00462639
N9126|4611|0.442235,N9114|12028|0.249049,0.00851072
N9126|4611|0.442235,N9125|9038|4.287508,0.0100583
N9126|4611|0.442235,N9123|7269|4.075191,0.0092666
N9126|4611|0.442235,N9143|9789|0.150846,0.0139782
N9126|4611|0.442235,N9150|13941|2.000419,0.0147898
N9126|4611|0.442235,N9139|11794|1.064317,0.0139347
N9126|4611|0.442235,N9145|12677|0.169826,0.0124091
N9126|4611|0.442235,N9133|10512|0.63993,0.00693328
N9126|4611|0.442235,N9159|5400|0.497134,0.0140118
N9126|4611|0.442235,N9154|8775|1.938037,0.0147582
N9126|4611|0.442235,N9112|10385|2.194996,0.0147913
N9126|4611|0.442235,N9144|4756|1.186141,0.014772
N9871|15174|0.56615,N9884|4212|2.035011,0.0115958
N9871|15174|0.56615,N9876|12176|3.563165,0.00849624
N9871|15174|0.56615,N9881|13561|0.404367,0.00926426
N9871|15174|0.56615,N9862|13419|0.677409,0.0116339
N9871|15174|0.56615,N9877|5997|0.206392,0.00771149
N9871|15174|0.56615,N9864|13029|0.48077,0.0124013
N9871|15174|0.56615,N9882|5025|2.017777,0.0108264
N9871|15174|0.56615,N9861|14909|0.467325,0.0108449
N9871|15174|0.56615,N9867|2262|0.771963,0.0077272
N9871|15174|0.56615,N9875|10138|0.143738,0.00307297
N9871|15174|0.56615,N9870|10159|0.43556,0.00693371
N9871|15174|0.56615,N9857|12874|2.319649,0.0100482
N9871|15174|0.56615,N9855|6001|0.173178,0.0108332
N9871|15174|0.56615,N9879|4595|5.543983,0.0139467
N9871|15174|0.56615,N9874|11501|0.244614,0.00230469
N9871|15174|0.56615,N9866|6159|2.918018,0.0124099
N9871|15174|0.56615,N9858|7228|0.829383,0.0077183
N9871|15174|0.56615,N9860|3015|1.032278,0.0100582
N9871|15174|0.56615,N9854|5220|2.64087,0.0123836
N9724|12926|0.820052,N9734|4999|0.948464,0.011629
N9724|12926|0.820052,N9729|8174|0.467334,0.00927004
N9724|12926|0.820052,N9747|1844|0.32389,0.00929906
N9724|12926|0.820052,N9716|11708|2.376221,0.00926066
N9724|12926|0.820052,N9726|8488|0.687493,0.000767607
N9724|12926|0.820052,N9744|11153|1.514729,0.0108535
N9724|12926|0.820052,N9731|10819|0.095892,0.0116218
N9724|12926|0.820052,N9722|11084|0.167069,0.00618294
N9724|12926|0.820052,N9748|7503|0.077164,0.00852653
N9724|12926|0.820052,N9742|1593|1.843405,0.00927813
N9724|12926|0.820052,N9736|4880|0.301087,0.00928598
N9724|12926|0.820052,N9728|15310|0.085393,0.00850025
N9724|12926|0.820052,N9713|11770|0.47842,0.0108637
N9724|12926|0.820052,N9717|6100|7.537105,0.0131684
N9724|12926|0.820052,N9727|2654|0.637465,0.00694062
N9724|12926|0.820052,N9723|4534|3.162746,0.0100735
N9724|12926|0.820052,N9733|11666|0.117101,0.00928598
N9724|12926|0.820052,N9740|10865|0.999278,0.0108502
N9724|12926|0.820052,N9743|5866|1.262035,0.0124236
N11211|3669|2.156246,N11205|12735|0.493271,0.0108331
N11211|3669|2.156246,N11206|4715|3.061944,0.0116089
N11211|3669|2.156246,N11196|2056|0.95491,0.0124249
N11211|3669|2.156246,N11210|5343|1.815671,0.0132168
N11211|3669|2.156246,N11204|14459|1.246016,0.0108331
N11211|3669|2.156246,N11203|11166|2.317383,0.0139776
N11211|3669|2.156246,N11209|11513|2.376764,0.0147454
N11211|3669|2.156246,N11197|8504|2.111817,0.0139795
N11211|3669|2.156246,N11208|2122|2.080393,0.0123976
N11211|3669|2.156246,N11199|2139|0.525467,0.010084
N10905|7665|1.178674,N10902|3258|0.585236,0.0147335
N10905|7665|1.178674,N10906|3654|0.56303,0.00076736
N10905|7665|1.178674,N10901|13755|3.29533,0.0147397
N10905|7665|1.178674,N10904|8576|0.676647,0.0123995
N10905|7665|1.178674,N10911|4392|3.798264,0.0100391
N10905|7665|1.178674,N10908|10652|1.045014,0.00616436
N10905|7665|1.178674,N10909|10151|1.042798,0.00693615
N11561|8418|3.989724,N11562|7531|0.134267,0.0108423
N11561|8418|3.989724,N11563|10056|0.209228,0.00850192
N10616|6550|0.567336,N10614|9268|6.760054,0.0124192
N10616|6550|0.567336,N10615|14842|0.028206,0.00694063
N11155|14075|1.585798,N11149|10964|0.916157,0.0140361
N11155|14075|1.585798,N11111|9019|1.047778,0.0148093
N11155|14075|1.585798,N11151|1794|2.061064,0.0132171
N11155|14075|1.585798,N11143|8334|1.175301,0.0124255
N11155|14075|1.585798,N11140|13489|0.899006,0.0139786
N11155|14075|1.585798,N11158|5318|1.312168,0.0100586
N11155|14075|1.585798,N11148|2051|2.162953,0.0108452
N7631|14896|2.134,N7595|2100|3.352798,0.0139617
N7631|14896|2.134,N7605|9220|0.78423,0.0108314
N7631|14896|2.134,N7592|6283|0.028823,0.0100525
N7631|14896|2.134,N7613|2721|3.006235,0.0108202
N7631|14896|2.134,N7612|1953|2.630362,0.0100496
N7631|14896|2.134,N7591|13923|0.380598,0.010832
N7631|14896|2.134,N7602|12012|1.025436,0.0147508
N7631|14896|2.134,N7625|3016|0.312799,0.0147312
N7631|14896|2.134,N7604|7734|1.196841,0.0116218
N7631|14896|2.134,N7629|1903|10.786053,0.0108265
N7631|14896|2.134,N7603|12566|1.558334,0.01084
N7631|14896|2.134,N7623|1912|0.329254,0.0131782
N7631|14896|2.134,N7618|8594|1.069863,0.010832
N7631|14896|2.134,N7616|10188|1.521941,0.0108321
N7631|14896|2.134,N7620|13891|0.667006,0.0131841
N10624|12951|2.423991,N10625|13586|0.460411,0.00694519
N10624|12951|2.423991,N10623|9838|0.506739,0.00385013
N10902|3258|0.585236,N10901|13755|3.29533,0.00929629
N10902|3258|0.585236,N10909|10151|1.042798,0.0131612
N9402|14702|1.463795,N9422|9014|1.448228,0.0116216
N9402|14702|1.463795,N9397|14957|1.010538,0.0108332
N9402|14702|1.463795,N9418|11659|0.082455,0.00927732
N9402|14702|1.463795,N9408|9665|0.673645,0.0100603
N9402|14702|1.463795,N9423|6527|0.148587,0.0100699
N9402|14702|1.463795,N9398|2413|1.127416,0.00771839
N9402|14702|1.463795,N9394|7196|2.769976,0.0108475
N9402|14702|1.463795,N9416|3982|2.127591,0.0100607
N9402|14702|1.463795,N9393|2307|0.682241,0.0147702
N9402|14702|1.463795,N9359|13859|0.138749,0.0124236
N9402|14702|1.463795,N9429|6293|0.044463,0.00851063
N9402|14702|1.463795,N9368|5528|1.847757,0.0147715
N9402|14702|1.463795,N9419|8042|1.209773,0.011633
N9402|14702|1.463795,N9432|6316|2.40081,0.0139558
N9402|14702|1.463795,N9420|3100|3.388402,0.01241
N9402|14702|1.463795,N9382|3614|0.131365,0.0147578
N9402|14702|1.463795,N9413|7854|2.302913,0.0124099
N9402|14702|1.463795,N9370|6191|0.044663,0.0139937
N9402|14702|1.463795,N9411|12961|0.776325,0.00694678
N9402|14702|1.463795,N9414|3729|3.038117,0.0124237
N9402|14702|1.463795,N9405|11433|2.621768,0.0100496
N9402|14702|1.463795,N9433|9770|1.952284,0.0147676
N9402|14702|1.463795,N9426|2312|2.112556,0.0131781
N9402|14702|1.463795,N9417|14062|0.337818,0.00927732
N9402|14702|1.463795,N9425|10731|0.354384,0.0108383
N9402|14702|1.463795,N9358|15303|1.043357,0.0132006
N9402|14702|1.463795,N9399|10757|3.06532,0.0092843
N9402|14702|1.463795,N9404|11969|0.138192,0.00770668
N9402|14702|1.463795,N9410|13851|2.199643,0.00928402
N12799|7601|3.625467,N12803|2064|0.265817,0.014763
N12799|7601|3.625467,N12797|2791|0.77827,0.0124593
N10569|4669|0.661424,N10573|3480|1.463531,0.00926421
N10569|4669|0.661424,N10570|13990|2.485243,0.0023033
N8094|9930|2.389956,N8088|10928|0.056422,0.0139646
N8094|9930|2.389956,N8093|5261|3.066135,0.0131687
N8094|9930|2.389956,N8083|9553|1.485977,0.013165
N8094|9930|2.389956,N8091|6232|0.813067,0.0123774
N8094|9930|2.389956,N8090|5485|0.952618,0.0147588
N8094|9930|2.389956,N8087|13268|0.069492,0.0123915
N8094|9930|2.389956,N8089|12579|1.42331,0.0131749
N8094|9930|2.389956,N8084|15213|0.362241,0.0147226
N8094|9930|2.389956,N8092|9654|0.063226,0.0108197
N11582|8677|2.26364,N11579|5483|0.138558,0.010845
N11582|8677|2.26364,N11580|10242|2.6451,0.0139528
N11717|4209|1.675482,N11754|6675|0.041293,0.0139714
N11717|4209|1.675482,N11749|5038|0.065333,0.0147623
N11717|4209|1.675482,N11728|6815|1.331359,0.00771344
N11717|4209|1.675482,N11724|2166|0.071798,0.00616184
N11717|4209|1.675482,N11720|8240|0.947399,0.00384657
N11717|4209|1.675482,N11726|3676|2.085945,0.0116155
N11717|4209|1.675482,N11723|6453|2.349299,0.00927771
N11717|4209|1.675482,N11718|9278|1.187955,0.00230528
N11717|4209|1.675482,N11722|14901|2.597424,0.0100528
N11717|4209|1.675482,N11742|13166|1.442792,0.0147623
N11717|4209|1.675482,N11721|7100|1.057761,0.00772384
N11717|4209|1.675482,N11719|14393|0.569167,0.00384658
N11717|4209|1.675482,N11729|11774|0.076808,0.00926999
N11717|4209|1.675482,N11715|9563|3.299773,0.0100573
N11717|4209|1.675482,N11740|12167|0.065432,0.0139745
N11717|4209|1.675482,N11727|3472|0.293825,0.00695578
N8984|2348|0.618311,N8987|7595|0.730486,0.00928391
N8984|2348|0.618311,N8986|6334|0.501322,0.0100583
N8984|2348|0.618311,N8982|12416|0.081628,0.00307623
N8984|2348|0.618311,N8990|2078|0.796041,0.00850138
N7800|3710|0.647854,N7797|10340|0.068652,0.00307388
N7800|3710|0.647854,N7803|3227|0.236022,0.0139777
N7800|3710|0.647854,N7801|12937|0.554222,0.000766731
N9884|4212|2.035011,N9876|12176|3.563165,0.0139524
N9884|4212|2.035011,N9881|13561|0.404367,0.0116041
N9884|4212|2.035011,N9862|13419|0.677409,0.0139525
N9884|4212|2.035011,N9877|5997|0.206392,0.00848467
N9884|4212|2.035011,N9864|13029|0.48077,0.0116141
N9884|4212|2.035011,N9883|4740|2.938363,0.0147342
N9884|4212|2.035011,N9882|5025|2.017777,0.0131673
N9884|4212|2.035011,N9861|14909|0.467325,0.0131674
N9884|4212|2.035011,N9867|2262|0.771963,0.0116023
N9884|4212|2.035011,N9875|10138|0.143738,0.010042
N9884|4212|2.035011,N9870|10159|0.43556,0.0123707
N9884|4212|2.035011,N9857|12874|2.319649,0.0108147
N9884|4212|2.035011,N9855|6001|0.173178,0.0115958
N9884|4212|2.035011,N9874|11501|0.244614,0.00926077
N9884|4212|2.035011,N9858|7228|0.829383,0.00848647
N9884|4212|2.035011,N9860|3015|1.032278,0.0108246
N9884|4212|2.035011,N9854|5220|2.64087,0.0131687
N7815|11573|0.022539,N7829|7474|0.01916,0.00539007
N7815|11573|0.022539,N7821|10598|7.511677,0.0139356
N7815|11573|0.022539,N7830|15131|1.945989,0.00925935
N7815|11573|0.022539,N7839|11309|7.30164,0.0147343
N7815|11573|0.022539,N7785|2154|0.041507,0.013996
N7815|11573|0.022539,N7822|9360|0.510657,0.00538674
N7815|11573|0.022539,N7818|6911|2.305082,0.0108203
N7815|11573|0.022539,N7826|10571|1.21748,0.00462115
N7815|11573|0.022539,N7831|7277|0.377138,0.00926643
N7815|11573|0.022539,N7811|13428|1.645986,0.0100403
N7815|11573|0.022539,N7819|13882|1.436249,0.00615822
N7815|11573|0.022539,N7814|5279|0.380088,0.00384145
N7815|11573|0.022539,N7832|9416|0.759916,0.00770386
N7815|11573|0.022539,N7813|11090|0.345574,0.00848235
N7815|11573|0.022539,N7823|5888|2.112182,0.0108264
N7815|11573|0.022539,N7825|10194|4.905259,0.00849038
N10212|7093|1.707314,N10211|9955|5.114824,0.0139526
N10212|7093|1.707314,N10201|9651|0.207264,0.0147334
N10212|7093|1.707314,N10210|12616|0.039377,0.00926434
N10941|12319|0.663995,N10938|7310|0.422031,0.0139559
N10941|12319|0.663995,N10953|13733|0.631549,0.0147455
N10941|12319|0.663995,N10942|12337|1.821038,0.00384522
N10941|12319|0.663995,N10948|2336|1.56205,0.014758
N10941|12319|0.663995,N10944|5950|2.96748,0.0139805
N10941|12319|0.663995,N10950|13305|2.123607,0.0147399
N10941|12319|0.663995,N10934|13815|0.189545,0.0139615
N10941|12319|0.663995,N10939|4559|0.840806,0.0147585
N9095|15014|0.566255,N9105|3123|0.415101,0.00384144
N9095|15014|0.566255,N9097|14457|2.272619,0.00616742
N9095|15014|0.566255,N9106|8766|0.804263,0.0100656
N9095|15014|0.566255,N9099|13761|0.672927,0.00615824
N9095|15014|0.566255,N9102|7580|0.64718,0.00539397
N12060|10946|0.282027,N12064|12188|2.046563,0.0147724
N12060|10946|0.282027,N12052|1462|0.742898,0.0100581
N12060|10946|0.282027,N12063|8845|0.246638,0.0108281
N12060|10946|0.282027,N12051|4854|0.440591,0.00693819
N12060|10946|0.282027,N12069|14335|0.683639,0.0147575
N12060|10946|0.282027,N12054|11742|8.2643,0.00694092
N12060|10946|0.282027,N12074|9368|0.993391,0.013192
N12060|10946|0.282027,N12050|1425|0.06447,0.00693819
N12060|10946|0.282027,N12062|10982|1.689488,0.0108322
N12060|10946|0.282027,N12049|6519|2.771871,0.0108322
N11769|10072|1.33933,N11766|7352|0.775643,0.00772009
N11769|10072|1.33933,N11770|13356|0.632228,0.00771804
N11769|10072|1.33933,N11763|14722|1.672793,0.00694081
N11769|10072|1.33933,N11764|13257|8.938769,0.0147711
N11769|10072|1.33933,N11771|6757|0.735472,0.00926714
N12784|3331|0.692063,N12759|12675|0.102362,0.0139466
N12784|3331|0.692063,N12770|5861|0.616059,0.014739
N12784|3331|0.692063,N12756|2309|1.276595,0.0139455
N12784|3331|0.692063,N12755|12020|0.149553,0.0131673
N12784|3331|0.692063,N12803|2064|0.265817,0.0139455
N12784|3331|0.692063,N12804|2693|0.587741,0.0139518
N12784|3331|0.692063,N12805|7599|5.251764,0.0123858
N12784|3331|0.692063,N12769|13527|0.825958,0.0139558
N12784|3331|0.692063,N12785|5214|0.480201,0.0147397
N12784|3331|0.692063,N12779|15232|2.449954,0.0116001
N12784|3331|0.692063,N12797|2791|0.77827,0.0131782
N12784|3331|0.692063,N12747|10085|0.02083,0.0147455
N12784|3331|0.692063,N12765|5223|0.290977,0.0147453
N12784|3331|0.692063,N12763|9214|0.250753,0.0147429
N12784|3331|0.692063,N12783|11478|4.222652,0.0116217
N12784|3331|0.692063,N12735|13411|1.300204,0.0147345
N12784|3331|0.692063,N12782|13348|2.56449,0.00771154
N7294|11133|0.650047,N7295|9807|2.446447,0.0085023
N7294|11133|0.650047,N7291|5461|0.256319,0.0147406
N8002|12307|0.801992,N8004|14482|0.071663,0.00616148
N8002|12307|0.801992,N8003|11990|0.675441,0
N8002|12307|0.801992,N7985|11817|0.231441,0.01474
N8002|12307|0.801992,N8000|10070|0.285692,0.0108196
N10883|12909|4.591612,N10880|8273|2.042781,0.0124076
N10883|12909|4.591612,N10882|15185|3.178219,0.00849989
N11957|13971|6.486149,N11951|8255|0.548719,0.0123771
N11957|13971|6.486149,N11953|9752|0.750454,0.0147314
N7676|11915|0.399721,N7675|13082|0.606485,0.00615991
N11929|7509|1.103166,N11937|2822|2.502224,0.0132012
N11929|7509|1.103166,N11927|6594|5.927884,0.0093013
N11929|7509|1.103166,N11928|9652|0.075206,0.00308663
N10589|7134|1.004689,N10584|7104|0.366573,0.00463267
N10589|7134|1.004689,N10582|10741|1.762303,0.00849627
N10589|7134|1.004689,N10585|12785|0.199406,0.00153795
N10589|7134|1.004689,N10590|3597|2.18778,0.0147476
N10589|7134|1.004689,N10577|2852|0.124301,0.00927022
N10589|7134|1.004689,N10586|5873|0.989638,0.00230531
N10589|7134|1.004689,N10591|10257|2.420075,0.00927022
N10589|7134|1.004689,N10594|11499|0.093242,0.0100501
N10589|7134|1.004689,N10595|14754|3.616975,0.0139459
N10589|7134|1.004689,N10596|5106|3.670426,0.0139458
N10589|7134|1.004689,N10583|5548|4.724395,0.0108264
N12509|3933|2.316697,N12498|9476|0.063085,0.0131569
N12509|3933|2.316697,N12488|12101|1.121635,0.0147398
N12509|3933|2.316697,N12508|14807|0.41106,0.0147345
N12509|3933|2.316697,N12497|5875|0.074333,0.013157
N11022|9342|3.458007,N11023|10968|0.392104,0.014726
N11022|9342|3.458007,N11026|6723|1.273592,0.0131626
N11022|9342|3.458007,N11021|5953|0.679736,0.00926993
N11022|9342|3.458007,N11018|11103|0.202635,0.0084905
N11022|9342|3.458007,N11027|6079|0.714309,0.014726
N11022|9342|3.458007,N11010|4955|0.212537,0.0131719
N11513|14873|1.613532,N11521|2839|0.149121,0.0061663
N11513|14873|1.613532,N11507|6607|1.978532,0.0108325
N11513|14873|1.613532,N11556|10035|3.080027,0.0131833
N11513|14873|1.613532,N11519|4528|1.340794,0.0116072
N11513|14873|1.613532,N11506|3269|1.611056,0.0131835
N11513|14873|1.613532,N11549|2223|0.51089,0.0131833
N11513|14873|1.613532,N11546|4490|1.028815,0.0147477
N11513|14873|1.613532,N11524|6585|0.421476,0.00926707
N11513|14873|1.613532,N11558|4971|0.648042,0.0139861
N11513|14873|1.613532,N11539|11393|0.198572,0.013991
N11513|14873|1.613532,N11528|1503|1.918436,0.0139528
N11513|14873|1.613532,N11509|7537|0.30586,0.00771824
N11513|14873|1.613532,N11536|8711|0.193032,0.0139788
N11513|14873|1.613532,N11525|1465|2.743465,0.0131943
N11513|14873|1.613532,N11526|15011|1.043239,0.00927554
N11513|14873|1.613532,N11529|10443|1.930225,0.00928451
N11513|14873|1.613532,N11552|14034|0.499465,0.0124137
N11513|14873|1.613532,N11555|3021|1.953023,0.014759
N11513|14873|1.613532,N11515|7523|2.271195,0.0131786
N7221|14788|1.719018,N7219|11468|0.060354,0.00850113
N7221|14788|1.719018,N7218|5990|0.165218,0.0116218
N12440|5924|1.208063,N12442|7102|0.817071,0.0147779
N12440|5924|1.208063,N12429|5196|0.40985,0.0132008
N12440|5924|1.208063,N12448|3129|0.946995,0.0132004
N12440|5924|1.208063,N12456|8471|1.772935,0.0139671
N12440|5924|1.208063,N12457|9305|1.04784,0.014763
N12440|5924|1.208063,N12433|4451|2.477759,0.014791
N12440|5924|1.208063,N12453|9718|1.313521,0.0132007
N12440|5924|1.208063,N12455|8365|0.335368,0.0131866
N12440|5924|1.208063,N12435|2899|0.967227,0.0116215
N12440|5924|1.208063,N12443|9845|0.533965,0.0124133
N12440|5924|1.208063,N12444|4137|0.107218,0.0116151
N12440|5924|1.208063,N12454|9739|0.606509,0.0123977
N12440|5924|1.208063,N12428|3118|1.22185,0.0123976
N12440|5924|1.208063,N12447|13631|1.752321,0.0108353
N12440|5924|1.208063,N12441|15258|0.530176,0.0131867
N12440|5924|1.208063,N12430|11924|0.617032,0.0139806
N12253|11064|0.662412,N12245|9635|0.192131,0.0116251
N12253|11064|0.662412,N12249|10050|0.470262,0.0147559
N12253|11064|0.662412,N12247|3801|2.795937,0.0147695
N12253|11064|0.662412,N12254|7275|2.19655,0.00461512
N12253|11064|0.662412,N12255|8455|5.011073,0.0100776
N12253|11064|0.662412,N12240|14756|0.109242,0.013985
N12253|11064|0.662412,N12250|7818|1.862516,0.0116327
N12253|11064|0.662412,N12244|14164|0.633352,0.012413
N12253|11064|0.662412,N12256|5110|1.787743,0.0116214
N10540|3723|0.326189,N10514|5041|4.568944,0.0147578
N10540|3723|0.326189,N10522|5802|1.060222,0.00849309
N10540|3723|0.326189,N10533|14026|3.551078,0.00927424
N10540|3723|0.326189,N10528|12840|1.138822,0.0147333
N10540|3723|0.326189,N10549|6129|2.090029,0.0148083
N10540|3723|0.326189,N10518|9355|1.106462,0.0139466
N10540|3723|0.326189,N10516|8786|3.901846,0.0123913
N10540|3723|0.326189,N10527|6890|0.101809,0.0139526
N10540|3723|0.326189,N10539|3755|0.466474,0.000767362
N10540|3723|0.326189,N10526|7145|1.150403,0.0123904
N10540|3723|0.326189,N10532|12282|4.59853,0.00617513
N10540|3723|0.326189,N10536|5868|0.748762,0.00384233
N10540|3723|0.326189,N10525|5486|3.135281,0.0124026
N10540|3723|0.326189,N10560|4175|0.28726,0.0148313
N10540|3723|0.326189,N10542|1999|4.01676,0.00926647
N10540|3723|0.326189,N10541|2290|2.197935,0.00615763
N10540|3723|0.326189,N10515|9957|1.828626,0.0123792
N10540|3723|0.326189,N10535|12368|0.523269,0.00153463
N10540|3723|0.326189,N10531|13747|1.12443,0.00848236
N10540|3723|0.326189,N10558|12714|0.308784,0.0124402
N11868|14230|1.45543,N11898|12236|0.570303,0.0140347
N11868|14230|1.45543,N11870|7309|3.13475,0.0108454
N11868|14230|1.45543,N11896|7098|0.209161,0.013258
N11868|14230|1.45543,N11897|9610|0.038403,0.0124611
N11868|14230|1.45543,N11903|5159|0.285236,0.0140336
N11868|14230|1.45543,N11891|11355|0.511365,0.0139787
N11868|14230|1.45543,N11863|6226|0.321138,0.0124249
N11868|14230|1.45543,N11867|7533|0.320478,0.000767375
N11868|14230|1.45543,N11864|12078|0.107577,0.0132578
N11868|14230|1.45543,N11869|10918|2.620545,0.00617565
N11868|14230|1.45543,N11866|9059|0.195271,0.0140334
N12622|13323|2.912253,N12623|2555|0.182071,0.0124099
N12622|13323|2.912253,N12624|3511|0.290651,0.0100699
N12622|13323|2.912253,N12627|9775|1.022169,0.00694098
N12622|13323|2.912253,N12626|14506|0.320709,0.0108463
N9235|12873|0.182793,N9232|4588|0.75533,0.002306
N9235|12873|0.182793,N9212|11276|1.009717,0.0147402
N9235|12873|0.182793,N9220|7153|0.060846,0.0147584
N9235|12873|0.182793,N9233|9309|0.624067,0.00462405
N9235|12873|0.182793,N9231|7133|1.834622,0.00538595
N9235|12873|0.182793,N9217|11202|0.826529,0.0147735
N11215|3845|1.597217,N11212|1937|0.207728,0.0147478
N11215|3845|1.597217,N11213|6878|0.573284,0.0023047
N11215|3845|1.597217,N11214|1991|2.311136,0.00461621
N11215|3845|1.597217,N11216|9423|0.027099,0.00384522
N9562|3709|4.60292,N9564|8190|1.697426,0.0139547
N9562|3709|4.60292,N9568|6979|2.778294,0.011601
N9562|3709|4.60292,N9560|8544|0.447709,0.00926095
N9562|3709|4.60292,N9565|9084|0.859842,0.0147251
N9562|3709|4.60292,N9566|1874|1.386538,0.0123817
N8626|14444|1.955912,N8631|15319|0.241047,0.0108312
N8626|14444|1.955912,N8630|6814|3.871625,0.0131762
N8626|14444|1.955912,N8629|9916|0.938927,0.00770872
N8626|14444|1.955912,N8625|3854|0.755222,0.00771327
N8626|14444|1.955912,N8636|1431|0.717095,0.0123777
N8626|14444|1.955912,N8641|4497|0.145991,0.0139541
N8626|14444|1.955912,N8634|14308|1.351042,0.0123835
N8626|14444|1.955912,N8651|13162|0.581821,0.0147397
N8626|14444|1.955912,N8628|8763|4.847856,0.0108196
N8626|14444|1.955912,N8635|7231|0.13617,0.0108147
N8626|14444|1.955912,N8637|14919|0.32506,0.011604
N8626|14444|1.955912,N8627|6340|1.679732,0.00384523
N8626|14444|1.955912,N8639|7321|1.594604,0.0108196
N11053|5167|3.405356,N11049|11978|0.793006,0.00928938
N11053|5167|3.405356,N11050|8626|2.343972,0.0100615
N11053|5167|3.405356,N11052|3771|2.234426,0.00772745
N11053|5167|3.405356,N11046|4421|1.078292,0.0100764
N11053|5167|3.405356,N11047|6258|0.08308,0.00852632
N11053|5167|3.405356,N11051|13838|0.533166,0.00773943
N11053|5167|3.405356,N11048|3370|1.599257,0.00696762
N7983|10858|1.052523,N7995|8990|0.237236,0.0131687
N7983|10858|1.052523,N7985|11817|0.231441,0.0108241
N7983|10858|1.052523,N7991|2953|0.737916,0.0147434
N7983|10858|1.052523,N7994|6866|0.804501,0.01474
N12193|14228|0.485161,N12183|15376|0.316416,0.0116136
N12193|14228|0.485161,N12197|7618|0.527773,0.00462377
N12193|14228|0.485161,N12206|12333|0.381509,0.0139882
N12193|14228|0.485161,N12196|5208|2.339095,0.00848633
N12193|14228|0.485161,N12195|11376|0.590085,0.00462375
N12193|14228|0.485161,N12180|2451|2.75645,0.0123833
N12267|2697|0.281847,N12280|9299|4.229629,0.0139613
N12267|2697|0.281847,N12285|12189|1.973591,0.0116041
N12267|2697|0.281847,N12279|8457|0.616552,0.0100526
N12267|2697|0.281847,N12276|15364|0.213973,0.00850484
N12267|2697|0.281847,N12275|11037|0.312229,0.00927836
N12267|2697|0.281847,N12281|5227|0.377566,0.00771789
N12267|2697|0.281847,N12266|5430|2.464993,0.00384394
N7333|14081|0.114831,N7344|13885|2.911292,0.0116482
N7333|14081|0.114831,N7343|6288|0.018884,0.0123919
N7333|14081|0.114831,N7334|2761|0.788392,0.00926458
N7333|14081|0.114831,N7341|6592|1.010284,0.0124072
N7333|14081|0.114831,N7340|10804|0.142584,0.0100701
N7333|14081|0.114831,N7337|10852|0.521503,0.00693341
N7333|14081|0.114831,N7342|14618|1.066006,0.00928444
N10474|2967|0.351916,N10472|15362|0.90256,0.00462041
N10474|2967|0.351916,N10477|13531|0.072022,0.0116255
N10474|2967|0.351916,N10469|5588|0.391991,0.00695537
N10474|2967|0.351916,N10473|6076|3.435552,0.00616953
N10474|2967|0.351916,N10478|10044|0.490332,0.0131876
N9876|12176|3.563165,N9881|13561|0.404367,0.0131873
N9876|12176|3.563165,N9877|5997|0.206392,0.0116139
N9876|12176|3.563165,N9882|5025|2.017777,0.0147573
N9876|12176|3.563165,N9861|14909|0.467325,0.0147631
N9876|12176|3.563165,N9867|2262|0.771963,0.0116317
N9876|12176|3.563165,N9875|10138|0.143738,0.00694769
N9876|12176|3.563165,N9870|10159|0.43556,0.0108247
N9876|12176|3.563165,N9857|12874|2.319649,0.0139613
N9876|12176|3.563165,N9855|6001|0.173178,0.0147503
N9876|12176|3.563165,N9874|11501|0.244614,0.0061692
N9876|12176|3.563165,N9858|7228|0.829383,0.0116217
N9876|12176|3.563165,N9860|3015|1.032278,0.0139798
N10286|11719|2.209748,N10289|9139|1.899365,0.00848644
N10286|11719|2.209748,N10284|13236|2.888831,0.00771979
N10286|11719|2.209748,N10283|15113|0.181433,0.00153498
N10286|11719|2.209748,N10287|12296|3.816019,0.00928623
N10289|9139|1.899365,N10284|13236|2.888831,0.0147391
N10289|9139|1.899365,N10283|15113|0.181433,0.00848643
N10289|9139|1.899365,N10287|12296|3.816019,0.014739
N11693|10108|1.755544,N11692|14817|1.040448,0.00617821
N11693|10108|1.755544,N11708|12521|1.374714,0.0148148
N11693|10108|1.755544,N11694|5840|1.604683,0.0100588
N11693|10108|1.755544,N11697|12251|0.022806,0.0147597
N11693|10108|1.755544,N11702|14744|0.617456,0.010093
N11693|10108|1.755544,N11699|8260|0.716946,0.0131867
N11693|10108|1.755544,N11696|6974|3.630097,0.012411
N11693|10108|1.755544,N11711|5342|0.529197,0.0139791
N8283|9462|2.4115,N8276|7340|0.140385,0.0131746
N8283|9462|2.4115,N8288|9960|1.501892,0.0116214
N8283|9462|2.4115,N8278|12996|0.77561,0.0147396
N8283|9462|2.4115,N8294|7565|3.15105,0.0108577
N8283|9462|2.4115,N8295|11083|0.439892,0.0108462
N8283|9462|2.4115,N8292|6296|4.341422,0.0147701
N8283|9462|2.4115,N8272|10761|0.822104,0.013183
N8283|9462|2.4115,N8280|5972|1.604295,0.0147391
N8283|9462|2.4115,N8289|1508|1.847277,0.0131839
N8283|9462|2.4115,N8266|9494|2.242049,0.0147674
N12384|10488|1.141749,N12393|6350|0.37277,0.0139382
N12384|10488|1.141749,N12551|7510|0.251933,0.0147556
N12384|10488|1.141749,N12378|10540|0.39814,0.0147492
N12384|10488|1.141749,N12382|11040|5.62857,0.0108162
N12384|10488|1.141749,N12550|8083|0.027918,0.0147556
N12384|10488|1.141749,N12383|4272|1.686228,0.0053983
N12384|10488|1.141749,N12396|15125|0.104996,0.0139455
N12384|10488|1.141749,N12554|10454|0.637343,0.0131909
N7742|8643|0.600804,N7741|11769|2.285557,0.0069392
N7742|8643|0.600804,N7739|13418|0.005701,0.0123941
N7742|8643|0.600804,N7743|9731|0.299603,0.00153501
N7742|8643|0.600804,N7744|5316|4.996405,0.0108355
N11189|2329|1.866776,N11195|14696|1.441102,0.0116073
N11189|2329|1.866776,N11192|5606|1.235494,0.00927458
N11189|2329|1.866776,N11176|8670|0.161207,0.0147402
N11189|2329|1.866776,N11194|3712|1.338839,0.0147592
N11189|2329|1.866776,N11174|7612|0.80396,0.0100445
N11189|2329|1.866776,N11180|1876|0.387964,0.0147261
N11189|2329|1.866776,N11190|13683|1.914442,0.00618538
N11189|2329|1.866776,N11173|12964|0.86605,0.0116084
N10401|9819|0.783816,N10396|13112|0.065223,0.0139779
N10401|9819|0.783816,N10447|13406|0.157979,0.0147455
N10401|9819|0.783816,N10403|8933|1.282567,0.0116491
N10401|9819|0.783816,N10406|5509|0.138178,0.0132164
N10401|9819|0.783816,N10394|7361|0.277432,0.0139419
N10401|9819|0.783816,N10402|4302|1.254379,0.00849998
N10401|9819|0.783816,N10389|10520|0.887805,0.0147229
N10401|9819|0.783816,N10400|14302|0.087592,0.00307296
N10401|9819|0.783816,N10407|7948|0.064604,0.0116327
N9371|9157|1.37692,N9359|13859|0.138749,0.01241
N9371|9157|1.37692,N9368|5528|1.847757,0.00848653
N9371|9157|1.37692,N9370|6191|0.044663,0.0077133
N9371|9157|1.37692,N9372|7984|0.880108,0.00849152
N9371|9157|1.37692,N9367|13918|2.215421,0.0108196
N9371|9157|1.37692,N9358|15303|1.043357,0.0131898
N9371|9157|1.37692,N9361|6873|1.129772,0.0147573
N10399|6695|4.456939,N10396|13112|0.065223,0.00462388
N10399|6695|4.456939,N10395|9449|3.230721,0.0116294
N8667|5850|1.086772,N8625|3854|0.755222,0.0147715
N8667|5850|1.086772,N8666|13078|0.559671,0.0046176
N8667|5850|1.086772,N8669|4088|1.262664,0.0116023
N8667|5850|1.086772,N8670|11686|1.623364,0.0108247
N8667|5850|1.086772,N8674|9719|0.296966,0.0100701
N8667|5850|1.086772,N8661|10851|1.961822,0.0131857
N8667|5850|1.086772,N8635|7231|0.13617,0.0139643
N8667|5850|1.086772,N8672|2210|0.469018,0.0092743
N8667|5850|1.086772,N8673|13767|0.155844,0.00850134
N8667|5850|1.086772,N8675|12520|4.641865,0.0139778
N8667|5850|1.086772,N8637|14919|0.32506,0.0147503
N8667|5850|1.086772,N8678|10511|0.772648,0.0108264
N8667|5850|1.086772,N8639|7321|1.594604,0.0139779
N8965|5511|1.381895,N8969|4867|1.87617,0.0139783
N8965|5511|1.381895,N8968|1807|1.211901,0.0100608
N8965|5511|1.381895,N8966|5713|0.015611,0.00463241
N9444|2556|0.380016,N9445|1834|0.874585,0.00849042
N11675|6287|0.86865,N11674|6359|4.11301,0.0100497
N11675|6287|0.86865,N11673|5800|0.170139,0.00849293
N11675|6287|0.86865,N11679|11343|0.672931,0.0131753
N11675|6287|0.86865,N11681|13181|1.679551,0.0123878
N11675|6287|0.86865,N11682|5969|0.745534,0.0147292
N11675|6287|0.86865,N11676|10604|3.072656,0.00771344
N11675|6287|0.86865,N11677|8271|1.234584,0.00770886
N8631|15319|0.241047,N8630|6814|3.871625,0.00849623
N8631|15319|0.241047,N8629|9916|0.938927,0.00771729
N8631|15319|0.241047,N8625|3854|0.755222,0.00617484
N8631|15319|0.241047,N8636|1431|0.717095,0.0100447
N8631|15319|0.241047,N8666|13078|0.559671,0.0147576
N8631|15319|0.241047,N8641|4497|0.145991,0.0123977
N8631|15319|0.241047,N8634|14308|1.351042,0.00926973
N8631|15319|0.241047,N8651|13162|0.581821,0.0116139
N8631|15319|0.241047,N8635|7231|0.13617,0.00848646
N8631|15319|0.241047,N8637|14919|0.32506,0.00927548
N8631|15319|0.241047,N8627|6340|1.679732,0.00694066
N8631|15319|0.241047,N8639|7321|1.594604,0.00849034
N9620|6713|0.765805,N9618|9331|0.067306,0.00307482
N9620|6713|0.765805,N9622|6187|0.653961,0.00462043
N9620|6713|0.765805,N9619|13035|1.280624,0.00384395
N9620|6713|0.765805,N9614|3685|0.075811,0.0085105
N9620|6713|0.765805,N9624|10834|1.251999,0.00539628
N9620|6713|0.765805,N9632|13351|0.423463,0.0139696
N9620|6713|0.765805,N9621|8513|1.596386,0.00693895
N10465|5296|0.714784,N10447|13406|0.157979,0.00926428
N10465|5296|0.714784,N10453|5010|3.198702,0.0116218
N10465|5296|0.714784,N10463|6162|0.183799,0.00616738
N10465|5296|0.714784,N10468|13503|2.975931,0.01474
N10465|5296|0.714784,N10451|8351|0.152582,0.0123979
N10465|5296|0.714784,N10440|6346|0.732477,0.0147393
N10465|5296|0.714784,N10464|13817|1.982144,0.0108321
N10465|5296|0.714784,N10457|8278|1.686393,0.0123979
N10465|5296|0.714784,N10452|9184|0.524044,0.0116218
N10465|5296|0.714784,N10458|6483|1.010701,0.0116009
N10465|5296|0.714784,N10459|13491|0.273509,0.0100497
N11464|4774|2.356946,N11442|1536|3.34164,0.0131749
N11464|4774|2.356946,N11456|10863|0.74217,0.0108449
N11464|4774|2.356946,N11418|2052|0.356991,0.0147577
N11464|4774|2.356946,N11457|3440|2.050117,0.00695569
N11464|4774|2.356946,N11461|2877|0.897368,0.00616741
N11464|4774|2.356946,N11462|14660|0.116968,0.00694636
N11464|4774|2.356946,N11459|5137|0.887993,0.00849041
N11464|4774|2.356946,N11436|8642|2.737344,0.0123979
N11464|4774|2.356946,N11465|1674|3.954232,0.00693912
N11464|4774|2.356946,N11476|7720|0.188723,0.0131956
N11464|4774|2.356946,N11466|6960|0.69333,0.0124076
N11464|4774|2.356946,N11439|4031|5.949013,0.0116308
N11464|4774|2.356946,N11432|8564|1.106573,0.0139543
N11464|4774|2.356946,N11460|4546|1.523002,0.00771984
N11464|4774|2.356946,N11463|14878|1.463977,0.00849293
N11464|4774|2.356946,N11440|9498|2.349682,0.0147678
N11464|4774|2.356946,N11472|6578|0.483504,0.0131957
N11464|4774|2.356946,N11447|15071|0.379129,0.0100566
N11464|4774|2.356946,N11471|13768|0.711381,0.0139728
N11464|4774|2.356946,N11455|6968|3.156725,0.0108315
N11464|4774|2.356946,N11452|2698|0.399768,0.0092846
N11464|4774|2.356946,N11417|2611|2.032126,0.0147625
N10869|5771|0.192808,N10870|9880|3.189062,0.00929821
N10869|5771|0.192808,N10867|13583|0.142304,0.0116199
N10869|5771|0.192808,N10897|1837|0.253174,0.0131952
N10869|5771|0.192808,N10862|5217|0.345634,0.0147729
N10869|5771|0.192808,N10866|8307|0.180251,0.0147504
N10869|5771|0.192808,N10871|10888|0.749198,0.00772828
N10869|5771|0.192808,N10863|11717|0.110071,0.0139716
N10869|5771|0.192808,N10865|4434|0.263375,0.0124012
N10293|1501|5.525746,N10295|1976|0.696104,0.0131689
N10293|1501|5.525746,N10308|7071|0.582151,0.0139596
N10293|1501|5.525746,N10307|14002|0.117948,0.0147442
N12329|5949|0.741991,N12331|7182|2.15702,0.0124051
N12329|5949|0.741991,N12326|10017|0.968429,0.013187
N12329|5949|0.741991,N12338|2957|0.134938,0.0116395
N12329|5949|0.741991,N12327|2178|4.302167,0.00850145
N12329|5949|0.741991,N12330|6498|0.353492,0.00928607
N12329|5949|0.741991,N12335|5374|3.451776,0.0131917
N12329|5949|0.741991,N12328|14516|2.112601,0.00461946
N12329|5949|0.741991,N12322|6249|0.030627,0.0147864
N12329|5949|0.741991,N12336|6471|2.511308,0.00851155
N12329|5949|0.741991,N12334|12617|5.728524,0.0132003
N11521|2839|0.149121,N11507|6607|1.978532,0.00771759
N11521|2839|0.149121,N11556|10035|3.080027,0.00849661
N11521|2839|0.149121,N11519|4528|1.340794,0.00693618
N11521|2839|0.149121,N11418|2052|0.356991,0.0131689
N11521|2839|0.149121,N11545|12365|0.79407,0.0108267
N11521|2839|0.149121,N11538|11013|1.022348,0.0108835
N11521|2839|0.149121,N11506|3269|1.611056,0.0100568
N11521|2839|0.149121,N11520|7771|1.551812,0.0108404
N11521|2839|0.149121,N11517|12445|9.348798,0.0123994
N11521|2839|0.149121,N11549|2223|0.51089,0.00849663
N11521|2839|0.149121,N11420|5326|2.154032,0.0147461
N11521|2839|0.149121,N11530|12697|1.748775,0.0108385
N11521|2839|0.149121,N11546|4490|1.028815,0.0100498
N11521|2839|0.149121,N11535|7769|2.633978,0.0131879
N11521|2839|0.149121,N11551|2027|0.878688,0.0116259
N11521|2839|0.149121,N11524|6585|0.421476,0.00307173
N11521|2839|0.149121,N11563|10056|0.209228,0.0139802
N11521|2839|0.149121,N11534|10703|0.757553,0.0123945
N11521|2839|0.149121,N11558|4971|0.648042,0.00928737
N11521|2839|0.149121,N11539|11393|0.198572,0.00929982
N11521|2839|0.149121,N11528|1503|1.918436,0.0092644
N11521|2839|0.149121,N11518|4201|1.298602,0.0116596
N11521|2839|0.149121,N11531|8005|0.409323,0.0124791
N11521|2839|0.149121,N11509|7537|0.30586,0.00461774
N11521|2839|0.149121,N11536|8711|0.193032,0.00928671
N11521|2839|0.149121,N11525|1465|2.743465,0.00694546
N11521|2839|0.149121,N11526|15011|1.043239,0.00307627
N11521|2839|0.149121,N11529|10443|1.930225,0.00616965
N11521|2839|0.149121,N11543|4427|0.832731,0.0108324
N11521|2839|0.149121,N11552|14034|0.499465,0.00772865
N11521|2839|0.149121,N11555|3021|1.953023,0.0100586
N11521|2839|0.149121,N11548|11137|5.21459,0.0131766
N11521|2839|0.149121,N11515|7523|2.271195,0.0100587
N11521|2839|0.149121,N11417|2611|2.032126,0.0131678
N7354|10999|1.862225,N7350|2743|0.421106,0.0124015
N7354|10999|1.862225,N7349|13916|4.558712,0.0116216
N7354|10999|1.862225,N7355|4218|5.849677,0.0147679
N7354|10999|1.862225,N7353|10399|1.083388,0.00771743
N11639|9445|1.410352,N11647|1581|0.844933,0.0116501
N11639|9445|1.410352,N11651|13624|1.651375,0.0132177
N11639|9445|1.410352,N11657|12112|1.802905,0.0108171
N11639|9445|1.410352,N11643|10735|0.125534,0.00851278
N11639|9445|1.410352,N11644|8422|0.74399,0.00851278
N11639|9445|1.410352,N11655|12860|0.463801,0.0124108
N11639|9445|1.410352,N11653|13779|1.337948,0.0108316
N11639|9445|1.410352,N11649|15386|1.430713,0.0123862
N11639|9445|1.410352,N11645|4531|0.087086,0.00771863
N11639|9445|1.410352,N11660|13089|0.382191,0.0131786
N11639|9445|1.410352,N11646|7298|2.906628,0.0100587
N11639|9445|1.410352,N11648|14770|4.004292,0.0140135
N12245|9635|0.192131,N12249|10050|0.470262,0.0108245
N12245|9635|0.192131,N12247|3801|2.795937,0.00307477
N12245|9635|0.192131,N12254|7275|2.19655,0.0147772
N12245|9635|0.192131,N12255|8455|5.011073,0.0108245
N12245|9635|0.192131,N12240|14756|0.109242,0.00850178
N12245|9635|0.192131,N12250|7818|1.862516,0.00771715
N12245|9635|0.192131,N12244|14164|0.633352,0.000767359
N12245|9635|0.192131,N12256|5110|1.787743,0.0124192
N10258|11600|5.414147,N10261|14522|1.599189,0.0108148
N10258|11600|5.414147,N10259|14317|1.019833,0.00849267
N10258|11600|5.414147,N10254|5148|2.583065,0.0116089
N10258|11600|5.414147,N10253|13358|0.566741,0.0147314
N10159|5347|1.089161,N10169|2065|3.860674,0.0124102
N10159|5347|1.089161,N10151|6496|1.236271,0.0131689
N10159|5347|1.089161,N10148|14970|1.835456,0.0131784
N10159|5347|1.089161,N10141|15388|1.388087,0.0147337
N10159|5347|1.089161,N10150|8448|0.63063,0.0124091
N10159|5347|1.089161,N10140|13774|1.624122,0.0100444
N10159|5347|1.089161,N10145|8073|2.673846,0.0139673
N10159|5347|1.089161,N10153|2144|0.895476,0.00848243
N10159|5347|1.089161,N10146|10997|1.204118,0.0123906
N10159|5347|1.089161,N10147|10051|1.378086,0.0116072
N10159|5347|1.089161,N10149|11080|0.160309,0.01162
N10159|5347|1.089161,N10154|13738|0.207181,0.00848661
N10159|5347|1.089161,N10152|9351|0.056029,0.0108315
N10159|5347|1.089161,N10158|14329|0.227607,0.0061615
N10159|5347|1.089161,N10160|4433|0.171967,0.00462122
N10159|5347|1.089161,N10136|6253|0.845949,0.011596
N10159|5347|1.089161,N10139|5635|0.470954,0.0100444
N10159|5347|1.089161,N10135|3888|1.954201,0.0123732
N7301|5222|0.955632,N7302|12166|1.075789,0.011607
N9117|15300|3.458374,N9116|10730|0.445411,0.00461513
N9117|15300|3.458374,N9110|13207|3.571455,0.0116481
N9117|15300|3.458374,N9109|4667|0.075349,0.011611
N9117|15300|3.458374,N9134|1592|0.274906,0.00926655
N9117|15300|3.458374,N9115|2253|1.392066,0.00384523
N9117|15300|3.458374,N9124|12640|0.657822,0.0116154
N9117|15300|3.458374,N9114|12028|0.249049,0.00461967
N9117|15300|3.458374,N9123|7269|4.075191,0.0131867
N9117|15300|3.458374,N9145|12677|0.169826,0.0139781
N9117|15300|3.458374,N9133|10512|0.63993,0.00926439
N9117|15300|3.458374,N9159|5400|0.497134,0.0147908
N9117|15300|3.458374,N9112|10385|2.194996,0.0108465
N9526|4386|4.722378,N9498|7215|0.598502,0.013975
N9526|4386|4.722378,N9493|8379|0.638868,0.0124172
N9526|4386|4.722378,N9504|4699|0.169281,0.0147332
N9526|4386|4.722378,N9553|9058|1.067382,0.0147503
N9526|4386|4.722378,N9481|6058|1.683084,0.0139797
N9526|4386|4.722378,N9524|13107|1.267971,0.0139801
N9526|4386|4.722378,N9525|10317|1.701035,0.00618319
N9526|4386|4.722378,N9482|2701|0.778378,0.013975
N9526|4386|4.722378,N9492|8720|1.571976,0.013213
N9526|4386|4.722378,N9502|12775|0.091182,0.0131832
N9526|4386|4.722378,N9495|7893|0.163381,0.0124032
N9526|4386|4.722378,N9552|6778|1.175407,0.014763
N9526|4386|4.722378,N9513|10514|1.389128,0.0147247
N9526|4386|4.722378,N9500|2227|1.218307,0.0147687
N9526|4386|4.722378,N9503|4006|0.215152,0.0139544
N9526|4386|4.722378,N9542|13337|0.791992,0.0123812
N9526|4386|4.722378,N9491|12440|0.015674,0.0108506
N9526|4386|4.722378,N9511|4037|0.11695,0.0108248
N9526|4386|4.722378,N9484|8231|2.243047,0.0131716
N9526|4386|4.722378,N9508|3512|0.122202,0.0131688
N9526|4386|4.722378,N9486|1956|0.766508,0.013991
N9526|4386|4.722378,N9507|10649|0.049628,0.0123848
N10722|10623|1.28223,N10728|5088|3.10689,0.0147897
N10722|10623|1.28223,N10717|5155|1.713998,0.0140148
N10722|10623|1.28223,N10718|7313|0.915261,0.0108616
N10722|10623|1.28223,N10720|4292|4.75177,0.00772838
N10722|10623|1.28223,N10716|5404|0.583346,0.0100582
N10722|10623|1.28223,N10710|3869|5.917943,0.0124251
N10722|10623|1.28223,N10724|3500|0.101707,0.010845
N10722|10623|1.28223,N10732|12967|0.670641,0.00927432
N10722|10623|1.28223,N10725|9276|3.451623,0.0132008
N10722|10623|1.28223,N10726|6909|1.102324,0.0108449
N10722|10623|1.28223,N10727|11162|3.195729,0.0116214
N10722|10623|1.28223,N10740|14410|2.284142,0.0108617
N10722|10623|1.28223,N10735|8144|0.65834,0.0139939
N10722|10623|1.28223,N10712|12789|1.346723,0.0132495
N10722|10623|1.28223,N10713|9768|1.55032,0.0147745
N12557|11072|1.741554,N12551|7510|0.251933,0.0124132
N12557|11072|1.741554,N12563|8865|1.422802,0.00927726
N12557|11072|1.741554,N12508|14807|0.41106,0.0147712
N12557|11072|1.741554,N12558|10752|2.08351,0.00617479
N12557|11072|1.741554,N12555|4208|2.598968,0.0139633
N12557|11072|1.741554,N12562|4529|0.61832,0.0116253
N12557|11072|1.741554,N12550|8083|0.027918,0.0124132
N12557|11072|1.741554,N12554|10454|0.637343,0.0124012
N11340|11729|1.463688,N11345|10231|0.07044,0.0116486
N11340|11729|1.463688,N11357|7423|1.888211,0.01481
N11340|11729|1.463688,N11344|5304|0.017475,0.0116486
N11340|11729|1.463688,N11353|6988|0.241705,0.0147747
N11340|11729|1.463688,N11337|14009|3.192114,0.00775329
N11340|11729|1.463688,N11356|6647|1.107781,0.013997
N11340|11729|1.463688,N11336|1750|1.140954,0.0100585
N11340|11729|1.463688,N11333|15173|0.298044,0.0131903
N11340|11729|1.463688,N11334|12468|1.530882,0.0100518
N10106|8277|4.469455,N10108|15254|0.732074,0.0147317
N10106|8277|4.469455,N10107|7721|1.979724,0.00538361
N10106|8277|4.469455,N10111|11577|0.639357,0.0147347
N10106|8277|4.469455,N10119|10803|0.316622,0.0147318
N7585|9212|1.060281,N7570|9685|0.00472,0.0108266
N7585|9212|1.060281,N7573|12128|0.908489,0.013186
N7585|9212|1.060281,N7569|13864|0.616308,0.0100444
N7585|9212|1.060281,N7571|12548|0.443857,0.0116332
N7585|9212|1.060281,N7572|15384|2.459501,0.0124102
N7585|9212|1.060281,N7568|1526|0.096161,0.0092666
N7585|9212|1.060281,N7578|13870|0.956822,0.01162
N7585|9212|1.060281,N7556|6176|0.951097,0.0124135
N7585|9212|1.060281,N7577|3297|0.36233,0.0108333
N7585|9212|1.060281,N7555|11252|0.72638,0.0108464
N7559|10979|1.749562,N7557|4950|4.0615,0.0132004
N7559|10979|1.749562,N7556|6176|0.951097,0.00849278
N7559|10979|1.749562,N7563|12885|4.860477,0.0147509
N7559|10979|1.749562,N7555|11252|0.72638,0.00693899
N7559|10979|1.749562,N7558|4154|4.477561,0.0108333
N7236|1396|0.084661,N7226|10346|3.042557,0.0108317
N7236|1396|0.084661,N7222|10778|0.966694,0.0084867
N7236|1396|0.084661,N7224|9525|1.63289,0.0069362
N7236|1396|0.084661,N7225|10784|0.941838,0.00926445
N7236|1396|0.084661,N7229|4355|2.131715,0.00849055
N7236|1396|0.084661,N7228|2074|1.066336,0.00771344
N7236|1396|0.084661,N7227|3532|0.645177,0.00849054
N7236|1396|0.084661,N7235|9395|5.523015,0.0147319
N7236|1396|0.084661,N7232|14323|1.293716,0.0100422
N7236|1396|0.084661,N7233|6506|1.924172,0.0116156
N7236|1396|0.084661,N7234|5555|2.762448,0.0108366
N12661|13593|0.46788,N12677|7719|1.38275,0.0131746
N12661|13593|0.46788,N12687|3549|0.172949,0.0116024
N12661|13593|0.46788,N12657|5825|0.376556,0.0131781
N12661|13593|0.46788,N12658|3767|0.260726,0.0147474
N12661|13593|0.46788,N12656|3489|0.856322,0.0131866
N12661|13593|0.46788,N12673|4752|1.088216,0.0116199
N12661|13593|0.46788,N12668|15202|0.179902,0.0100487
N12661|13593|0.46788,N12670|10894|2.37048,0.0108331
N7219|11468|0.060354,N7194|14234|0.767278,0.0147449
N7219|11468|0.060354,N7208|6016|1.626661,0.0147569
N7219|11468|0.060354,N7202|9897|0.682279,0.010036
N7219|11468|0.060354,N7197|10063|0.501954,0.0147429
N7219|11468|0.060354,N7203|6151|0.533891,0.0147568
N7219|11468|0.060354,N7218|5990|0.165218,0.00307299
N7219|11468|0.060354,N7216|13402|0.665164,0.0123966
N7219|11468|0.060354,N7201|9260|0.113269,0.010036
N7219|11468|0.060354,N7209|3424|0.568831,0.0100586
N7219|11468|0.060354,N7213|9538|0.153531,0.010073
N11589|3883|4.024833,N11604|14042|0.61391,0.0139533
N11589|3883|4.024833,N11595|5624|0.527232,0.0139815
N11589|3883|4.024833,N11596|10816|0.692399,0.0139815
N11589|3883|4.024833,N11592|6662|0.082858,0.0132018
N11589|3883|4.024833,N11606|7388|0.162691,0.0131754
N11589|3883|4.024833,N11611|3842|2.309476,0.0139533
N11589|3883|4.024833,N11600|4625|0.576178,0.0147747
N11656|5269|2.399176,N11651|13624|1.651375,0.013997
N11656|5269|2.399176,N11657|12112|1.802905,0.0147399
N11656|5269|2.399176,N11643|10735|0.125534,0.012414
N11656|5269|2.399176,N11644|8422|0.74399,0.012414
N11656|5269|2.399176,N11655|12860|0.463801,0.00851111
N11656|5269|2.399176,N11653|13779|1.337948,0.00694115
N11656|5269|2.399176,N11654|7696|3.757235,0.0131905
N11656|5269|2.399176,N11645|4531|0.087086,0.0116222
N11656|5269|2.399176,N11646|7298|2.906628,0.0139731
N9778|14931|0.275082,N9787|5028|0.943585,0.0147255
N9778|14931|0.275082,N9765|3284|0.917424,0.0131611
N9778|14931|0.275082,N9771|1375|1.112466,0.0139457
N9778|14931|0.275082,N9775|15311|4.58633,0.00539629
N9778|14931|0.275082,N9786|6325|1.393156,0.0131633
N9778|14931|0.275082,N9779|7230|2.871672,0.00772724
N9778|14931|0.275082,N9777|4788|3.700689,0.0108321
N9778|14931|0.275082,N9770|2752|0.871925,0.0131686
N9778|14931|0.275082,N9772|13322|0.457933,0.0108196
N9778|14931|0.275082,N9780|4463|1.049062,0.0069562
N9778|14931|0.275082,N9776|7606|0.763841,0.00850184
N9734|4999|0.948464,N9729|8174|0.467334,0.0131785
N9734|4999|0.948464,N9747|1844|0.32389,0.0116218
N9734|4999|0.948464,N9735|12774|3.55185,0.0092607
N9734|4999|0.948464,N9716|11708|2.376221,0.013165
N9734|4999|0.948464,N9726|8488|0.687493,0.0124192
N9734|4999|0.948464,N9744|11153|1.514729,0.0131955
N9734|4999|0.948464,N9731|10819|0.095892,0.0124105
N9734|4999|0.948464,N9722|11084|0.167069,0.010061
N9734|4999|0.948464,N9748|7503|0.077164,0.0108321
N9734|4999|0.948464,N9742|1593|1.843405,0.0116218
N9734|4999|0.948464,N9736|4880|0.301087,0.00385022
N9734|4999|0.948464,N9728|15310|0.085393,0.0123903
N9734|4999|0.948464,N9713|11770|0.47842,0.0147623
N9734|4999|0.948464,N9727|2654|0.637465,0.0108356
N9734|4999|0.948464,N9723|4534|3.162746,0.0139617
N9734|4999|0.948464,N9733|11666|0.117101,0.00385022
N9734|4999|0.948464,N9740|10865|0.999278,0.011614
N9734|4999|0.948464,N9743|5866|1.262035,0.0147704
N8977|12250|0.173042,N8968|1807|1.211901,0.0147457
N8977|12250|0.173042,N8975|7979|3.131853,0.0139674
N8977|12250|0.173042,N8973|10145|2.089194,0.00461515
N8977|12250|0.173042,N8971|9569|0.51094,0.00616153
N10108|15254|0.732074,N10109|11778|1.407404,0.00771916
N10108|15254|0.732074,N10122|2041|0.602855,0.0139856
N10108|15254|0.732074,N10107|7721|1.979724,0.0108332
N10108|15254|0.732074,N10124|12667|2.251802,0.013996
N10108|15254|0.732074,N10111|11577|0.639357,0.00616436
N10108|15254|0.732074,N10094|7322|3.27339,0.0139673
N10108|15254|0.732074,N10096|4634|3.033585,0.0139672
N10108|15254|0.732074,N10113|13294|0.443123,0.00772833
N10108|15254|0.732074,N10116|10026|2.262191,0.0092737
N10108|15254|0.732074,N10119|10803|0.316622,0.00616178
N10108|15254|0.732074,N10105|6840|2.06747,0.0139617
N10108|15254|0.732074,N10061|3384|0.179959,0.013996
N10108|15254|0.732074,N10110|10994|0.926104,0.00694613
N11217|2394|0.726068,N11218|7786|3.711669,0.00926075
N11217|2394|0.726068,N11213|6878|0.573284,0.0147345
N11217|2394|0.726068,N11216|9423|0.027099,0.0147314
N11217|2394|0.726068,N11199|2139|0.525467,0.0147397
N12823|9813|0.830819,N12828|12550|1.212722,0.00462039
N12823|9813|0.830819,N12815|11358|1.139968,0.00617474
N12823|9813|0.830819,N12841|14215|0.661025,0.00539344
N12823|9813|0.830819,N12821|14257|0.767312,0.00619998
N12823|9813|0.830819,N12832|10581|0.014099,0.00849263
N12823|9813|0.830819,N12817|13932|1.254999,0.0108444
N12823|9813|0.830819,N12835|5032|0.52659,0.0131839
N12823|9813|0.830819,N12831|6709|1.504096,0.00539645
N12823|9813|0.830819,N12827|7021|0.494991,0.00462109
N12823|9813|0.830819,N12839|3259|2.23288,0.0116218
N12823|9813|0.830819,N12822|1932|2.476291,0.007738
N12823|9813|0.830819,N12829|15189|0.468004,0.00617475
N12823|9813|0.830819,N12826|10353|2.203998,0.00771974
N12823|9813|0.830819,N12819|6009|0.132923,0.0108444
N12823|9813|0.830819,N12824|13110|5.024155,0.0124583
N12823|9813|0.830819,N12837|3001|4.039749,0.0131921
N12823|9813|0.830819,N12840|8247|1.106403,0.00694092
N12823|9813|0.830819,N12834|6657|0.028154,0.00539342
N12823|9813|0.830819,N12842|5983|3.233808,0.00849666
N12823|9813|0.830819,N12668|15202|0.179902,0.0147308
N12823|9813|0.830819,N12838|7539|1.101225,0.0108468
N12823|9813|0.830819,N12735|13411|1.300204,0.0147344
N12823|9813|0.830819,N12812|2089|1.926513,0.00928377
N7701|12639|3.790591,N7696|6211|2.346475,0.00771994
N7701|12639|3.790591,N7702|1487|0.895309,0.00771995
N7701|12639|3.790591,N7697|5849|2.33713,0.0124103
N7701|12639|3.790591,N7694|4064|2.201154,0.0132172
N7701|12639|3.790591,N7700|13769|0.192904,0.00616737
N11507|6607|1.978532,N11556|10035|3.080027,0.0147585
N11507|6607|1.978532,N11519|4528|1.340794,0.0131788
N11507|6607|1.978532,N11506|3269|1.611056,0.0147587
N11507|6607|1.978532,N11549|2223|0.51089,0.0147584
N11507|6607|1.978532,N11524|6585|0.421476,0.0108251
N11507|6607|1.978532,N11539|11393|0.198572,0.0139721
N11507|6607|1.978532,N11509|7537|0.30586,0.00616447
N11507|6607|1.978532,N11536|8711|0.193032,0.0139701
N11507|6607|1.978532,N11525|1465|2.743465,0.0147684
N11507|6607|1.978532,N11526|15011|1.043239,0.0108403
N11507|6607|1.978532,N11529|10443|1.930225,0.0124139
N11507|6607|1.978532,N11552|14034|0.499465,0.0139968
N11507|6607|1.978532,N11515|7523|2.271195,0.0147593
N9844|8597|1.735571,N9840|11225|0.243286,0.00384656
N9844|8597|1.735571,N9846|2267|2.054094,0.0147782
N9844|8597|1.735571,N9842|4063|0.304267,0.00307623
N9844|8597|1.735571,N9839|6268|1.81341,0.008501
N7863|9259|0.12999,N7862|7387|0.026433,0.00307186
N7863|9259|0.12999,N7871|11142|0.905978,0.0139518
N7863|9259|0.12999,N7867|6195|1.334354,0
N7863|9259|0.12999,N7865|13699|13.159582,0.0132356
N7863|9259|0.12999,N7869|13154|5.006402,0.011614
N8332|6824|2.587973,N8335|13440|0.49766,0.00461971
N8332|6824|2.587973,N8343|10921|1.247792,0.0147347
N8332|6824|2.587973,N8340|6457|4.37399,0.0147495
N8332|6824|2.587973,N8341|7203|0.555715,0.0131737
N8332|6824|2.587973,N8334|11806|4.874931,0.0116201
N8332|6824|2.587973,N8325|3657|1.26967,0.0139939
N8332|6824|2.587973,N8339|5753|1.622711,0.00926422
N8332|6824|2.587973,N8337|7193|4.469422,0.0100447
N8332|6824|2.587973,N8324|10337|0.580733,0.0139673
N8332|6824|2.587973,N8331|13917|0.106613,0.00462812
N11442|1536|3.34164,N11456|10863|0.74217,0.0147332
N11442|1536|3.34164,N11418|2052|0.356991,0.0139458
N11442|1536|3.34164,N11445|11056|1.106621,0.0139469
N11442|1536|3.34164,N11457|3440|2.050117,0.010828
N11442|1536|3.34164,N11461|2877|0.897368,0.0131676
N11442|1536|3.34164,N11462|14660|0.116968,0.0139528
N11442|1536|3.34164,N11436|8642|2.737344,0.011596
N11442|1536|3.34164,N11444|2905|0.625784,0.0139397
N11442|1536|3.34164,N11476|7720|0.188723,0.0123876
N11442|1536|3.34164,N11466|6960|0.69333,0.0116025
N11442|1536|3.34164,N11439|4031|5.949013,0.0108248
N11442|1536|3.34164,N11432|8564|1.106573,0.0139345
N11442|1536|3.34164,N11460|4546|1.523002,0.0147534
N11442|1536|3.34164,N11463|14878|1.463977,0.0139499
N11442|1536|3.34164,N11472|6578|0.483504,0.0123877
N11442|1536|3.34164,N11447|15071|0.379129,0.0108242
N11442|1536|3.34164,N11469|11377|1.277083,0.0147394
N11442|1536|3.34164,N11471|13768|0.711381,0.0131651
N11442|1536|3.34164,N11455|6968|3.156725,0.0147332
N11442|1536|3.34164,N11434|2008|6.10435,0.0147383
N11442|1536|3.34164,N11452|2698|0.399768,0.0116008
N11442|1536|3.34164,N11417|2611|2.032126,0.0139499
N8276|7340|0.140385,N8277|10408|2.784816,0.0100309
N8276|7340|0.140385,N8271|14464|0.211769,0.0100447
N8276|7340|0.140385,N8288|9960|1.501892,0.0108447
N8276|7340|0.140385,N8278|12996|0.77561,0.00925931
N8276|7340|0.140385,N8294|7565|3.15105,0.0100582
N8276|7340|0.140385,N8287|3791|6.88409,0.0147559
N8276|7340|0.140385,N8295|11083|0.439892,0.0100513
N8276|7340|0.140385,N8274|11759|1.247002,0.00539834
N8276|7340|0.140385,N8304|3978|1.603384,0.0147397
N8276|7340|0.140385,N8265|2171|0.945225,0.0139692
N8276|7340|0.140385,N8292|6296|4.341422,0.0139693
N8276|7340|0.140385,N8269|4029|0.03278,0.0131838
N8276|7340|0.140385,N8272|10761|0.822104,0.00307246
N8276|7340|0.140385,N8273|6624|22.202238,0.0147071
N8276|7340|0.140385,N8281|15228|0.040968,0.010039
N8276|7340|0.140385,N8280|5972|1.604295,0.00926677
N8276|7340|0.140385,N8289|1508|1.847277,0.0123902
N8276|7340|0.140385,N8266|9494|2.242049,0.00926972
N9729|8174|0.467334,N9747|1844|0.32389,0.0108313
N9729|8174|0.467334,N9715|2308|3.947555,0.0139725
N9729|8174|0.467334,N9716|11708|2.376221,0.0108262
N9729|8174|0.467334,N9726|8488|0.687493,0.0100525
N9729|8174|0.467334,N9744|11153|1.514729,0.0124016
N9729|8174|0.467334,N9731|10819|0.095892,0.0132009
N9729|8174|0.467334,N9722|11084|0.167069,0.00927462
N9729|8174|0.467334,N9748|7503|0.077164,0.0100447
N9729|8174|0.467334,N9742|1593|1.843405,0.0108334
N9729|8174|0.467334,N9736|4880|0.301087,0.0108266
N9729|8174|0.467334,N9728|15310|0.085393,0.0100414
N9729|8174|0.467334,N9713|11770|0.47842,0.0123903
N9729|8174|0.467334,N9717|6100|7.537105,0.0147226
N9729|8174|0.467334,N9727|2654|0.637465,0.0085017
N9729|8174|0.467334,N9723|4534|3.162746,0.0131688
N9729|8174|0.467334,N9733|11666|0.117101,0.0108266
N9729|8174|0.467334,N9740|10865|0.999278,0.0123916
N9729|8174|0.467334,N9743|5866|1.262035,0.0139726
N10816|11986|0.724767,N10809|6337|1.015545,0.0108117
N10816|11986|0.724767,N10819|13459|0.374837,0.0108266
N10816|11986|0.724767,N10811|8321|0.053514,0.00770671
N10816|11986|0.724767,N10817|8634|2.238831,0.00538991
N10814|14149|17.160486,N10815|4153|23.100581,0.00695635
N9061|11039|0.602917,N9062|2969|4.753182,0.0023028
N9061|11039|0.602917,N9091|13968|0.501484,0.0108241
N9061|11039|0.602917,N9064|14935|3.181566,0.00771341
N9061|11039|0.602917,N9077|2409|0.356179,0.0123976
N9061|11039|0.602917,N9081|8706|1.386561,0.0123965
N9061|11039|0.602917,N9072|4235|1.055492,0.0092739
N9061|11039|0.602917,N9082|6397|0.367536,0.0108452
N9061|11039|0.602917,N9086|13394|0.878173,0.00849046
N9061|11039|0.602917,N9063|14968|3.46223,0.00694107
N9061|11039|0.602917,N9060|5017|1.651897,0.00230328
N9061|11039|0.602917,N9079|12702|0.242011,0.0132027
N9061|11039|0.602917,N9070|12994|1.368415,0.0123916
N9061|11039|0.602917,N9066|8542|2.20717,0.010859
N9061|11039|0.602917,N9059|3952|0.117079,0.000766731
N9061|11039|0.602917,N9090|5865|0.111667,0.00771337
N9061|11039|0.602917,N9069|8647|2.490183,0.0123904
N9061|11039|0.602917,N9075|13959|2.641422,0.013175
N9061|11039|0.602917,N9058|3054|0.871612,0.00538597
N9061|11039|0.602917,N9074|12197|2.750243,0.0139469
N11413|8686|1.389957,N11412|1935|0.128139,0
N11413|8686|1.389957,N11406|7105|0.24223,0.0139383
N11413|8686|1.389957,N11378|12634|1.329419,0.0147704
N11413|8686|1.389957,N11410|2057|0.924361,0.00695646
N11413|8686|1.389957,N11337|14009|3.192114,0.0147568
N11413|8686|1.389957,N11404|5368|0.608453,0.0147182
N11413|8686|1.389957,N11409|8585|0.411487,0.00927382
N11413|8686|1.389957,N11356|6647|1.107781,0.0147726
N11413|8686|1.389957,N11407|1428|0.80075,0.0139383
N11413|8686|1.389957,N11391|12341|0.045623,0.0147509
N11413|8686|1.389957,N11411|13952|0.296443,0.00385017
N11413|8686|1.389957,N11333|15173|0.298044,0.0123877
N11413|8686|1.389957,N11334|12468|1.530882,0.0123839
N11413|8686|1.389957,N11363|15066|0.637353,0.0147588
N11413|8686|1.389957,N11371|5903|1.512719,0.0147913
N11413|8686|1.389957,N11373|7146|0.687377,0.014774
N11413|8686|1.389957,N11384|2281|1.186815,0.0139784
N9377|2170|5.114811,N9379|2370|1.016507,0.0108334
N9377|2170|5.114811,N9378|2982|0.197144,0.0100488
N11088|15162|1.846457,N11085|11943|0.601861,0.00694081
N11088|15162|1.846457,N11066|10755|0.62982,0.014778
N7344|13885|2.911292,N7343|6288|0.018884,0.00927456
N7344|13885|2.911292,N7334|2761|0.788392,0.011671
N7344|13885|2.911292,N7341|6592|1.010284,0.00928294
N7344|13885|2.911292,N7340|10804|0.142584,0.00696797
N7344|13885|2.911292,N7337|10852|0.521503,0.0108585
N7344|13885|2.911292,N7342|14618|1.066006,0.00618515
N9422|9014|1.448228,N9397|14957|1.010538,0.014756
N9422|9014|1.448228,N9418|11659|0.082455,0.00694067
N9422|9014|1.448228,N9408|9665|0.673645,0.0139778
N9422|9014|1.448228,N9423|6527|0.148587,0.00771986
N9422|9014|1.448228,N9398|2413|1.127416,0.0116216
N9422|9014|1.448228,N9394|7196|2.769976,0.0147719
N9422|9014|1.448228,N9416|3982|2.127591,0.00771735
N9422|9014|1.448228,N9359|13859|0.138749,0.0147736
N9422|9014|1.448228,N9429|6293|0.044463,0.00616732
N9422|9014|1.448228,N9419|8042|1.209773,0.00307172
N9422|9014|1.448228,N9432|6316|2.40081,0.0131714
N9422|9014|1.448228,N9420|3100|3.388402,0.0023028
N9422|9014|1.448228,N9413|7854|2.302913,0.0100515
N9422|9014|1.448228,N9370|6191|0.044663,0.0147893
N9422|9014|1.448228,N9411|12961|0.776325,0.0108446
N9422|9014|1.448228,N9414|3729|3.038117,0.0100584
N9422|9014|1.448228,N9405|11433|2.621768,0.013184
N9422|9014|1.448228,N9433|9770|1.952284,0.0139796
N9422|9014|1.448228,N9426|2312|2.112556,0.0123939
N9422|9014|1.448228,N9417|14062|0.337818,0.00694067
N9422|9014|1.448228,N9425|10731|0.354384,0.00850164
N9422|9014|1.448228,N9399|10757|3.06532,0.0132036
N9422|9014|1.448228,N9404|11969|0.138192,0.010824
N9422|9014|1.448228,N9410|13851|2.199643,0.013201
N8263|3201|1.010871,N8252|2035|0.385452,0.0147908
N8263|3201|1.010871,N8264|14646|0.97892,0.0140102
N8263|3201|1.010871,N8251|4438|0.010981,0.0147908
N8263|3201|1.010871,N8258|12545|0.209232,0.0139751
N12249|10050|0.470262,N12247|3801|2.795937,0.0139602
N12249|10050|0.470262,N12255|8455|5.011073,0.0139429
N12249|10050|0.470262,N12240|14756|0.109242,0.0131743
N12249|10050|0.470262,N12250|7818|1.862516,0.00307171
N12249|10050|0.470262,N12244|14164|0.633352,0.0116066
N9646|3924|0.263146,N9655|2339|0.870519,0.0147628
N9646|3924|0.263146,N9652|10112|0.069084,0.0124108
N9646|3924|0.263146,N9647|5456|0.710808,0.0116309
N9646|3924|0.263146,N9657|10606|0.515557,0.0124061
N9646|3924|0.263146,N9654|10789|0.361412,0.0139716
N9646|3924|0.263146,N9653|6696|0.376834,0.0124108
N9646|3924|0.263146,N9649|12671|0.640512,0.0100641
N9646|3924|0.263146,N9645|7861|2.229129,0.00230532
N9646|3924|0.263146,N9648|3195|1.423632,0.0100641
N12393|6350|0.37277,N12551|7510|0.251933,0.0147255
N12393|6350|0.37277,N12387|10709|1.719147,0.0123863
N12393|6350|0.37277,N12378|10540|0.39814,0.0139728
N12393|6350|0.37277,N12550|8083|0.027918,0.0147255
N12393|6350|0.37277,N12383|4272|1.686228,0.0147311
N12393|6350|0.37277,N12396|15125|0.104996,0.010812
N12393|6350|0.37277,N12554|10454|0.637343,0.0147187
N7414|14847|0.09114,N7382|2530|1.554872,0.0147715
N7414|14847|0.09114,N7384|8193|0.322294,0.0139672
N7414|14847|0.09114,N7385|13875|0.016875,0.0123977
N7414|14847|0.09114,N7410|14816|0.502302,0.00230857
N7414|14847|0.09114,N7409|3487|3.653265,0.00385009
N7414|14847|0.09114,N7408|10835|0.386487,0.0030762
N7414|14847|0.09114,N7417|6681|1.424463,0.0132583
N7414|14847|0.09114,N7383|14512|0.16135,0.0131866
N7414|14847|0.09114,N7423|1585|0.671532,0.0140118
N11623|8724|0.045337,N11604|14042|0.61391,0.0139977
N11623|8724|0.045337,N11595|5624|0.527232,0.0139951
N11623|8724|0.045337,N11596|10816|0.692399,0.0139951
N11623|8724|0.045337,N11606|7388|0.162691,0.0132201
N11623|8724|0.045337,N11611|3842|2.309476,0.0139977
N11623|8724|0.045337,N11600|4625|0.576178,0.0147914
N11623|8724|0.045337,N11619|7154|2.062606,0.00539667
N11623|8724|0.045337,N11618|14976|1.619459,0.0100882
N11623|8724|0.045337,N11617|2162|3.315706,0.0131691
N11623|8724|0.045337,N11614|15324|0.132472,0.0139952
N11623|8724|0.045337,N11620|14204|1.80573,0.000766731
N11623|8724|0.045337,N11622|13425|7.288353,0.00694073
N11623|8724|0.045337,N11621|15039|16.699134,0.0132021
N12862|13040|0.980349,N12861|4902|2.570677,0.00384746
N8443|5629|0.876811,N8441|1756|0.163388,0.0108266
N8443|5629|0.876811,N8444|2159|1.045095,0.00616114
N9184|10274|3.051105,N9186|9758|3.259599,0.0116069
N9184|10274|3.051105,N9189|7492|1.163304,0.0139937
N8913|7806|0.17911,N8911|12117|5.314486,0.0116257
N8913|7806|0.17911,N8924|15036|0.563775,0.0124165
N8913|7806|0.17911,N8916|14678|2.358341,0.0123966
N12945|7112|3.509777,N12944|4268|0.462966,0.0100571
N12280|9299|4.229629,N12285|12189|1.973591,0.00927366
N12280|9299|4.229629,N12279|8457|0.616552,0.00540689
N12280|9299|4.229629,N12276|15364|0.213973,0.0100581
N12280|9299|4.229629,N12275|11037|0.312229,0.0108332
N12280|9299|4.229629,N12281|5227|0.377566,0.00617516
N12280|9299|4.229629,N12266|5430|2.464993,0.0147397
N12280|9299|4.229629,N12287|7526|3.375562,0.0147563
N12303|8195|0.741826,N12310|7776|3.897331,0.0100513
N12303|8195|0.741826,N12316|11411|0.732884,0.0139778
N12303|8195|0.741826,N12306|3541|6.084288,0.0131865
N12303|8195|0.741826,N12302|5658|0.862584,0.00927
N12303|8195|0.741826,N12305|3700|0.084977,0.00771322
N12303|8195|0.741826,N12311|3713|2.175775,0.00927427
N12303|8195|0.741826,N12304|2562|0.235725,0.00538825
N12303|8195|0.741826,N12308|5775|1.252486,0.0100582
N12303|8195|0.741826,N12315|15139|2.647388,0.013969
N12303|8195|0.741826,N12309|10166|0.928832,0.00849263
N8630|6814|3.871625,N8629|9916|0.938927,0.0100526
N8630|6814|3.871625,N8625|3854|0.755222,0.00849622
N8630|6814|3.871625,N8636|1431|0.717095,0.0139543
N8630|6814|3.871625,N8641|4497|0.145991,0.0147497
N8630|6814|3.871625,N8634|14308|1.351042,0.0131746
N8630|6814|3.871625,N8635|7231|0.13617,0.0123847
N8630|6814|3.871625,N8637|14919|0.32506,0.0131829
N8630|6814|3.871625,N8627|6340|1.679732,0.0108321
N8630|6814|3.871625,N8639|7321|1.594604,0.0123902
N11246|2938|0.328696,N11238|3233|0.328401,0.00771994
N11246|2938|0.328696,N11223|12570|0.505049,0.0139714
N11246|2938|0.328696,N11250|10513|2.717306,0.00618337
N11246|2938|0.328696,N11239|2706|0.06103,0.00694546
N11246|2938|0.328696,N11257|10396|3.68508,0.0108383
N11246|2938|0.328696,N11255|3313|1.707005,0.00772907
N11246|2938|0.328696,N11249|12952|0.190843,0.00461955
N11246|2938|0.328696,N11254|2673|4.351879,0.0100675
N11246|2938|0.328696,N11224|13295|0.098866,0.0147575
N11246|2938|0.328696,N11242|14132|0.054995,0.00694075
N11246|2938|0.328696,N11251|10061|0.941611,0.00385405
N11246|2938|0.328696,N11253|10802|1.437638,0.00617378
N11246|2938|0.328696,N11241|3858|0.478726,0.0100607
N11246|2938|0.328696,N11259|13651|4.526962,0.0116253
N11246|2938|0.328696,N11174|7612|0.80396,0.0139527
N11246|2938|0.328696,N11173|12964|0.86605,0.0139528
N11246|2938|0.328696,N11225|13378|0.022558,0.0147576
N11246|2938|0.328696,N11256|8782|2.978578,0.00771995
N9305|2127|0.874387,N9306|12076|0.602506,0.00615822
N9305|2127|0.874387,N9307|7082|7.689669,0.013956
N9305|2127|0.874387,N9303|11597|1.764638,0.0147102
N9305|2127|0.874387,N9308|12766|1.761637,0.00848237
N8366|6761|3.821011,N8367|7627|1.553625,0.00693382
N8366|6761|3.821011,N8358|2835|0.986928,0.0116219
N8366|6761|3.821011,N8368|3577|1.223714,0.00384758
N8366|6761|3.821011,N8363|7636|0.882553,0.00616632
N8366|6761|3.821011,N8370|11809|3.007444,0.0100744
N8366|6761|3.821011,N8362|1898|0.341441,0.00772748
N12536|10141|2.307453,N12551|7510|0.251933,0.014758
N12536|10141|2.307453,N12537|4468|2.635044,0.00851193
N12536|10141|2.307453,N12535|11736|0.394495,0.0108238
N12536|10141|2.307453,N12550|8083|0.027918,0.014758
N12310|7776|3.897331,N12316|11411|0.732884,0.0132167
N12310|7776|3.897331,N12318|11695|0.132527,0.0147716
N12310|7776|3.897331,N12306|3541|6.084288,0.0124242
N12310|7776|3.897331,N12302|5658|0.862584,0.00850193
N12310|7776|3.897331,N12305|3700|0.084977,0.00694781
N12310|7776|3.897331,N12311|3713|2.175775,0.0023045
N12310|7776|3.897331,N12304|2562|0.235725,0.0061695
N12310|7776|3.897331,N12319|7679|1.193238,0.0147585
N12310|7776|3.897331,N12308|5775|1.252486,0.00929615
N12310|7776|3.897331,N12315|15139|2.647388,0.0147842
N12310|7776|3.897331,N12309|10166|0.928832,0.00153498
N9397|14957|1.010538,N9395|12443|7.810039,0.00849032
N9397|14957|1.010538,N9418|11659|0.082455,0.0123975
N9397|14957|1.010538,N9408|9665|0.673645,0.0116119
N9397|14957|1.010538,N9423|6527|0.148587,0.0132
N9397|14957|1.010538,N9398|2413|1.127416,0.00770666
N9397|14957|1.010538,N9394|7196|2.769976,0.00307173
N9397|14957|1.010538,N9416|3982|2.127591,0.0131865
N9397|14957|1.010538,N9429|6293|0.044463,0.0116338
N9397|14957|1.010538,N9419|8042|1.209773,0.0147718
N9397|14957|1.010538,N9411|12961|0.776325,0.00849254
N9397|14957|1.010538,N9405|11433|2.621768,0.0131685
N9397|14957|1.010538,N9417|14062|0.337818,0.0123975
N9397|14957|1.010538,N9425|10731|0.354384,0.0139613
N9397|14957|1.010538,N9399|10757|3.06532,0.00926645
N9397|14957|1.010538,N9404|11969|0.138192,0.0108162
N9397|14957|1.010538,N9410|13851|2.199643,0.0108333
N9395|12443|7.810039,N9398|2413|1.127416,0.0131746
N9395|12443|7.810039,N9394|7196|2.769976,0.00849263
N9395|12443|7.810039,N9411|12961|0.776325,0.0139776
N9395|12443|7.810039,N9399|10757|3.06532,0.0147583
N12155|3303|0.555083,N12156|2878|2.939164,0.00693882
N12155|3303|0.555083,N12152|9135|0.239371,0.00618787
N9747|1844|0.32389,N9716|11708|2.376221,0.0108196
N9747|1844|0.32389,N9726|8488|0.687493,0.0100886
N9747|1844|0.32389,N9744|11153|1.514729,0.00928706
N9747|1844|0.32389,N9731|10819|0.095892,0.0116346
N9747|1844|0.32389,N9722|11084|0.167069,0.00772366
N9747|1844|0.32389,N9748|7503|0.077164,0.00539388
N9747|1844|0.32389,N9742|1593|1.843405,0.00927738
N9747|1844|0.32389,N9736|4880|0.301087,0.00927535
N9747|1844|0.32389,N9728|15310|0.085393,0.0100526
N9747|1844|0.32389,N9713|11770|0.47842,0.0124195
N9747|1844|0.32389,N9717|6100|7.537105,0.0147331
N9747|1844|0.32389,N9727|2654|0.637465,0.00849628
N9747|1844|0.32389,N9723|4534|3.162746,0.0116138
N9747|1844|0.32389,N9733|11666|0.117101,0.00927535
N9747|1844|0.32389,N9740|10865|0.999278,0.0108384
N9747|1844|0.32389,N9743|5866|1.262035,0.0108506
N11456|10863|0.74217,N11457|3440|2.050117,0.00849289
N11456|10863|0.74217,N11461|2877|0.897368,0.0108335
N11456|10863|0.74217,N11462|14660|0.116968,0.0116203
N11456|10863|0.74217,N11459|5137|0.887993,0.0131689
N11456|10863|0.74217,N11436|8642|2.737344,0.0139544
N11456|10863|0.74217,N11465|1674|3.954232,0.0131866
N11456|10863|0.74217,N11476|7720|0.188723,0.0147478
N11456|10863|0.74217,N11466|6960|0.69333,0.0139609
N11456|10863|0.74217,N11439|4031|5.949013,0.0131875
N11456|10863|0.74217,N11432|8564|1.106573,0.014725
N11456|10863|0.74217,N11460|4546|1.523002,0.0123904
N11456|10863|0.74217,N11463|14878|1.463977,0.0131752
N11456|10863|0.74217,N11472|6578|0.483504,0.0147478
N11456|10863|0.74217,N11447|15071|0.379129,0.0131749
N11456|10863|0.74217,N11455|6968|3.156725,0.0139528
N11456|10863|0.74217,N11452|2698|0.399768,0.0108266
N8551|9628|1.262071,N8543|5534|1.731312,0.0139465
N8551|9628|1.262071,N8545|8408|2.651616,0.0131648
N8551|9628|1.262071,N8554|13926|2.101798,0.0100698
N8551|9628|1.262071,N8553|3271|1.270083,0.00931041
N8551|9628|1.262071,N8529|2948|0.719877,0.0139853
N8551|9628|1.262071,N8557|3708|1.262066,0.00694522
N8551|9628|1.262071,N8544|7232|0.87161,0.0139395
N8551|9628|1.262071,N8547|9642|2.033348,0.00539012
N8551|9628|1.262071,N8535|9122|0.13603,0.0139641
N8551|9628|1.262071,N8552|6239|1.256476,0.00616954
N8551|9628|1.262071,N8549|12863|1.403818,0.00693376
N9440|8833|0.184413,N9435|13975|6.018282,0.0108385
N9440|8833|0.184413,N9441|2261|0.393644,0.0116233
N9440|8833|0.184413,N9439|11474|4.241177,0.0123995
N11110|9712|0.454843,N11099|12352|0.059695,0.0123983
N11110|9712|0.454843,N11098|10954|0.661148,0.0139531
N11110|9712|0.454843,N11111|9019|1.047778,0.0124077
N11110|9712|0.454843,N11102|10199|0.727087,0.0131948
N11110|9712|0.454843,N11109|4048|0.697151,0.00230452
N11110|9712|0.454843,N11113|10029|0.854518,0.0116181
N11110|9712|0.454843,N11106|12769|0.259315,0.0139806
N11110|9712|0.454843,N11118|3441|0.266943,0.0123982
N11110|9712|0.454843,N11119|6343|0.137069,0.0139699
N11110|9712|0.454843,N11108|5884|0.77288,0.00230452
N11110|9712|0.454843,N11097|12564|1.398948,0.0116143
N8221|3361|2.135757,N8187|2376|1.130316,0.0147624
N8221|3361|2.135757,N8222|13876|2.129401,0.00384654
N8221|3361|2.135757,N8173|12513|1.810112,0.0131676
N8221|3361|2.135757,N8176|6430|0.414331,0.0139725
N8221|3361|2.135757,N8214|11238|0.781893,0.00616729
N8221|3361|2.135757,N8188|1643|3.838888,0.0123993
N8221|3361|2.135757,N8186|2195|0.728828,0.0139714
N8221|3361|2.135757,N8219|11882|3.212392,0.00461968
N8221|3361|2.135757,N8220|1458|2.639699,0.00695634
N8221|3361|2.135757,N8189|11388|1.488916,0.0131686
N8221|3361|2.135757,N8215|12614|5.146834,0.0139607
N8221|3361|2.135757,N8218|2594|6.151138,0.0147314
N8221|3361|2.135757,N8217|2681|1.841336,0.00933007
N8221|3361|2.135757,N8200|14143|0.460304,0.0139526
N8221|3361|2.135757,N8206|5109|0.82291,0.014789
N8221|3361|2.135757,N8216|1836|1.989144,0.01007
N8221|3361|2.135757,N8203|11050|0.018259,0.0124013
N10893|14050|5.207701,N10888|6497|3.625147,0.011618
N10893|14050|5.207701,N10887|12945|3.710148,0.0147477
N10893|14050|5.207701,N10892|3803|0.273582,0.00772009
N10893|14050|5.207701,N10894|8335|1.689416,0.00927551
N10893|14050|5.207701,N10895|13787|0.935012,0.0100566
N8390|6308|0.602683,N8388|12848|0.591119,0.00929622
N11965|7210|1.497532,N11961|13104|1.409509,0.0147562
N11965|7210|1.497532,N11951|8255|0.548719,0.0147927
N11099|12352|0.059695,N11100|7054|2.256424,0.0100844
N11099|12352|0.059695,N11098|10954|0.661148,0.0046213
N11099|12352|0.059695,N11111|9019|1.047778,0.00927758
N11099|12352|0.059695,N11102|10199|0.727087,0.00539072
N11099|12352|0.059695,N11143|8334|1.175301,0.014751
N11099|12352|0.059695,N11123|11876|0.935761,0.0140332
N11099|12352|0.059695,N11109|4048|0.697151,0.0100499
N11099|12352|0.059695,N11125|15318|0.689442,0.0147905
N11099|12352|0.059695,N11113|10029|0.854518,0.01005
N11099|12352|0.059695,N11106|12769|0.259315,0.00773983
N11099|12352|0.059695,N11118|3441|0.266943,0.0108357
N11099|12352|0.059695,N11119|6343|0.137069,0.0124018
N11099|12352|0.059695,N11101|7070|0.946171,0.00771927
N11099|12352|0.059695,N11108|5884|0.77288,0.0100499
N11099|12352|0.059695,N11097|12564|1.398948,0.00230863
N7266|8463|3.814487,N7257|6534|4.963021,0.0147592
N7266|8463|3.814487,N7241|9295|0.149992,0.0147582
N7266|8463|3.814487,N7224|9525|1.63289,0.0147897
N7266|8463|3.814487,N7258|10758|0.581307,0.0139729
N7266|8463|3.814487,N7239|8793|0.289335,0.0139699
N7266|8463|3.814487,N7265|2369|4.148335,0.00694623
N7266|8463|3.814487,N7255|4944|0.47656,0.0147567
N7266|8463|3.814487,N7262|2821|1.430439,0.0139657
N8862|6062|0.990088,N8856|1379|0.777535,0.0061611
N8862|6062|0.990088,N8857|13223|6.916342,0.00926692
N8862|6062|0.990088,N8870|4132|3.188034,0.0147399
N8862|6062|0.990088,N8871|11941|0.282747,0.0108177
N8862|6062|0.990088,N8860|10099|1.374133,0.00926434
N8862|6062|0.990088,N8859|4263|0.786852,0.00770881
N8862|6062|0.990088,N8861|1846|2.103312,0.0108249
N8862|6062|0.990088,N8868|14599|0.735291,0.0100448
N7316|8874|1.770129,N7320|6208|0.295982,0.0147737
N9418|11659|0.082455,N9408|9665|0.673645,0.0116199
N9418|11659|0.082455,N9423|6527|0.148587,0.00539343
N9418|11659|0.082455,N9398|2413|1.127416,0.00927734
N9418|11659|0.082455,N9394|7196|2.769976,0.0124088
N9418|11659|0.082455,N9416|3982|2.127591,0.00539524
N9418|11659|0.082455,N9359|13859|0.138749,0.0124133
N9418|11659|0.082455,N9429|6293|0.044463,0.00384653
N9418|11659|0.082455,N9368|5528|1.847757,0.0132007
N9418|11659|0.082455,N9385|1958|3.873197,0.0147702
N9418|11659|0.082455,N9419|8042|1.209773,0.00694097
N9418|11659|0.082455,N9432|6316|2.40081,0.0108362
N9418|11659|0.082455,N9420|3100|3.388402,0.00771736
N9418|11659|0.082455,N9382|3614|0.131365,0.0147698
N9418|11659|0.082455,N9412|4282|7.581246,0.014756
N9418|11659|0.082455,N9413|7854|2.302913,0.00771734
N9418|11659|0.082455,N9370|6191|0.044663,0.0124244
N9418|11659|0.082455,N9411|12961|0.776325,0.00850098
N9418|11659|0.082455,N9414|3729|3.038117,0.00771987
N9418|11659|0.082455,N9405|11433|2.621768,0.0108384
N9418|11659|0.082455,N9433|9770|1.952284,0.0116347
N9418|11659|0.082455,N9426|2312|2.112556,0.0100608
N9418|11659|0.082455,N9417|14062|0.337818,0
N9418|11659|0.082455,N9425|10731|0.354384,0.0046235
N9418|11659|0.082455,N9358|15303|1.043357,0.0131952
N9418|11659|0.082455,N9399|10757|3.06532,0.0108505
N9418|11659|0.082455,N9404|11969|0.138192,0.00848652
N9418|11659|0.082455,N9410|13851|2.199643,0.0108464
N12705|10109|7.537206,N12717|9925|0.465435,0.0139431
N12705|10109|7.537206,N12709|14585|1.050716,0.0116001
N12705|10109|7.537206,N12701|2282|0.18295,0.013161
N12705|10109|7.537206,N12704|5082|0.077263,0.00616732
N12705|10109|7.537206,N12706|2094|2.755776,0.0131736
N12705|10109|7.537206,N12698|2168|0.184657,0.0100581
N12705|10109|7.537206,N12703|7544|2.064741,0.0139797
N12705|10109|7.537206,N12696|6059|0.392814,0.0100487
N13005|4444|1.174449,N12982|14252|0.33309,0.0139522
N13005|4444|1.174449,N12969|7672|1.042786,0.0131748
N13005|4444|1.174449,N13000|10768|0.660106,0.00771319
N13005|4444|1.174449,N12995|3030|0.832701,0.00928545
N13005|4444|1.174449,N12978|8669|5.795832,0.011652
N13005|4444|1.174449,N12985|2038|1.072247,0.013173
N13005|4444|1.174449,N12988|5294|0.324096,0.0116086
N13005|4444|1.174449,N12998|8221|0.848825,0.0108329
N13005|4444|1.174449,N12996|11426|0.862639,0.0108328
N13005|4444|1.174449,N12987|13617|0.236659,0.0100599
N13005|4444|1.174449,N12992|10856|1.925319,0.0100479
N13005|4444|1.174449,N12986|8658|4.09695,0.0108328
N13005|4444|1.174449,N12997|12399|1.005863,0.0124083
N13005|4444|1.174449,N12977|12673|1.17305,0.00773141
N12591|8487|2.116312,N12582|14168|5.093782,0.0140007
N12591|8487|2.116312,N12580|12887|2.18989,0.0116318
N12591|8487|2.116312,N12579|10639|3.700121,0.0124276
N12591|8487|2.116312,N12597|12730|0.443169,0.011607
N12591|8487|2.116312,N12581|2924|1.449166,0.00850423
N12591|8487|2.116312,N12551|7510|0.251933,0.00927729
N12591|8487|2.116312,N12584|7383|0.524904,0.00694072
N12591|8487|2.116312,N12566|9121|0.08259,0.0124104
N12591|8487|2.116312,N12498|9476|0.063085,0.0139558
N12591|8487|2.116312,N12583|10786|1.413978,0.01084
N12591|8487|2.116312,N12590|11354|6.176478,0.0100566
N12591|8487|2.116312,N12564|8090|2.029125,0.0139615
N12591|8487|2.116312,N12563|8865|1.422802,0.0123913
N12591|8487|2.116312,N12555|4208|2.598968,0.0116
N12591|8487|2.116312,N12562|4529|0.61832,0.0147503
N12591|8487|2.116312,N12603|6671|3.050434,0.0139651
N12591|8487|2.116312,N12571|8941|1.241029,0.0147503
N12591|8487|2.116312,N12586|9119|0.317787,0.0100565
N12591|8487|2.116312,N12553|5590|1.684612,0.0123976
N12591|8487|2.116312,N12589|4455|2.489465,0.0100515
N12591|8487|2.116312,N12550|8083|0.027918,0.00927729
N12591|8487|2.116312,N12602|14045|0.864212,0.0139651
N12591|8487|2.116312,N12588|14367|1.187912,0.00616956
N12591|8487|2.116312,N12600|4349|1.436957,0.0139653
N12591|8487|2.116312,N12554|10454|0.637343,0.00926973
N12591|8487|2.116312,N12587|3469|3.820824,0.0139927
N12591|8487|2.116312,N12569|10700|0.180908,0.013183
N12591|8487|2.116312,N12497|5875|0.074333,0.0139559
N12591|8487|2.116312,N12545|9734|2.533836,0.0139806
N12591|8487|2.116312,N12574|12439|0.14536,0.014729
N12591|8487|2.116312,N12546|6374|0.291382,0.0139723
N7773|4420|0.302874,N7765|12456|1.235139,0.00540445
N7773|4420|0.302874,N7766|5030|1.575089,0.00850087
N7773|4420|0.302874,N7763|9827|0.177423,0.00462617
N7773|4420|0.302874,N7771|12711|0.814686,0.00461957
N7773|4420|0.302874,N7772|12346|8.043125,0.0131899
N7773|4420|0.302874,N7776|6843|0.069426,0.00153463
N7773|4420|0.302874,N7775|13589|2.24303,0.00307388
N7773|4420|0.302874,N7770|9091|0.91185,0.0124191
N7773|4420|0.302874,N7762|5234|0.684786,0.00772718
N7773|4420|0.302874,N7761|15153|1.102326,0.00540447
N7773|4420|0.302874,N7774|9310|0.070145,0
N10921|10723|4.08728,N10919|12935|1.629907,0.00539637
N10921|10723|4.08728,N10912|14735|3.545831,0.0108465
N10921|10723|4.08728,N10920|14634|1.207204,0.00540456
N10921|10723|4.08728,N10914|9492|10.257428,0.0108444
N10921|10723|4.08728,N10922|11934|1.797118,0.00616735
N10921|10723|4.08728,N10913|3810|1.22067,0.0077237
N12183|15376|0.316416,N12176|12152|0.242726,0.0147289
N12183|15376|0.316416,N12156|2878|2.939164,0.0147379
N12183|15376|0.316416,N12190|2161|1.550777,0.0139854
N12183|15376|0.316416,N12185|9724|0.412091,0.0131673
N12183|15376|0.316416,N12197|7618|0.527773,0.0116172
N12183|15376|0.316416,N12206|12333|0.381509,0.0100918
N12183|15376|0.316416,N12184|14400|0.898302,0.0131711
N12183|15376|0.316416,N12172|6903|0.887543,0.0131609
N12183|15376|0.316416,N12195|11376|0.590085,0.0116171
N12183|15376|0.316416,N12192|4991|1.889422,0.0139799
N12183|15376|0.316416,N12191|8703|2.557036,0.0147701
N12183|15376|0.316416,N12188|2519|1.158587,0.0131917
N12183|15376|0.316416,N12203|9044|0.177156,0.0147432
N12183|15376|0.316416,N12180|2451|2.75645,0.00693746
N12183|15376|0.316416,N12182|11643|2.273953,0.00694061
N12183|15376|0.316416,N12152|9135|0.239371,0.0139453
N12183|15376|0.316416,N12208|10503|0.414377,0.0139722
N11030|8366|1.296654,N11032|11728|1.517569,0.00771747
N11030|8366|1.296654,N11028|3659|0.948469,0.00771097
N11030|8366|1.296654,N11039|7995|1.695681,0.0108261
N11030|8366|1.296654,N11040|6855|0.068299,0.0108282
N11030|8366|1.296654,N11037|10427|1.344395,0.0131691
N11030|8366|1.296654,N11038|3655|2.842513,0.0131717
N11030|8366|1.296654,N11033|12338|3.333349,0.0131969
N11030|8366|1.296654,N11035|11762|2.842885,0.0147443
N11030|8366|1.296654,N11036|4167|1.631939,0.0123815
N11030|8366|1.296654,N11043|12889|1.207492,0.0123916
N11030|8366|1.296654,N11041|10839|3.014523,0.013175
N11030|8366|1.296654,N11031|10429|0.063655,0.00461762
N11030|8366|1.296654,N11034|10822|0.322623,0.0131627
N11665|4465|1.044819,N11663|5585|4.153045,0.00771347
N11665|4465|1.044819,N11661|1883|0.916116,0.00850446
N11665|4465|1.044819,N11666|12127|1.023498,0.00928288
N11665|4465|1.044819,N11679|11343|0.672931,0.013968
N11665|4465|1.044819,N11681|13181|1.679551,0.0131787
N11665|4465|1.044819,N11664|11254|0.625896,0.000767373
N11665|4465|1.044819,N11662|14010|1.873188,0.011614
N11665|4465|1.044819,N11670|2581|1.385504,0.0139542
N7588|7834|2.480136,N7590|14467|0.492686,0.00851136
N11092|9904|3.486172,N11091|3872|1.408748,0.0116256
N11092|9904|3.486172,N11085|11943|0.601861,0.0147504
N11092|9904|3.486172,N11093|1870|0.968187,0.0124035
N8869|11929|1.190185,N8856|1379|0.777535,0.0139845
N8869|11929|1.190185,N8870|4132|3.188034,0.00850047
N8869|11929|1.190185,N8871|11941|0.282747,0.00774244
N8869|11929|1.190185,N8868|14599|0.735291,0.0147951
N11238|3233|0.328401,N11250|10513|2.717306,0.0108422
N11238|3233|0.328401,N11239|2706|0.06103,0.00539531
N11238|3233|0.328401,N11257|10396|3.68508,0.0124033
N11238|3233|0.328401,N11255|3313|1.707005,0.00928681
N11238|3233|0.328401,N11249|12952|0.190843,0.00927732
N11238|3233|0.328401,N11254|2673|4.351879,0.0116299
N11238|3233|0.328401,N11242|14132|0.054995,0.0100497
N11238|3233|0.328401,N11251|10061|0.941611,0.00849654
N11238|3233|0.328401,N11253|10802|1.437638,0.0108384
N11238|3233|0.328401,N11241|3858|0.478726,0.0131898
N11238|3233|0.328401,N11259|13651|4.526962,0.0131838
N11238|3233|0.328401,N11256|8782|2.978578,0.00927575
N11149|10964|0.916157,N11111|9019|1.047778,0.0147782
N11149|10964|0.916157,N11141|15381|2.233531,0.0116654
N11149|10964|0.916157,N11151|1794|2.061064,0.00694795
N11149|10964|0.916157,N11143|8334|1.175301,0.00616732
N11149|10964|0.916157,N11140|13489|0.899006,0.00927757
N11149|10964|0.916157,N11109|4048|0.697151,0.0147635
N11149|10964|0.916157,N11150|2180|2.985339,0.00927449
N11149|10964|0.916157,N11158|5318|1.312168,0.0147741
N11149|10964|0.916157,N11137|13604|0.261169,0.0147586
N11149|10964|0.916157,N11148|2051|2.162953,0.00772734
N11149|10964|0.916157,N11144|8436|2.672286,0.0108402
N11149|10964|0.916157,N11134|12224|0.192977,0.0147586
N11149|10964|0.916157,N11108|5884|0.77288,0.0147635
N12582|14168|5.093782,N12581|2924|1.449166,0.014795
N12582|14168|5.093782,N12584|7383|0.524904,0.0100607
N12582|14168|5.093782,N12583|10786|1.413978,0.0139962
N12582|14168|5.093782,N12586|9119|0.317787,0.0132036
N12582|14168|5.093782,N12588|14367|1.187912,0.0124275
N12655|4054|0.056198,N12689|11451|3.211736,0.014774
N12655|4054|0.056198,N12677|7719|1.38275,0.0124239
N12655|4054|0.056198,N12672|6788|0.537127,0.0148092
N12655|4054|0.056198,N12687|3549|0.172949,0.0108447
N12655|4054|0.056198,N12657|5825|0.376556,0.0108465
N12655|4054|0.056198,N12658|3767|0.260726,0.0124074
N12655|4054|0.056198,N12667|12755|1.374185,0.0147783
N12655|4054|0.056198,N12678|5549|0.607867,0.0147739
N12655|4054|0.056198,N12656|3489|0.856322,0.0108581
N12655|4054|0.056198,N12679|14019|1.181258,0.014772
N12655|4054|0.056198,N12673|4752|1.088216,0.0108746
N12655|4054|0.056198,N12668|15202|0.179902,0.00929641
N12655|4054|0.056198,N12670|10894|2.37048,0.0100843
N12655|4054|0.056198,N12660|6563|0.037792,0.0132027
N9787|5028|0.943585,N9765|3284|0.917424,0.0139457
N9787|5028|0.943585,N9771|1375|1.112466,0.0147331
N9787|5028|0.943585,N9781|9405|1.711988,0.0123856
N9787|5028|0.943585,N9786|6325|1.393156,0.00461395
N9787|5028|0.943585,N9782|7673|0.145769,0.0100443
N9787|5028|0.943585,N9770|2752|0.871925,0.0139525
N9787|5028|0.943585,N9783|3885|1.362226,0.0108323
N9787|5028|0.943585,N9772|13322|0.457933,0.0116007
N9787|5028|0.943585,N9784|14679|1.191138,0.00848497
N12761|7081|2.292789,N12792|4718|1.104993,0.0147565
N12761|7081|2.292789,N12758|8468|1.311158,0.013956
N12761|7081|2.292789,N12759|12675|0.102362,0.011611
N12761|7081|2.292789,N12751|14883|0.545789,0.013201
N12761|7081|2.292789,N12756|2309|1.276595,0.0116069
N12761|7081|2.292789,N12755|12020|0.149553,0.0108313
N12761|7081|2.292789,N12760|3800|0.656399,0.00616622
N12761|7081|2.292789,N12769|13527|0.825958,0.0147398
N12761|7081|2.292789,N12754|12915|1.230618,0.01319
N12761|7081|2.292789,N12797|2791|0.77827,0.0139615
N12761|7081|2.292789,N12747|10085|0.02083,0.0124102
N12761|7081|2.292789,N12763|9214|0.250753,0.0124091
N12761|7081|2.292789,N12794|1915|0.264954,0.0147346
N12761|7081|2.292789,N12748|6117|1.604552,0.0139641
N12761|7081|2.292789,N12762|13412|1.090735,0.0077067
N11032|11728|1.517569,N11028|3659|0.948469,0.00926569
N11032|11728|1.517569,N11039|7995|1.695681,0.0123794
N11032|11728|1.517569,N11040|6855|0.068299,0.0123877
N11032|11728|1.517569,N11037|10427|1.344395,0.014726
N11032|11728|1.517569,N11038|3655|2.842513,0.0147348
N11032|11728|1.517569,N11033|12338|3.333349,0.0116234
N11032|11728|1.517569,N11036|4167|1.631939,0.0139434
N11032|11728|1.517569,N11043|12889|1.207492,0.0123964
N11032|11728|1.517569,N11041|10839|3.014523,0.0147567
N11032|11728|1.517569,N11031|10429|0.063655,0.00307627
N11032|11728|1.517569,N11034|10822|0.322623,0.0147319
N10396|13112|0.065223,N10395|9449|3.230721,0.00694529
N10396|13112|0.065223,N10400|14302|0.087592,0.0139804
N7570|9685|0.00472,N7573|12128|0.908489,0.0147348
N7570|9685|0.00472,N7569|13864|0.616308,0.00230531
N7570|9685|0.00472,N7571|12548|0.443857,0.00539642
N7570|9685|0.00472,N7572|15384|2.459501,0.0139618
N7570|9685|0.00472,N7568|1526|0.096161,0.00153499
N7570|9685|0.00472,N7578|13870|0.956822,0.0131688
N7570|9685|0.00472,N7556|6176|0.951097,0.0139697
N7570|9685|0.00472,N7577|3297|0.36233,0.0123837
N7570|9685|0.00472,N7555|11252|0.72638,0.0123981
N10301|14140|0.237663,N10309|9762|0.882892,0.00617469
N10301|14140|0.237663,N10340|4232|1.303956,0.0116138
N10301|14140|0.237663,N10336|10374|0.527444,0.014744
N10301|14140|0.237663,N10295|1976|0.696104,0.0131593
N10301|14140|0.237663,N10306|5814|2.442278,0.00771829
N10301|14140|0.237663,N10308|7071|0.582151,0.00307173
N10301|14140|0.237663,N10307|14002|0.117948,0.00384519
N10301|14140|0.237663,N10313|9230|1.208993,0.00615672
N10301|14140|0.237663,N10339|3305|1.988433,0.0131781
N10301|14140|0.237663,N10326|9873|2.510876,0.0108237
N10301|14140|0.237663,N10325|4335|2.758753,0.0108237
N10301|14140|0.237663,N10316|9769|0.632086,0.00927422
N10301|14140|0.237663,N10324|6913|0.741067,0.0116108
N10301|14140|0.237663,N10331|14268|0.255619,0.010833
N10301|14140|0.237663,N10304|10827|0.144852,0.0131684
N10301|14140|0.237663,N10314|1679|0.052918,0.00461617
N10301|14140|0.237663,N10317|11010|1.250049,0.0100564
N10301|14140|0.237663,N10320|2151|2.016699,0.0108264
N10301|14140|0.237663,N10329|13495|2.243571,0.0100421
N10301|14140|0.237663,N10327|6676|3.397759,0.0131855
N10301|14140|0.237663,N10299|10444|2.378877,0.0046126
N10301|14140|0.237663,N10315|6133|1.421078,0.00694091
N10447|13406|0.157979,N10453|5010|3.198702,0.0116344
N10447|13406|0.157979,N10437|15110|0.575782,0.0147475
N10447|13406|0.157979,N10436|2703|0.383166,0.0108203
N10447|13406|0.157979,N10435|14161|2.34167,0.0139527
N10447|13406|0.157979,N10463|6162|0.183799,0.00771317
N10447|13406|0.157979,N10416|11369|0.698039,0.0139345
N10447|13406|0.157979,N10394|7361|0.277432,0.0147225
N10447|13406|0.157979,N10468|13503|2.975931,0.00926432
N10447|13406|0.157979,N10451|8351|0.152582,0.0108355
N10447|13406|0.157979,N10440|6346|0.732477,0.0100448
N10447|13406|0.157979,N10350|11191|0.820068,0.0131611
N10447|13406|0.157979,N10464|13817|1.982144,0.0124029
N10447|13406|0.157979,N10421|1621|0.185784,0.0131675
N10447|13406|0.157979,N10477|13531|0.072022,0.0131748
N10447|13406|0.157979,N10432|5320|1.445576,0.0147346
N10447|13406|0.157979,N10457|8278|1.686393,0.0108355
N10447|13406|0.157979,N10452|9184|0.524044,0.0100609
N10447|13406|0.157979,N10458|6483|1.010701,0.0100449
N10447|13406|0.157979,N10400|14302|0.087592,0.0147504
N10447|13406|0.157979,N10409|8425|0.927486,0.0147695
N10447|13406|0.157979,N10459|13491|0.273509,0.00849665
N10447|13406|0.157979,N10478|10044|0.490332,0.0147333
N10447|13406|0.157979,N10414|11960|1.623667,0.0147346
N12093|6486|0.715147,N12090|5104|1.298203,0.00615995
N12093|6486|0.715147,N12086|13291|1.417129,0.0131557
N12093|6486|0.715147,N12092|9522|3.309213,0.00772382
N12093|6486|0.715147,N12052|1462|0.742898,0.0148081
N12093|6486|0.715147,N12063|8845|0.246638,0.0139803
N12093|6486|0.715147,N12051|4854|0.440591,0.0132033
N12093|6486|0.715147,N12054|11742|8.2643,0.0132345
N12093|6486|0.715147,N12074|9368|0.993391,0.0147944
N12093|6486|0.715147,N12088|1729|0.444098,0.00928415
N12093|6486|0.715147,N12050|1425|0.06447,0.0132033
N12093|6486|0.715147,N12094|8684|0.190719,0
N12093|6486|0.715147,N12047|4052|0.982478,0.0147734
N12093|6486|0.715147,N12062|10982|1.689488,0.0139957
N12093|6486|0.715147,N12091|4328|0.976929,0.00461617
N12093|6486|0.715147,N12049|6519|2.771871,0.0140319
N7350|2743|0.421106,N7349|13916|4.558712,0.0132172
N7350|2743|0.421106,N7353|10399|1.083388,0.0139941
N8024|14889|0.747143,N8028|7486|0.293428,0.0100487
N8024|14889|0.747143,N8031|3625|0.869058,0.0100487
N8024|14889|0.747143,N8038|2599|3.592852,0.0139559
N8024|14889|0.747143,N8023|7811|2.891869,0.00927568
N8024|14889|0.747143,N8036|14795|5.15202,0.0139693
N8024|14889|0.747143,N8034|11942|0.98519,0.0100513
N8024|14889|0.747143,N8039|4402|0.429196,0.0108264
N8024|14889|0.747143,N8022|12003|0.569686,0.00693606
N8024|14889|0.747143,N8030|1826|4.32662,0.013978
N8024|14889|0.747143,N8020|4770|0.329201,0.0147456
N8024|14889|0.747143,N8011|6303|3.222924,0.0147346
N8024|14889|0.747143,N8012|12050|0.024109,0.0147564
N7995|8990|0.237236,N7985|11817|0.231441,0.0116139
N7995|8990|0.237236,N7991|2953|0.737916,0.0123939
N7995|8990|0.237236,N7994|6866|0.804501,0.00307625
N7995|8990|0.237236,N7990|14025|4.32546,0.0147574
N8893|6537|0.388332,N8901|4244|1.239644,0.0139789
N8893|6537|0.388332,N8892|6668|1.175247,0.00384529
N8893|6537|0.388332,N8888|11071|3.593957,0.0100501
N8893|6537|0.388332,N8894|2000|0.615862,0.003073
N8893|6537|0.388332,N8903|15047|0.889229,0.0132012
N8893|6537|0.388332,N8891|1619|0.761174,0.00693387
N8893|6537|0.388332,N8902|10980|0.318318,0.0124097
N8893|6537|0.388332,N8886|14755|1.395277,0.00616532
N8893|6537|0.388332,N8898|14688|0.203747,0.00230291
N8771|13152|0.900055,N8766|12325|0.443356,0.00928433
N8771|13152|0.900055,N8770|12369|0.757474,0.0100566
N7661|9170|0.239943,N7672|4796|0.453661,0.0147558
N7198|9962|0.693999,N7194|14234|0.767278,0.00694679
N7198|9962|0.693999,N7202|9897|0.682279,0.0132019
N7198|9962|0.693999,N7197|10063|0.501954,0.00694627
N7198|9962|0.693999,N7201|9260|0.113269,0.013202
N7198|9962|0.693999,N7200|14423|0.008304,0.00230535
N9152|14579|0.04131,N9149|13680|0.151522,0.00694104
N9152|14579|0.04131,N9146|8745|1.619494,0.0131956
N9152|14579|0.04131,N9148|6263|0.734975,0.0108595
N9152|14579|0.04131,N9134|1592|0.274906,0.0139781
N9152|14579|0.04131,N9142|8205|1.127885,0.0108401
N9152|14579|0.04131,N9115|2253|1.392066,0.0148089
N9152|14579|0.04131,N9143|9789|0.150846,0.0100609
N9152|14579|0.04131,N9150|13941|2.000419,0.00771988
N9152|14579|0.04131,N9145|12677|0.169826,0.00850103
N9152|14579|0.04131,N9133|10512|0.63993,0.0139673
N9152|14579|0.04131,N9147|11226|3.773725,0.0116221
N9152|14579|0.04131,N9144|4756|1.186141,0.0108444
N8836|14952|0.208059,N8844|2836|1.591912,0.0116094
N8836|14952|0.208059,N8839|10216|2.34653,0.00230472
N8836|14952|0.208059,N8835|5310|1.371126,0.00771332
N8836|14952|0.208059,N8843|1873|0.526106,0.0100586
N8836|14952|0.208059,N8841|12883|1.997299,0.0108335
N8836|14952|0.208059,N8846|12367|2.895876,0.0139563
N8836|14952|0.208059,N8840|7206|2.272763,0.0116261
N8836|14952|0.208059,N8834|4471|2.616645,0.00927456
N10673|10587|2.377942,N10675|4253|0.455043,0.0124155
N10673|10587|2.377942,N10671|13240|0.540271,0.00538982
N10673|10587|2.377942,N10670|1806|0.129869,0.0100653
N7486|13426|0.423665,N7484|9420|0.456658,0.00927599
N7486|13426|0.423665,N7473|6423|1.999291,0.0139563
N7486|13426|0.423665,N7478|13924|0.307543,0.0100489
N7486|13426|0.423665,N7485|6257|0.908716,0.0131849
N7486|13426|0.423665,N7490|8523|0.492729,0.00539014
N7486|13426|0.423665,N7483|6020|4.771817,0.0123987
N7486|13426|0.423665,N7489|2699|0.216451,0.0061645
N7486|13426|0.423665,N7487|8500|1.973673,0.00693628
N7323|3325|0.704256,N7321|4961|0.884988,0.0100608
N7323|3325|0.704256,N7325|7395|0.876606,0.00771149
N7323|3325|0.704256,N7320|6208|0.295982,0.0139617
N7323|3325|0.704256,N7324|9002|2.5191,0.00771837
N7323|3325|0.704256,N7326|9992|4.902172,0.0147316
N7323|3325|0.704256,N7322|7489|0.841989,0.0116002
N9122|8135|1.866096,N9116|10730|0.445411,0.0139641
N9122|8135|1.866096,N9134|1592|0.274906,0.0123793
N9122|8135|1.866096,N9115|2253|1.392066,0.0131866
N9122|8135|1.866096,N9124|12640|0.657822,0.0147401
N9122|8135|1.866096,N9114|12028|0.249049,0.0139778
N9122|8135|1.866096,N9123|7269|4.075191,0.0147584
N9122|8135|1.866096,N9133|10512|0.63993,0.0123779
N12442|7102|0.817071,N12429|5196|0.40985,0.0108383
N12442|7102|0.817071,N12448|3129|0.946995,0.0116331
N12442|7102|0.817071,N12456|8471|1.772935,0.0116151
N12442|7102|0.817071,N12457|9305|1.04784,0.0139792
N12442|7102|0.817071,N12451|7630|2.06956,0.0139722
N12442|7102|0.817071,N12433|4451|2.477759,0.0139927
N12442|7102|0.817071,N12453|9718|1.313521,0.0108463
N12442|7102|0.817071,N12455|8365|0.335368,0.0108353
N12442|7102|0.817071,N12435|2899|0.967227,0.0139894
N12442|7102|0.817071,N12443|9845|0.533965,0.00230451
N12442|7102|0.817071,N12431|9022|3.267187,0.0147564
N12442|7102|0.817071,N12444|4137|0.107218,0.00616427
N12442|7102|0.817071,N12454|9739|0.606509,0.0092697
N12442|7102|0.817071,N12428|3118|1.22185,0.0116291
N12442|7102|0.817071,N12432|11765|4.38801,0.0147908
N12442|7102|0.817071,N12447|13631|1.752321,0.00849614
N12442|7102|0.817071,N12441|15258|0.530176,0.0108353
N12442|7102|0.817071,N12430|11924|0.617032,0.011623
N7402|7957|2.756946,N7404|3965|1.447523,0.0108399
N7402|7957|2.756946,N7403|12845|1.653957,0.0092844
N7402|7957|2.756946,N7406|12666|2.589913,0.0132036
N10870|9880|3.189062,N10867|13583|0.142304,0.0147712
N10870|9880|3.189062,N10871|10888|0.749198,0.00462111
N7765|12456|1.235139,N7766|5030|1.575089,0.00772711
N7765|12456|1.235139,N7763|9827|0.177423,0.000767359
N7765|12456|1.235139,N7785|2154|0.041507,0.0147583
N7765|12456|1.235139,N7771|12711|0.814686,0.00850411
N7765|12456|1.235139,N7776|6843|0.069426,0.00695615
N7765|12456|1.235139,N7775|13589|2.24303,0.00850081
N7765|12456|1.235139,N7770|9091|0.91185,0.0116377
N7765|12456|1.235139,N7762|5234|0.684786,0.0038452
N7765|12456|1.235139,N7761|15153|1.102326,0.00153688
N7765|12456|1.235139,N7774|9310|0.070145,0.00540445
N9627|11871|0.067785,N9632|13351|0.423463,0.0131719
N9627|11871|0.067785,N9630|14564|1.455377,0.0147294
N8187|2376|1.130316,N8222|13876|2.129401,0.0124175
N8187|2376|1.130316,N8173|12513|1.810112,0.0108382
N8187|2376|1.130316,N8176|6430|0.414331,0.0116307
N8187|2376|1.130316,N8172|14128|2.184422,0.0147625
N8187|2376|1.130316,N8214|11238|0.781893,0.0147569
N8187|2376|1.130316,N8188|1643|3.838888,0.00230529
N8187|2376|1.130316,N8186|2195|0.728828,0.00851297
N8187|2376|1.130316,N8194|3761|1.134226,0.0100638
N8187|2376|1.130316,N8219|11882|3.212392,0.013183
N8187|2376|1.130316,N8196|14222|0.462218,0.013195
N8187|2376|1.130316,N8180|1655|1.115515,0.0147578
N8187|2376|1.130316,N8189|11388|1.488916,0.00771316
N8187|2376|1.130316,N8205|11108|3.60963,0.0124156
N8187|2376|1.130316,N8204|8732|5.697496,0.0123993
N8187|2376|1.130316,N8230|11367|1.090861,0.0147631
N8187|2376|1.130316,N8200|14143|0.460304,0.00927575
N8187|2376|1.130316,N8206|5109|0.82291,0.0108504
N8187|2376|1.130316,N8197|3640|2.261794,0.0147573
N8187|2376|1.130316,N8203|11050|0.018259,0.00850507
N8277|10408|2.784816,N8274|11759|1.247002,0.0123971
N8277|10408|2.784816,N8272|10761|0.822104,0.0100322
N12516|10422|1.975828,N12524|7348|0.12227,0.0139792
N12516|10422|1.975828,N12518|9895|2.414444,0.0147581
N12516|10422|1.975828,N12515|6116|4.386349,0.0123994
N12516|10422|1.975828,N12519|10480|2.16617,0.0131998
N12516|10422|1.975828,N12517|2545|1.034848,0.0139933
N12845|1775|2.060836,N12858|10261|0.161876,0.0123992
N12845|1775|2.060836,N12855|12932|0.121879,0.0108321
N12845|1775|2.060836,N12854|10321|0.961383,0.0139542
N12845|1775|2.060836,N12847|11170|0.171541,0.0116138
N8780|13553|1.746524,N8787|10157|1.497753,0.00850173
N8780|13553|1.746524,N8782|2387|1.370877,0.00153499
N8780|13553|1.746524,N8785|10466|1.038498,0.00384522
N8780|13553|1.746524,N8784|1702|3.594054,0.00694563
N8780|13553|1.746524,N8778|15073|3.971629,0.00693376
N8780|13553|1.746524,N8779|10442|0.344821,0.000767628
N8780|13553|1.746524,N8786|14179|0.213573,0.00928638
N8780|13553|1.746524,N8783|12045|0.175354,0.00076736
N12897|11410|0.693546,N12903|3823|0.846488,0.0100526
N12897|11410|0.693546,N12904|6864|0.055714,0.00926678
N12897|11410|0.693546,N12898|10597|0.238374,0
N12897|11410|0.693546,N12902|13344|0.176188,0.00849617
N12897|11410|0.693546,N12906|6736|1.852248,0.0108263
N12897|11410|0.693546,N12896|5378|1.520829,0.00230471
N12897|11410|0.693546,N12900|12978|0.377253,0.00693897
N9062|2969|4.753182,N9091|13968|0.501484,0.0131634
N9062|2969|4.753182,N9064|14935|3.181566,0.0100414
N9062|2969|4.753182,N9077|2409|0.356179,0.0147449
N9062|2969|4.753182,N9081|8706|1.386561,0.0147426
N9062|2969|4.753182,N9072|4235|1.055492,0.0116096
N9062|2969|4.753182,N9082|6397|0.367536,0.0131876
N9062|2969|4.753182,N9086|13394|0.878173,0.0108197
N9062|2969|4.753182,N9063|14968|3.46223,0.00926663
N9062|2969|4.753182,N9060|5017|1.651897,0.00461207
N9062|2969|4.753182,N9070|12994|1.368415,0.0147347
N9062|2969|4.753182,N9066|8542|2.20717,0.0132024
N9062|2969|4.753182,N9059|3952|0.117079,0.00307186
N9062|2969|4.753182,N9090|5865|0.111667,0.0100413
N9062|2969|4.753182,N9069|8647|2.490183,0.0147315
N9062|2969|4.753182,N9058|3054|0.871612,0.00770694
N9595|11314|1.260827,N9564|8190|1.697426,0.0131595
N9595|11314|1.260827,N9593|10073|1.9401,0.0123792
N9595|11314|1.260827,N9590|11555|0.798512,0.0116091
N9595|11314|1.260827,N9579|13228|0.364303,0.0131809
N9595|11314|1.260827,N9568|6979|2.778294,0.0108121
N9595|11314|1.260827,N9582|12847|0.091103,0.0139737
N9595|11314|1.260827,N9560|8544|0.447709,0.0100426
N9595|11314|1.260827,N9592|3731|1.555093,0.0131675
N9595|11314|1.260827,N9565|9084|0.859842,0.0139315
N9595|11314|1.260827,N9566|1874|1.386538,0.0115947
N9595|11314|1.260827,N9583|9172|0.762913,0.0147332
N9595|11314|1.260827,N9580|11726|1.403425,0.0139737
N12331|7182|2.15702,N12326|10017|0.968429,0.0116136
N12331|7182|2.15702,N12338|2957|0.134938,0.0116172
N12331|7182|2.15702,N12327|2178|4.302167,0.00849614
N12331|7182|2.15702,N12330|6498|0.353492,0.00307297
N12331|7182|2.15702,N12335|5374|3.451776,0.0132035
N12331|7182|2.15702,N12328|14516|2.112601,0.0108311
N12331|7182|2.15702,N12322|6249|0.030627,0.0147617
N12331|7182|2.15702,N12336|6471|2.511308,0.00849629
N12331|7182|2.15702,N12334|12617|5.728524,0.0100564
N8703|4685|2.065772,N8688|4850|0.262757,0.0147399
N8703|4685|2.065772,N8701|8740|2.271598,0.00771991
N8703|4685|2.065772,N8702|15050|2.692224,0.00617788
N8703|4685|2.065772,N8686|3829|3.228244,0.0131763
N8703|4685|2.065772,N8687|12321|2.324755,0.0147313
N8703|4685|2.065772,N8697|5329|0.327644,0.0108465
N8703|4685|2.065772,N8698|3792|1.008455,0.0116344
N9243|7261|0.499571,N9244|3043|4.915487,0.0131865
N9243|7261|0.499571,N9242|4108|3.081762,0.00694787
N9243|7261|0.499571,N9248|4375|1.148923,0.0100449
N9243|7261|0.499571,N9239|14615|0.547723,0.0139612
N9243|7261|0.499571,N9241|8223|0.166378,0.00617483
N9243|7261|0.499571,N9250|11217|1.363665,0.0131782
N9232|4588|0.75533,N9233|9309|0.624067,0.00230532
N9232|4588|0.75533,N9231|7133|1.834622,0.00770631
N8601|11429|2.258708,N8611|5692|2.305303,0.0147562
N8601|11429|2.258708,N8571|8832|0.01461,0.0147503
N8601|11429|2.258708,N8591|4533|1.628251,0.0116151
N8601|11429|2.258708,N8596|10492|1.664659,0.0123902
N8601|11429|2.258708,N8599|13315|1.800522,0.0123976
N8601|11429|2.258708,N8578|15099|0.090513,0.0108201
N8601|11429|2.258708,N8610|13391|2.668862,0.0131648
N8601|11429|2.258708,N8564|4408|0.742398,0.0131866
N8601|11429|2.258708,N8592|5055|2.510444,0.0131832
N8601|11429|2.258708,N8602|9185|4.229929,0.0100607
N8601|11429|2.258708,N8586|2351|0.429267,0.0100573
N8601|11429|2.258708,N8593|14066|6.884081,0.011608
N8601|11429|2.258708,N8594|10280|0.478187,0.0108312
N8601|11429|2.258708,N8603|14859|1.315696,0.00616733
N8601|11429|2.258708,N8606|11109|4.121354,0.010039
N8601|11429|2.258708,N8585|6747|4.03225,0.0139559
N8601|11429|2.258708,N8581|6371|0.050036,0.00929618
N8601|11429|2.258708,N8573|5847|3.806004,0.014739
N8601|11429|2.258708,N8574|1551|0.966694,0.0108247
N8601|11429|2.258708,N8600|9314|0.056536,0.00307622
N12580|12887|2.18989,N12579|10639|3.700121,0.00385016
N12580|12887|2.18989,N12581|2924|1.449166,0.00462046
N12580|12887|2.18989,N12551|7510|0.251933,0.0131952
N12580|12887|2.18989,N12584|7383|0.524904,0.0108385
N12580|12887|2.18989,N12583|10786|1.413978,0.0147704
N12580|12887|2.18989,N12563|8865|1.422802,0.0147473
N12580|12887|2.18989,N12586|9119|0.317787,0.01398
N12580|12887|2.18989,N12589|4455|2.489465,0.0139724
N12580|12887|2.18989,N12550|8083|0.027918,0.0131952
N12580|12887|2.18989,N12588|14367|1.187912,0.0100655
N12580|12887|2.18989,N12554|10454|0.637343,0.0131839
N12579|10639|3.700121,N12581|2924|1.449166,0.00540464
N12579|10639|3.700121,N12551|7510|0.251933,0.0139959
N12579|10639|3.700121,N12584|7383|0.524904,0.0116255
N12579|10639|3.700121,N12586|9119|0.317787,0.0147781
N12579|10639|3.700121,N12589|4455|2.489465,0.0147737
N12579|10639|3.700121,N12550|8083|0.027918,0.0139959
N12579|10639|3.700121,N12588|14367|1.187912,0.0108595
N12579|10639|3.700121,N12554|10454|0.637343,0.0139805
N12207|11147|0.203094,N12206|12333|0.381509,0.00616961
N12207|11147|0.203094,N12208|10503|0.414377,0.00230469
N12689|11451|3.211736,N12677|7719|1.38275,0.00926983
N12689|11451|3.211736,N12672|6788|0.537127,0.0116255
N12689|11451|3.211736,N12687|3549|0.172949,0.00384655
N12689|11451|3.211736,N12657|5825|0.376556,0.011607
N12689|11451|3.211736,N12658|3767|0.260726,0.0131763
N12689|11451|3.211736,N12667|12755|1.374185,0.0123942
N12689|11451|3.211736,N12678|5549|0.607867,0.011614
N12689|11451|3.211736,N12656|3489|0.856322,0.011611
N12689|11451|3.211736,N12679|14019|1.181258,0.0108248
N12689|11451|3.211736,N12673|4752|1.088216,0.00771989
N12689|11451|3.211736,N12663|2204|1.369974,0.0147497
N12689|11451|3.211736,N12675|3288|2.397704,0.0123875
N12689|11451|3.211736,N12668|15202|0.179902,0.00616433
N12689|11451|3.211736,N12670|10894|2.37048,0.00694098
N12689|11451|3.211736,N12684|5768|0.171538,0.0147456
N12689|11451|3.211736,N12676|14361|6.138787,0.0147346
N12689|11451|3.211736,N12660|6563|0.037792,0.0123993
N7532|11177|0.150479,N7517|11346|0.636323,0.0124102
N7532|11177|0.150479,N7528|1998|1.594102,0.010878
N7532|11177|0.150479,N7535|15379|0.344831,0.0046263
N7532|11177|0.150479,N7526|14207|0.370422,0.0092987
N7532|11177|0.150479,N7533|13695|0.987302,0.00463702
N7532|11177|0.150479,N7531|12465|1.898525,0.0147681
N7532|11177|0.150479,N7530|5931|0.470247,0.0124103
N7532|11177|0.150479,N7556|6176|0.951097,0.0147718
N7532|11177|0.150479,N7555|11252|0.72638,0.0132005
N7532|11177|0.150479,N7514|9617|2.501809,0.0147718
N10045|12472|0.860905,N10032|5670|1.922361,0.0116199
N10045|12472|0.860905,N10043|4898|1.58554,0.0116481
N10045|12472|0.860905,N10046|10246|5.366526,0.00849997
N10045|12472|0.860905,N10031|9388|0.138167,0.0116216
N10045|12472|0.860905,N10034|10907|3.50552,0.0139939
N10045|12472|0.860905,N10038|1866|3.436396,0.0139781
N10045|12472|0.860905,N10024|11221|2.732505,0.0108585
N12520|10645|2.496066,N12518|9895|2.414444,0.0139558
N12520|10645|2.496066,N12519|10480|2.16617,0.0123962
N12520|10645|2.496066,N12517|2545|1.034848,0.0131858
N7693|11086|3.609277,N7696|6211|2.346475,0.0139526
N10224|4170|2.125861,N10223|9018|1.138056,0.0116001
N12792|4718|1.104993,N12758|8468|1.311158,0.0147392
N12792|4718|1.104993,N12759|12675|0.102362,0.0116078
N12792|4718|1.104993,N12770|5861|0.616059,0.0147573
N12792|4718|1.104993,N12751|14883|0.545789,0.0123978
N12792|4718|1.104993,N12756|2309|1.276595,0.0123939
N12792|4718|1.104993,N12755|12020|0.149553,0.0116174
N12792|4718|1.104993,N12803|2064|0.265817,0.012394
N12792|4718|1.104993,N12804|2693|0.587741,0.0147562
N12792|4718|1.104993,N12795|4574|2.553366,0.00693805
N12792|4718|1.104993,N12805|7599|5.251764,0.0131867
N12792|4718|1.104993,N12769|13527|0.825958,0.0139723
N12792|4718|1.104993,N12754|12915|1.230618,0.0139692
N12792|4718|1.104993,N12802|8143|0.716222,0.0139651
N12792|4718|1.104993,N12797|2791|0.77827,0.0116218
N12792|4718|1.104993,N12747|10085|0.02083,0.0116138
N12792|4718|1.104993,N12765|5223|0.290977,0.014763
N12792|4718|1.104993,N12763|9214|0.250753,0.0131782
N12792|4718|1.104993,N12791|3432|1.382532,0.0139693
N12792|4718|1.104993,N12794|1915|0.264954,0.00615983
N12792|4718|1.104993,N12668|15202|0.179902,0.0147429
N12792|4718|1.104993,N12748|6117|1.604552,0.0147346
N12792|4718|1.104993,N12735|13411|1.300204,0.0131746
N12792|4718|1.104993,N12762|13412|1.090735,0.0147316
N11160|5397|0.421579,N11164|10879|0.031993,0.00695627
N11160|5397|0.421579,N11161|3207|2.541034,0.00926987
N11160|5397|0.421579,N11162|5225|2.921057,0.0100574
N11160|5397|0.421579,N11163|15059|0.671487,0.00772834
N9682|7940|1.808928,N9679|13209|1.647138,0.00849641
N9682|7940|1.808928,N9683|1797|0.131262,0.0131723
N9682|7940|1.808928,N9675|8632|0.033619,0.0069409
N9682|7940|1.808928,N9686|7587|6.338327,0.0139614
N9682|7940|1.808928,N9689|1644|1.081532,0.013168
N9682|7940|1.808928,N9674|1606|0.378322,0.00927751
N9682|7940|1.808928,N9688|5711|1.910705,0.013953
N9682|7940|1.808928,N9677|2452|3.425616,0.0124015
N9682|7940|1.808928,N9685|7705|1.114641,0.013168
N9886|8932|1.850029,N9890|8007|0.071833,0.0147713
N9886|8932|1.850029,N9897|15321|1.361297,0.0131631
N9886|8932|1.850029,N9888|3283|0.659774,0.0148346
N9886|8932|1.850029,N9892|8211|1.16073,0.0123961
N9886|8932|1.850029,N9885|14109|0.537034,0.00851043
N9886|8932|1.850029,N9887|14244|0.530702,0.00307619
N9886|8932|1.850029,N9893|5859|2.046382,0.010833
N8566|8396|2.10113,N8578|15099|0.090513,0.0123913
N8566|8396|2.10113,N8603|14859|1.315696,0.0139606
N8566|8396|2.10113,N8574|1551|0.966694,0.0124012
N8566|8396|2.10113,N8600|9314|0.056536,0.0139606
N12619|10886|1.1317,N12618|12648|1.729851,0.0092655
N12619|10886|1.1317,N12616|4462|1.325698,0.0131557
N12619|10886|1.1317,N12617|8249|1.299601,0.0139355
N12619|10886|1.1317,N12621|1623|1.449089,0.0147139
N12730|12949|0.061493,N12729|3913|4.208075,0.00693807
N12730|12949|0.061493,N12723|13100|2.761022,0.00770874
N12730|12949|0.061493,N12718|13208|0.414143,0.011604
N12730|12949|0.061493,N12720|1572|0.182671,0.0116174
N12730|12949|0.061493,N12726|1522|2.240839,0.00693378
N7226|10346|3.042557,N7222|10778|0.966694,0.00694636
N7226|10346|3.042557,N7224|9525|1.63289,0.00384659
N7226|10346|3.042557,N7225|10784|0.941838,0.00461971
N7226|10346|3.042557,N7229|4355|2.131715,0.00539357
N7226|10346|3.042557,N7228|2074|1.066336,0.0046205
N7226|10346|3.042557,N7227|3532|0.645177,0.00539356
N7226|10346|3.042557,N7235|9395|5.523015,0.0131788
N7226|10346|3.042557,N7232|14323|1.293716,0.00849061
N7226|10346|3.042557,N7233|6506|1.924172,0.0116495
N7226|10346|3.042557,N7234|5555|2.762448,0.00927881
N8900|4738|0.883235,N8901|4244|1.239644,0.00616754
N8900|4738|0.883235,N8892|6668|1.175247,0.0147916
N8900|4738|0.883235,N8894|2000|0.615862,0.0139952
N8900|4738|0.883235,N8903|15047|0.889229,0.0116492
N8900|4738|0.883235,N8902|10980|0.318318,0.00461983
N8900|4738|0.883235,N8898|14688|0.203747,0.0132014
N9851|4818|0.968369,N9840|11225|0.243286,0.0147272
N9851|4818|0.968369,N9842|4063|0.304267,0.0139383
N9851|4818|0.968369,N9839|6268|1.81341,0.0147384
N7696|6211|2.346475,N7672|4796|0.453661,0.0147562
N7696|6211|2.346475,N7702|1487|0.895309,0.00462046
N7696|6211|2.346475,N7697|5849|2.33713,0.00617524
N7696|6211|2.346475,N7712|14567|5.434348,0.0131782
N7696|6211|2.346475,N7694|4064|2.201154,0.00696794
N7696|6211|2.346475,N7700|13769|0.192904,0.00307624
N7696|6211|2.346475,N7703|6455|2.844013,0.0115967
N7696|6211|2.346475,N7709|11706|0.15315,0.0100655
N7696|6211|2.346475,N7714|3550|0.106017,0.00927548
N7696|6211|2.346475,N7713|13298|0.510114,0.0108464
N9806|5258|1.312467,N9805|1413|0.035605,0.00539348
N9806|5258|1.312467,N9804|13840|0.404655,0.00771743
N10424|14505|2.191986,N10436|2703|0.383166,0.0147909
N10424|14505|2.191986,N10440|6346|0.732477,0.0140135
N10424|14505|2.191986,N10420|12519|2.497745,0.0147702
N10424|14505|2.191986,N10421|1621|0.185784,0.0124245
N10424|14505|2.191986,N10432|5320|1.445576,0.014012
N8522|1506|1.658603,N8523|8866|0.187373,0.00772372
N8222|13876|2.129401,N8173|12513|1.810112,0.0108259
N8222|13876|2.129401,N8176|6430|0.414331,0.011614
N8222|13876|2.129401,N8172|14128|2.184422,0.014744
N8222|13876|2.129401,N8214|11238|0.781893,0.00384394
N8222|13876|2.129401,N8188|1643|3.838888,0.010061
N8222|13876|2.129401,N8186|2195|0.728828,0.0116265
N8222|13876|2.129401,N8194|3761|1.134226,0.0131832
N8222|13876|2.129401,N8219|11882|3.212392,0.00230291
N8222|13876|2.129401,N8220|1458|2.639699,0.00461968
N8222|13876|2.129401,N8180|1655|1.115515,0.0139527
N8222|13876|2.129401,N8189|11388|1.488916,0.0108203
N8222|13876|2.129401,N8205|11108|3.60963,0.0139723
N8222|13876|2.129401,N8204|8732|5.697496,0.0139525
N8222|13876|2.129401,N8215|12614|5.146834,0.0116141
N8222|13876|2.129401,N8179|5845|2.87042,0.0139671
N8222|13876|2.129401,N8218|2594|6.151138,0.0123813
N8222|13876|2.129401,N8217|2681|1.841336,0.00696799
N8222|13876|2.129401,N8230|11367|1.090861,0.0147456
N8222|13876|2.129401,N8200|14143|0.460304,0.0116044
N8222|13876|2.129401,N8206|5109|0.82291,0.0124099
N8222|13876|2.129401,N8216|1836|1.989144,0.00771989
N8222|13876|2.129401,N8203|11050|0.018259,0.0100496
N10991|12814|1.060578,N10994|13218|0.131809,0.00538824
N10991|12814|1.060578,N10992|3170|2.058001,0.00771983
N10991|12814|1.060578,N10996|3055|0.708293,0.00772761
N10991|12814|1.060578,N10995|8010|0.516194,0.006173
N10991|12814|1.060578,N10989|5003|1.95155,0.00849283
N10991|12814|1.060578,N10990|2197|1.135652,0.00538986
N7343|6288|0.018884,N7334|2761|0.788392,0.0131751
N7343|6288|0.018884,N7341|6592|1.010284,0.00772822
N7343|6288|0.018884,N7340|10804|0.142584,0.00538682
N7343|6288|0.018884,N7337|10852|0.521503,0.0123839
N7343|6288|0.018884,N7342|14618|1.066006,0.00461402
N11091|3872|1.408748,N11085|11943|0.601861,0.0139805
N11091|3872|1.408748,N11093|1870|0.968187,0.0131836
N11091|3872|1.408748,N11089|10657|4.238321,0.0147716
N8335|13440|0.49766,N8340|6457|4.37399,0.0147622
N8335|13440|0.49766,N8341|7203|0.555715,0.0131748
N8335|13440|0.49766,N8334|11806|4.874931,0.0100703
N8335|13440|0.49766,N8325|3657|1.26967,0.0139937
N8335|13440|0.49766,N8339|5753|1.622711,0.0092701
N8335|13440|0.49766,N8337|7193|4.469422,0.0100527
N8335|13440|0.49766,N8324|10337|0.580733,0.0139724
N8335|13440|0.49766,N8331|13917|0.106613,0.00462626
N8611|5692|2.305303,N8578|15099|0.090513,0.0131686
N8611|5692|2.305303,N8610|13391|2.668862,0.00771488
N8611|5692|2.305303,N8564|4408|0.742398,0.0123977
N8611|5692|2.305303,N8586|2351|0.429267,0.0139615
N8611|5692|2.305303,N8594|10280|0.478187,0.0147454
N8611|5692|2.305303,N8603|14859|1.315696,0.011609
N8611|5692|2.305303,N8607|10838|3.726662,0.0124255
N8611|5692|2.305303,N8581|6371|0.050036,0.0132189
N8611|5692|2.305303,N8574|1551|0.966694,0.0131781
N8611|5692|2.305303,N8600|9314|0.056536,0.011609
N11412|1935|0.128139,N11406|7105|0.24223,0.0139383
N11412|1935|0.128139,N11378|12634|1.329419,0.0147704
N11412|1935|0.128139,N11410|2057|0.924361,0.00695646
N11412|1935|0.128139,N11337|14009|3.192114,0.0147568
N11412|1935|0.128139,N11404|5368|0.608453,0.0147182
N11412|1935|0.128139,N11409|8585|0.411487,0.00927382
N11412|1935|0.128139,N11356|6647|1.107781,0.0147726
N11412|1935|0.128139,N11407|1428|0.80075,0.0139383
N11412|1935|0.128139,N11391|12341|0.045623,0.0147509
N11412|1935|0.128139,N11411|13952|0.296443,0.00385017
N11412|1935|0.128139,N11333|15173|0.298044,0.0123877
N11412|1935|0.128139,N11334|12468|1.530882,0.0123839
N11412|1935|0.128139,N11363|15066|0.637353,0.0147588
N11412|1935|0.128139,N11371|5903|1.512719,0.0147913
N11412|1935|0.128139,N11373|7146|0.687377,0.014774
N11412|1935|0.128139,N11384|2281|1.186815,0.0139784
N9765|3284|0.917424,N9771|1375|1.112466,0.00693609
N9765|3284|0.917424,N9768|8481|5.324042,0.0131747
N9765|3284|0.917424,N9786|6325|1.393156,0.0123792
N9765|3284|0.917424,N9782|7673|0.145769,0.0131748
N9765|3284|0.917424,N9770|2752|0.871925,0.00616732
N9765|3284|0.917424,N9772|13322|0.457933,0.00384523
N9765|3284|0.917424,N9769|6354|1.277459,0.00693376
N12982|14252|0.33309,N12983|7343|0.747241,0.00153686
N12982|14252|0.33309,N12995|3030|0.832701,0.0123836
N12982|14252|0.33309,N12981|5871|4.143244,0.00695512
N12982|14252|0.33309,N12978|8669|5.795832,0.0131685
N12982|14252|0.33309,N12988|5294|0.324096,0.0147336
N12982|14252|0.33309,N12998|8221|0.848825,0.0139459
N12982|14252|0.33309,N12996|11426|0.862639,0.0139548
N12982|14252|0.33309,N12987|13617|0.236659,0.0131612
N12982|14252|0.33309,N12992|10856|1.925319,0.0131628
N12982|14252|0.33309,N12986|8658|4.09695,0.0131677
N12982|14252|0.33309,N12977|12673|1.17305,0.00926096
N11406|7105|0.24223,N11405|6459|3.542263,0.00616438
N11406|7105|0.24223,N11410|2057|0.924361,0.0147259
N11406|7105|0.24223,N11392|13474|0.166773,0.011621
N11406|7105|0.24223,N11390|8919|2.53472,0.0123859
N11406|7105|0.24223,N11404|5368|0.608453,0.00230599
N11406|7105|0.24223,N11393|2188|0.531588,0.0123975
N11406|7105|0.24223,N11407|1428|0.80075,0.00153794
N11406|7105|0.24223,N11391|12341|0.045623,0.0100484
N11406|7105|0.24223,N11411|13952|0.296443,0.0147271
N11406|7105|0.24223,N11397|12633|1.136891,0.0123851
N11406|7105|0.24223,N11398|1232|1.681972,0.0108198
N10281|9966|4.036681,N10278|13801|0.829834,0.0139471
N10281|9966|4.036681,N10280|3070|1.573909,0.0147388
N10281|9966|4.036681,N10282|11059|0.381994,0.0108524
N7442|6669|2.495459,N7447|9983|3.052163,0.0147559
N7442|6669|2.495459,N7454|2711|0.057998,0.0147714
N7442|6669|2.495459,N7450|4514|0.348837,0.013967
N7442|6669|2.495459,N7451|13616|0.92384,0.014756
N7442|6669|2.495459,N7445|3439|0.825649,0.0132
N8879|13449|0.840386,N8882|3174|1.080582,0.00616435
N8879|13449|0.840386,N8881|1595|0.314009,0
N8879|13449|0.840386,N8880|14300|0.327453,0.000767364
N11841|6597|2.039268,N11843|9901|0.799723,0.0108755
N11841|6597|2.039268,N11794|15274|0.512393,0.0132018
N11841|6597|2.039268,N11839|7609|1.095137,0.00772014
N11841|6597|2.039268,N11806|8834|2.729095,0.014834
N11841|6597|2.039268,N11838|8325|3.614666,0.0116157
N11841|6597|2.039268,N11842|13507|2.938431,0.00694648
N11841|6597|2.039268,N11795|11647|0.638361,0.0148897
N11841|6597|2.039268,N11832|5076|0.375143,0.0140149
N11841|6597|2.039268,N11845|7795|0.316845,0.00929709
N11841|6597|2.039268,N11835|1559|2.226693,0.0116492
N11841|6597|2.039268,N11799|11006|0.930139,0.0148897
N11841|6597|2.039268,N11840|5885|0.521166,0.012392
N11841|6597|2.039268,N11812|8304|1.873095,0.0148106
N11841|6597|2.039268,N11844|10359|0.208095,0.0100707
N11205|12735|0.493271,N11200|9936|3.798424,0.0147586
N11205|12735|0.493271,N11206|4715|3.061944,0.00230469
N11205|12735|0.493271,N11196|2056|0.95491,0.0108239
N11205|12735|0.493271,N11210|5343|1.815671,0.0100497
N11205|12735|0.493271,N11204|14459|1.246016,0.00926077
N11205|12735|0.493271,N11203|11166|2.317383,0.0123792
N11205|12735|0.493271,N11213|6878|0.573284,0.0147314
N11205|12735|0.493271,N11209|11513|2.376764,0.00539063
N11205|12735|0.493271,N11197|8504|2.111817,0.0123771
N11205|12735|0.493271,N11208|2122|2.080393,0.00307622
N11205|12735|0.493271,N11216|9423|0.027099,0.0147333
N11205|12735|0.493271,N11199|2139|0.525467,0.00849268
N9116|10730|0.445411,N9149|13680|0.151522,0.0147895
N9116|10730|0.445411,N9110|13207|3.571455,0.0100842
N9116|10730|0.445411,N9109|4667|0.075349,0.0100488
N9116|10730|0.445411,N9134|1592|0.274906,0.00771152
N9116|10730|0.445411,N9115|2253|1.392066,0.0023047
N9116|10730|0.445411,N9124|12640|0.657822,0.0100516
N9116|10730|0.445411,N9114|12028|0.249049,0.00307694
N9116|10730|0.445411,N9123|7269|4.075191,0.0116199
N9116|10730|0.445411,N9143|9789|0.150846,0.0147716
N9116|10730|0.445411,N9139|11794|1.064317,0.0147191
N9116|10730|0.445411,N9145|12677|0.169826,0.0132003
N9116|10730|0.445411,N9133|10512|0.63993,0.00770883
N9116|10730|0.445411,N9159|5400|0.497134,0.0132168
N9116|10730|0.445411,N9112|10385|2.194996,0.0092844
N7933|12329|0.329844,N7924|2809|0.852026,0.0100497
N7933|12329|0.329844,N7930|9325|1.129762,0.00693815
N7933|12329|0.329844,N7935|2256|2.732472,0.00694519
N7933|12329|0.329844,N7939|7625|0.365152,0.0023047
N7933|12329|0.329844,N7931|6344|1.385912,0.00384783
N7933|12329|0.329844,N7938|14556|0.459662,0.00230529
N7933|12329|0.329844,N7934|4849|4.14871,0.00771736
N7933|12329|0.329844,N7929|8368|0.436093,0.00538828
N11887|8446|0.150078,N11898|12236|0.570303,0.010817
N11887|8446|0.150078,N11872|13893|0.229403,0.0131612
N11887|8446|0.150078,N11896|7098|0.209161,0.0100414
N11887|8446|0.150078,N11897|9610|0.038403,0.00926074
N11887|8446|0.150078,N11859|10707|1.084598,0.0139435
N11887|8446|0.150078,N11889|9177|2.837787,0.00616736
N11887|8446|0.150078,N11884|4095|1.34364,0.0139805
N11887|8446|0.150078,N11903|5159|0.285236,0.0139648
N11887|8446|0.150078,N11895|2053|3.159721,0.0131739
N11887|8446|0.150078,N11893|13009|1.076048,0.00848483
N11887|8446|0.150078,N11891|11355|0.511365,0.00461515
N11887|8446|0.150078,N11863|6226|0.321138,0.0139522
N11887|8446|0.150078,N11867|7533|0.320478,0.0147941
N11887|8446|0.150078,N11864|12078|0.107577,0.0131864
N11887|8446|0.150078,N11899|5125|0.206034,0.0139434
N11887|8446|0.150078,N11888|2289|1.048972,0.0015369
N11887|8446|0.150078,N11892|11963|0.741992,0.00693378
N11887|8446|0.150078,N11866|9059|0.195271,0.0139648
N11887|8446|0.150078,N11890|9921|2.525315,0.00616737
N13078|10715|0.406326,N13081|11163|0.1151,0.00693879
N13078|10715|0.406326,N13083|13545|0.854512,0.0139667
N13078|10715|0.406326,N13076|4891|0.725229,0.00384648
N13078|10715|0.406326,N13072|12819|1.672875,0.0108365
N13078|10715|0.406326,N13080|8198|2.835692,0.0108203
N13078|10715|0.406326,N13079|1454|0.626084,0.0100742
N13078|10715|0.406326,N13071|4238|1.966479,0.00771103
N13078|10715|0.406326,N13070|7113|5.886608,0.0123722
N13078|10715|0.406326,N13086|15084|0.571855,0.0139929
N13078|10715|0.406326,N13023|9255|2.431417,0.0139772
N13078|10715|0.406326,N13087|2366|3.091692,0.0124244
N12099|11460|2.302482,N12098|13700|0.200803,0.0100512
N12099|11460|2.302482,N12095|6280|0.840689,0.0116148
N12099|11460|2.302482,N12101|8940|3.365213,0.0131834
N12099|11460|2.302482,N12096|4098|1.821324,0.0116136
N10169|2065|3.860674,N10151|6496|1.236271,0.0132168
N10169|2065|3.860674,N10148|14970|1.835456,0.0132351
N10169|2065|3.860674,N10141|15388|1.388087,0.0131783
N10169|2065|3.860674,N10168|13332|2.843622,0.0132067
N10169|2065|3.860674,N10150|8448|0.63063,0.0108958
N10169|2065|3.860674,N10140|13774|1.624122,0.0085106
N10169|2065|3.860674,N10145|8073|2.673846,0.0124403
N10169|2065|3.860674,N10153|2144|0.895476,0.00851235
N10169|2065|3.860674,N10167|9324|4.421383,0.0116498
N10169|2065|3.860674,N10146|10997|1.204118,0.0124245
N10169|2065|3.860674,N10147|10051|1.378086,0.011648
N10169|2065|3.860674,N10149|11080|0.160309,0.0101033
N10169|2065|3.860674,N10154|13738|0.207181,0.00852524
N10169|2065|3.860674,N10152|9351|0.056029,0.0108733
N10169|2065|3.860674,N10158|14329|0.227607,0.0108579
N10169|2065|3.860674,N10160|4433|0.171967,0.0108595
N10169|2065|3.860674,N10136|6253|0.845949,0.0100582
N10169|2065|3.860674,N10139|5635|0.470954,0.0085106
N10169|2065|3.860674,N10135|3888|1.954201,0.0108331
N11981|4158|1.444705,N11974|11922|1.12,0.0131744
N11981|4158|1.444705,N11986|10647|0.384775,0.0132004
N11981|4158|1.444705,N11982|8400|0.852639,0.0100697
N11981|4158|1.444705,N11980|8650|1.136375,0.00307695
N11981|4158|1.444705,N12010|8885|0.16324,0.0131897
N11981|4158|1.444705,N11975|9088|2.079849,0.0147558
N11981|4158|1.444705,N11984|1838|0.195328,0.0124097
N11981|4158|1.444705,N11979|10096|0.769496,0.00230858
N11981|4158|1.444705,N11971|12636|0.690138,0.0108397
N11815|12096|1.109276,N11826|10781|1.093903,0.0139618
N11815|12096|1.109276,N11814|11392|2.14935,0.00693617
N9618|9331|0.067306,N9622|6187|0.653961,0.00307482
N9618|9331|0.067306,N9619|13035|1.280624,0.00230598
N9618|9331|0.067306,N9614|3685|0.075811,0.0069461
N9618|9331|0.067306,N9624|10834|1.251999,0.00384521
N9618|9331|0.067306,N9632|13351|0.423463,0.0123995
N9618|9331|0.067306,N9630|14564|1.455377,0.0139544
N9618|9331|0.067306,N9621|8513|1.596386,0.00538676
N9035|8717|1.582124,N9044|5166|2.117901,0.0123965
N9035|8717|1.582124,N9036|15289|0.836622,0.00539846
N9035|8717|1.582124,N9021|7955|0.469038,0.0147754
N9035|8717|1.582124,N9045|13243|0.113371,0.0131862
N9035|8717|1.582124,N9041|13663|0.42431,0.00772851
N9035|8717|1.582124,N9054|10461|2.648133,0.0147429
N9035|8717|1.582124,N9037|3151|0.565871,0.00695964
N9035|8717|1.582124,N9049|10265|3.185581,0.0147721
N9035|8717|1.582124,N9033|6190|1.42565,0.0139647
N9035|8717|1.582124,N9051|3727|0.752761,0.0131784
N9035|8717|1.582124,N9019|1759|3.21172,0.0139537
N9035|8717|1.582124,N9040|9243|5.5331,0.013942
N9035|8717|1.582124,N9018|7028|1.271107,0.0131752
N9035|8717|1.582124,N9020|4424|0.845904,0.0139807
N11389|5327|0.431325,N11359|1668|1.581908,0.0147507
N11389|5327|0.431325,N11368|5646|1.05269,0.0100583
N11389|5327|0.431325,N11378|12634|1.329419,0.0084963
N11389|5327|0.431325,N11388|9433|0.079396,0.00230469
N11389|5327|0.431325,N11367|6891|0.732076,0.01007
N11389|5327|0.431325,N11386|14685|4.001875,0.00775676
N11389|5327|0.431325,N11365|7096|0.63038,0.00926659
N11389|5327|0.431325,N11363|15066|0.637353,0.00849152
N11389|5327|0.431325,N11371|5903|1.512719,0.00851068
N11389|5327|0.431325,N11385|11164|3.283753,0.00694666
N11389|5327|0.431325,N11373|7146|0.687377,0.00850005
N11389|5327|0.431325,N11366|6591|5.541124,0.0116071
N11389|5327|0.431325,N11358|3722|2.637675,0.0124076
N11389|5327|0.431325,N11375|8477|0.703535,0.00927745
N11389|5327|0.431325,N11384|2281|1.186815,0.00461969
N11389|5327|0.431325,N11361|9367|0.658486,0.00927447
N11989|13595|1.691178,N11990|9994|0.566499,0.0038439
N11754|6675|0.041293,N11749|5038|0.065333,0.000767612
N11754|6675|0.041293,N11724|2166|0.071798,0.0139607
N11754|6675|0.041293,N11751|3884|1.015471,0.003073
N11754|6675|0.041293,N11752|3405|1.453127,0.00462342
N11754|6675|0.041293,N11739|8773|0.76672,0.0139608
N11754|6675|0.041293,N11755|7774|2.847504,0.00539109
N11754|6675|0.041293,N11753|8071|1.008932,0.00307822
N11754|6675|0.041293,N11742|13166|1.442792,0.0131832
N11754|6675|0.041293,N11750|6476|2.003128,0.00693914
N11754|6675|0.041293,N11746|4226|2.010055,0.014751
N11754|6675|0.041293,N11740|12167|0.065432,0.0123939
N11754|6675|0.041293,N11756|13003|2.695778,0.00847998
N11754|6675|0.041293,N11735|4128|0.027554,0.0147396
N11754|6675|0.041293,N11727|3472|0.293825,0.0147576
N8099|8880|0.361876,N8113|3616|0.602729,0.00693032
N8099|8880|0.361876,N8110|15337|3.848228,0.0139456
N8099|8880|0.361876,N8107|6063|0.03488,0.00384332
N8099|8880|0.361876,N8109|8483|1.323114,0.00771247
N8099|8880|0.361876,N8115|7316|3.675933,0.014729
N8099|8880|0.361876,N8100|4227|1.318436,0.00849284
N10403|8933|1.282567,N10404|13320|9.802292,0.00927442
N10403|8933|1.282567,N10402|4302|1.254379,0.0108353
N10403|8933|1.282567,N10400|14302|0.087592,0.0116478
N7277|6665|3.571399,N7279|7315|1.926241,0.0139611
N7277|6665|3.571399,N7280|3585|1.516432,0.0123906
N7766|5030|1.575089,N7763|9827|0.177423,0.00694606
N7766|5030|1.575089,N7771|12711|0.814686,0.0116219
N7766|5030|1.575089,N7776|6843|0.069426,0.0100582
N7766|5030|1.575089,N7775|13589|2.24303,0.0116151
N7766|5030|1.575089,N7770|9091|0.91185,0.0147702
N7766|5030|1.575089,N7762|5234|0.684786,0.0100582
N7766|5030|1.575089,N7761|15153|1.102326,0.00772714
N7766|5030|1.575089,N7774|9310|0.070145,0.00850087
N8921|6943|2.115737,N8920|9249|3.22695,0.00539064
N8921|6943|2.115737,N8919|14730|2.073608,0.000767364
N8921|6943|2.115737,N8916|14678|2.358341,0.014774
N8921|6943|2.115737,N8922|7429|3.109727,0.0147311
N8730|7504|0.666954,N8729|9385|1.222648,0.0030749
N8730|7504|0.666954,N8715|1711|0.13758,0.0140085
N8730|7504|0.666954,N8728|8836|1.084428,0.0123914
N8730|7504|0.666954,N8731|10125|1.25572,0.00230595
N8730|7504|0.666954,N8724|1934|0.376952,0.013961
N11223|12570|0.505049,N11239|2706|0.06103,0.014757
N11223|12570|0.505049,N11224|13295|0.098866,0.00076736
N11223|12570|0.505049,N11251|10061|0.941611,0.0147575
N11223|12570|0.505049,N11220|7936|2.648455,0.00694606
N11223|12570|0.505049,N11229|8991|2.057522,0.0108323
N11223|12570|0.505049,N11174|7612|0.80396,0.0108354
N11223|12570|0.505049,N11173|12964|0.86605,0.0123979
N11223|12570|0.505049,N11225|13378|0.022558,0.00076736
N11223|12570|0.505049,N11228|10250|0.474904,0.00771734
N10284|13236|2.888831,N10283|15113|0.181433,0.00616623
N11100|7054|2.256424,N11098|10954|0.661148,0.0116344
N11100|7054|2.256424,N11111|9019|1.047778,0.014795
N11100|7054|2.256424,N11102|10199|0.727087,0.00617491
N11100|7054|2.256424,N11106|12769|0.259315,0.00854031
N11100|7054|2.256424,N11101|7070|0.946171,0.00851228
N11100|7054|2.256424,N11097|12564|1.398948,0.00929641
N12597|12730|0.443169,N12581|2924|1.449166,0.0123915
N12597|12730|0.443169,N12551|7510|0.251933,0.00849266
N12597|12730|0.443169,N12584|7383|0.524904,0.0108203
N12597|12730|0.443169,N12566|9121|0.08259,0.0116176
N12597|12730|0.443169,N12498|9476|0.063085,0.0131647
N12597|12730|0.443169,N12488|12101|1.121635,0.0147504
N12597|12730|0.443169,N12583|10786|1.413978,0.01474
N12597|12730|0.443169,N12596|6163|0.854777,0.0100443
N12597|12730|0.443169,N12564|8090|2.029125,0.0131686
N12597|12730|0.443169,N12563|8865|1.422802,0.0108239
N12597|12730|0.443169,N12508|14807|0.41106,0.0147453
N12597|12730|0.443169,N12555|4208|2.598968,0.0108162
N12597|12730|0.443169,N12562|4529|0.61832,0.0131746
N12597|12730|0.443169,N12524|7348|0.12227,0.0147452
N12597|12730|0.443169,N12603|6671|3.050434,0.00538831
N12597|12730|0.443169,N12599|8353|1.454529,0.00693821
N12597|12730|0.443169,N12586|9119|0.317787,0.0139526
N12597|12730|0.443169,N12553|5590|1.684612,0.0116089
N12597|12730|0.443169,N12527|9237|0.448218,0.0139466
N12597|12730|0.443169,N12589|4455|2.489465,0.0139467
N12597|12730|0.443169,N12519|10480|2.16617,0.0147577
N12597|12730|0.443169,N12550|8083|0.027918,0.00849266
N12597|12730|0.443169,N12602|14045|0.864212,0.00538831
N12597|12730|0.443169,N12588|14367|1.187912,0.0100443
N12597|12730|0.443169,N12594|12877|0.083073,0.00771984
N12597|12730|0.443169,N12600|4349|1.436957,0.00538834
N12597|12730|0.443169,N12554|10454|0.637343,0.00848648
N12597|12730|0.443169,N12534|12395|1.442349,0.0147475
N12597|12730|0.443169,N12595|11041|1.186994,0.0077184
N12597|12730|0.443169,N12569|10700|0.180908,0.0123902
N12597|12730|0.443169,N12497|5875|0.074333,0.0131648
N12597|12730|0.443169,N12598|13183|4.314759,0.0123849
N12597|12730|0.443169,N12545|9734|2.533836,0.0116109
N12597|12730|0.443169,N12574|12439|0.14536,0.0139382
N12597|12730|0.443169,N12546|6374|0.291382,0.0131781
N12597|12730|0.443169,N12543|10805|3.530949,0.0131762
N11556|10035|3.080027,N11519|4528|1.340794,0.0139619
N11556|10035|3.080027,N11545|12365|0.79407,0.0116009
N11556|10035|3.080027,N11549|2223|0.51089,0.0092755
N11556|10035|3.080027,N11546|4490|1.028815,0.010828
N11556|10035|3.080027,N11551|2027|0.878688,0.0108357
N11556|10035|3.080027,N11524|6585|0.421476,0.0116081
N11556|10035|3.080027,N11563|10056|0.209228,0.0147626
N11556|10035|3.080027,N11558|4971|0.648042,0.00538989
N11556|10035|3.080027,N11539|11393|0.198572,0.0147875
N11556|10035|3.080027,N11509|7537|0.30586,0.0116083
N11556|10035|3.080027,N11536|8711|0.193032,0.0147725
N11556|10035|3.080027,N11526|15011|1.043239,0.0116221
N11556|10035|3.080027,N11529|10443|1.930225,0.0131956
N11556|10035|3.080027,N11543|4427|0.832731,0.0116141
N11556|10035|3.080027,N11552|14034|0.499465,0.00384394
N11556|10035|3.080027,N11555|3021|1.953023,0.00615827
N11556|10035|3.080027,N11548|11137|5.21459,0.013961
N9498|7215|0.598502,N9488|3943|3.651396,0.0123855
N9498|7215|0.598502,N9499|11947|3.526181,0.00615821
N9498|7215|0.598502,N9493|8379|0.638868,0.00849149
N9498|7215|0.598502,N9504|4699|0.169281,0.00849038
N9498|7215|0.598502,N9553|9058|1.067382,0.0139611
N9498|7215|0.598502,N9481|6058|1.683084,0.0147623
N9498|7215|0.598502,N9490|3199|3.288106,0.0116008
N9498|7215|0.598502,N9510|12778|1.414192,0.0124067
N9498|7215|0.598502,N9525|10317|1.701035,0.0116253
N9498|7215|0.598502,N9482|2701|0.778378,0.0147892
N9498|7215|0.598502,N9492|8720|1.571976,0.00927569
N9498|7215|0.598502,N9502|12775|0.091182,0.00230451
N9498|7215|0.598502,N9495|7893|0.163381,0.00617391
N9498|7215|0.598502,N9552|6778|1.175407,0.0139652
N9498|7215|0.598502,N9500|2227|1.218307,0.00384763
N9498|7215|0.598502,N9501|12957|4.881441,0.00850218
N9498|7215|0.598502,N9503|4006|0.215152,0.00771741
N9498|7215|0.598502,N9555|11655|0.457878,0.0139611
N9498|7215|0.598502,N9542|13337|0.791992,0.0131819
N9498|7215|0.598502,N9491|12440|0.015674,0.00693821
N9498|7215|0.598502,N9511|4037|0.11695,0.00616925
N9498|7215|0.598502,N9484|8231|2.243047,0.0139738
N9498|7215|0.598502,N9508|3512|0.122202,0.00693825
N9498|7215|0.598502,N9486|1956|0.766508,0.0132123
N9498|7215|0.598502,N9507|10649|0.049628,0.00616432
N12397|4028|0.091825,N12376|7415|2.029356,0.0147564
N12397|4028|0.091825,N12551|7510|0.251933,0.0147746
N12397|4028|0.091825,N12405|5497|0.022262,0.0132383
N12397|4028|0.091825,N12409|11290|1.945856,0.0147722
N12397|4028|0.091825,N12550|8083|0.027918,0.0147746
N12397|4028|0.091825,N12554|10454|0.637343,0.0147587
N8367|7627|1.553625,N8358|2835|0.986928,0.0124102
N8367|7627|1.553625,N8368|3577|1.223714,0.00461516
N8367|7627|1.553625,N8363|7636|0.882553,0.00693903
N8367|7627|1.553625,N8370|11809|3.007444,0.0108325
N8367|7627|1.553625,N8362|1898|0.341441,0.00849047
N10807|4417|0.540167,N10790|8624|1.814839,0.0108384
N10807|4417|0.540167,N10804|6679|0.385732,0.0116377
N10807|4417|0.540167,N10785|4042|0.013032,0.0108383
N10807|4417|0.540167,N10801|4309|1.346652,0.00694524
N10807|4417|0.540167,N10787|13443|0.332417,0.0147344
N10807|4417|0.540167,N10792|4678|0.278792,0.0108462
N10807|4417|0.540167,N10791|5095|0.101859,0.0108248
N10807|4417|0.540167,N10799|8691|1.813873,0.0108466
N10807|4417|0.540167,N10800|12324|1.582389,0.0108195
N10807|4417|0.540167,N10783|8417|1.969961,0.0131832
N10807|4417|0.540167,N10806|8085|0.809489,0.00385402
N10807|4417|0.540167,N10794|4196|1.198788,0.0100564
N10807|4417|0.540167,N10795|7247|1.411132,0.0108478
N10807|4417|0.540167,N10802|5614|0.119248,0.0092784
N10807|4417|0.540167,N10782|9588|4.038503,0.0147441
N10807|4417|0.540167,N10803|14417|0.009516,0.00928254
N10807|4417|0.540167,N10786|7868|1.275439,0.0116081
N10807|4417|0.540167,N10796|4868|0.355894,0.0092826
N12429|5196|0.40985,N12448|3129|0.946995,0.01162
N12429|5196|0.40985,N12456|8471|1.772935,0.0116068
N12429|5196|0.40985,N12457|9305|1.04784,0.0139711
N12429|5196|0.40985,N12451|7630|2.06956,0.0139613
N12429|5196|0.40985,N12433|4451|2.477759,0.00928439
N12429|5196|0.40985,N12453|9718|1.313521,0.0108353
N12429|5196|0.40985,N12455|8365|0.335368,0.0108264
N12429|5196|0.40985,N12435|2899|0.967227,0.0124072
N12429|5196|0.40985,N12443|9845|0.533965,0.00849639
N12429|5196|0.40985,N12431|9022|3.267187,0.00848232
N12429|5196|0.40985,N12444|4137|0.107218,0.00771782
N12429|5196|0.40985,N12454|9739|0.606509,0.0100442
N12429|5196|0.40985,N12428|3118|1.22185,0.0100526
N12429|5196|0.40985,N12432|11765|4.38801,0.010087
N12429|5196|0.40985,N12447|13631|1.752321,0.00849027
N12429|5196|0.40985,N12441|15258|0.530176,0.0108264
N12429|5196|0.40985,N12430|11924|0.617032,0.000767618
N11883|3741|1.188736,N11898|12236|0.570303,0.0147904
N11883|3741|1.188736,N11896|7098|0.209161,0.0140128
N11883|3741|1.188736,N11897|9610|0.038403,0.0132178
N11883|3741|1.188736,N11882|7865|2.939695,0.00772754
N11883|3741|1.188736,N11884|4095|1.34364,0.00696831
N11883|3741|1.188736,N11885|8742|4.861418,0.008511
N11883|3741|1.188736,N11878|13279|2.578469,0.0108784
N11647|1581|0.844933,N11651|13624|1.651375,0.0124602
N11647|1581|0.844933,N11657|12112|1.802905,0.010049
N11647|1581|0.844933,N11643|10735|0.125534,0.00618535
N11647|1581|0.844933,N11642|3844|2.519686,0.0140423
N11647|1581|0.844933,N11644|8422|0.74399,0.00618535
N11647|1581|0.844933,N11655|12860|0.463801,0.0116496
N11647|1581|0.844933,N11653|13779|1.337948,0.0100658
N11647|1581|0.844933,N11649|15386|1.430713,0.010049
N11647|1581|0.844933,N11645|4531|0.087086,0.00539666
N11647|1581|0.844933,N11660|13089|0.382191,0.0124138
N11647|1581|0.844933,N11646|7298|2.906628,0.00929668
N11647|1581|0.844933,N11648|14770|4.004292,0.00540479
N12950|7427|2.13414,N12951|4406|1.578863,0.0123914
N12950|7427|2.13414,N12955|13174|0.357512,0.0147558
N12950|7427|2.13414,N12959|8746|0.330462,0.0147315
N12950|7427|2.13414,N12960|14118|2.91166,0.0147314
N9149|13680|0.151522,N9146|8745|1.619494,0.0124015
N9149|13680|0.151522,N9148|6263|0.734975,0.0100699
N9149|13680|0.151522,N9134|1592|0.274906,0.0131858
N9149|13680|0.151522,N9142|8205|1.127885,0.0100516
N9149|13680|0.151522,N9115|2253|1.392066,0.014012
N9149|13680|0.151522,N9114|12028|0.249049,0.0148096
N9149|13680|0.151522,N9143|9789|0.150846,0.00927441
N9149|13680|0.151522,N9150|13941|2.000419,0.00539652
N9149|13680|0.151522,N9151|8246|13.035644,0.0147713
N9149|13680|0.151522,N9145|12677|0.169826,0.00771838
N9149|13680|0.151522,N9133|10512|0.63993,0.0131747
N9149|13680|0.151522,N9147|11226|3.773725,0.0108315
N9149|13680|0.151522,N9144|4756|1.186141,0.0100581
N11028|3659|0.948469,N11039|7995|1.695681,0.00771266
N11028|3659|0.948469,N11040|6855|0.068299,0.00771082
N11028|3659|0.948469,N11055|15225|1.23643,0.0139499
N11028|3659|0.948469,N11037|10427|1.344395,0.0100425
N11028|3659|0.948469,N11038|3655|2.842513,0.0100412
N11028|3659|0.948469,N11033|12338|3.333349,0.0147333
N11028|3659|0.948469,N11035|11762|2.842885,0.0116026
N11028|3659|0.948469,N11057|4736|2.09321,0.0131688
N11028|3659|0.948469,N11036|4167|1.631939,0.00925986
N11028|3659|0.948469,N11043|12889|1.207492,0.00926069
N11028|3659|0.948469,N11041|10839|3.014523,0.0100392
N11028|3659|0.948469,N11031|10429|0.063655,0.00615769
N11028|3659|0.948469,N11048|3370|1.599257,0.01475
N11028|3659|0.948469,N11034|10822|0.322623,0.0100349
N13047|2936|1.890519,N13065|9942|3.28249,0.0147452
N13047|2936|1.890519,N13063|12606|0.037579,0.0147503
N13047|2936|1.890519,N13067|12459|0.550295,0.011609
N13047|2936|1.890519,N13049|2463|0.241606,0.0139773
N13047|2936|1.890519,N13062|8226|0.442183,0.013964
N13047|2936|1.890519,N13050|8552|0.300629,0.0147558
N13047|2936|1.890519,N13066|11539|2.641891,0.0147343
N13047|2936|1.890519,N13057|8415|0.620575,0.0139956
N13047|2936|1.890519,N13035|2966|0.267509,0.0139557
N13047|2936|1.890519,N13044|14894|0.279795,0.00927426
N13047|2936|1.890519,N13058|11167|1.17044,0.0124086
N13047|2936|1.890519,N13053|4954|0.008268,0.0116202
N13047|2936|1.890519,N13046|7586|0.27506,0.0100581
N10784|4079|2.694594,N10790|8624|1.814839,0.0124066
N10784|4079|2.694594,N10785|4042|0.013032,0.00462365
N10784|4079|2.694594,N10801|4309|1.346652,0.013197
N10784|4079|2.694594,N10791|5095|0.101859,0.0123904
N10784|4079|2.694594,N10783|8417|1.969961,0.0100566
N10784|4079|2.694594,N10786|7868|1.275439,0.0131765
N11688|8050|4.250267,N11690|6644|0.131364,0.00694109
N11688|8050|4.250267,N11689|6186|3.572742,0.0100611
N11688|8050|4.250267,N11686|13919|0.584485,0.00539026
N12903|3823|0.846488,N12904|6864|0.055714,0.0100446
N12903|3823|0.846488,N12898|10597|0.238374,0.0100526
N12903|3823|0.846488,N12902|13344|0.176188,0.00307385
N12903|3823|0.846488,N12906|6736|1.852248,0.0147502
N12903|3823|0.846488,N12896|5378|1.520829,0.0116078
N12903|3823|0.846488,N12900|12978|0.377253,0.0131861
N9161|3470|0.642419,N9160|7839|0.124602,0.0147753
N10412|4092|3.444073,N10437|15110|0.575782,0.0123975
N10412|4092|3.444073,N10436|2703|0.383166,0.0116206
N10412|4092|3.444073,N10416|11369|0.698039,0.00770878
N10412|4092|3.444073,N10440|6346|0.732477,0.0108448
N10412|4092|3.444073,N10420|12519|2.497745,0.0147399
N10412|4092|3.444073,N10421|1621|0.185784,0.0123963
N10412|4092|3.444073,N10432|5320|1.445576,0.0139797
N10412|4092|3.444073,N10414|11960|1.623667,0.00850092
N12614|11646|3.866314,N12618|12648|1.729851,0.0147314
N12614|11646|3.866314,N12616|4462|1.325698,0.0108195
N12614|11646|3.866314,N12617|8249|1.299601,0.011608
N12614|11646|3.866314,N12615|10228|1.212348,0.0131745
N12614|11646|3.866314,N12621|1623|1.449089,0.0123777
N9918|10158|1.546782,N9906|11546|0.788039,0.0139418
N9918|10158|1.546782,N9919|12804|3.190232,0.0046162
N9918|10158|1.546782,N9921|4858|2.028594,0.0139429
N9270|11008|0.082626,N9274|10577|0.532175,0.0046151
N9270|11008|0.082626,N9269|3551|0.831065,0.00771824
N9270|11008|0.082626,N9265|6867|2.063789,0.0147583
N9270|11008|0.082626,N9259|8520|0.048263,0.0100581
N9270|11008|0.082626,N9256|2757|2.040753,0.0108238
N9270|11008|0.082626,N9257|6339|0.058928,0.00927361
N9270|11008|0.082626,N9268|8263|0.021383,0.00616169
N9270|11008|0.082626,N9255|14771|0.350205,0.00927363
N9270|11008|0.082626,N9281|5602|0.079699,0.0139934
N9270|11008|0.082626,N9266|13703|1.254768,0.0147628
N9270|11008|0.082626,N9273|13046|0.2787,0.00539009
N9270|11008|0.082626,N9272|7257|0.692674,0.000766731
N11269|14899|0.38981,N11278|7842|1.936678,0.0139543
N11269|14899|0.38981,N11263|9326|0.863094,0.0132176
N11269|14899|0.38981,N11268|1588|0.835826,0.000766731
N11269|14899|0.38981,N11272|7605|0.463027,0.00927468
N11269|14899|0.38981,N11279|13880|0.575043,0.0139543
N11269|14899|0.38981,N11265|11932|2.622816,0.0131874
N12412|8204|4.475837,N12413|9496|4.354702,0.0100485
N12412|8204|4.475837,N12421|5900|0.599175,0.0139456
N12412|8204|4.475837,N12411|7229|2.770489,0.0147345
N12412|8204|4.475837,N12424|10163|0.680695,0.0139456
N12413|9496|4.354702,N12421|5900|0.599175,0.013165
N12413|9496|4.354702,N12411|7229|2.770489,0.0139642
N12413|9496|4.354702,N12424|10163|0.680695,0.013165
N8570|6567|1.474241,N8578|15099|0.090513,0.0139585
N8570|6567|1.474241,N8574|1551|0.966694,0.0139588
N10151|6496|1.236271,N10148|14970|1.835456,0.0140147
N10151|6496|1.236271,N10150|8448|0.63063,0.0132189
N10151|6496|1.236271,N10140|13774|1.624122,0.0108332
N10151|6496|1.236271,N10145|8073|2.673846,0.0147716
N10151|6496|1.236271,N10153|2144|0.895476,0.00770671
N10151|6496|1.236271,N10146|10997|1.204118,0.0132003
N10151|6496|1.236271,N10147|10051|1.378086,0.0124253
N10151|6496|1.236271,N10149|11080|0.160309,0.0124253
N10151|6496|1.236271,N10154|13738|0.207181,0.00927373
N10151|6496|1.236271,N10152|9351|0.056029,0.0023028
N10151|6496|1.236271,N10158|14329|0.227607,0.0116111
N10151|6496|1.236271,N10160|4433|0.171967,0.0116154
N10151|6496|1.236271,N10136|6253|0.845949,0.0123858
N10151|6496|1.236271,N10139|5635|0.470954,0.0108332
N10151|6496|1.236271,N10135|3888|1.954201,0.0131632
N12677|7719|1.38275,N12682|10697|2.843606,0.0139527
N12677|7719|1.38275,N12672|6788|0.537127,0.00850096
N12677|7719|1.38275,N12687|3549|0.172949,0.00538677
N12677|7719|1.38275,N12657|5825|0.376556,0.00926652
N12677|7719|1.38275,N12658|3767|0.260726,0.0108247
N12677|7719|1.38275,N12667|12755|1.374185,0.0100449
N12677|7719|1.38275,N12678|5549|0.607867,0.00539535
N12677|7719|1.38275,N12656|3489|0.856322,0.0077273
N12677|7719|1.38275,N12679|14019|1.181258,0.0053899
N12677|7719|1.38275,N12673|4752|1.088216,0.00461968
N12677|7719|1.38275,N12663|2204|1.369974,0.0123903
N12677|7719|1.38275,N12675|3288|2.397704,0.00616176
N12677|7719|1.38275,N12668|15202|0.179902,0.00307298
N12677|7719|1.38275,N12669|12240|8.33876,0.0139527
N12677|7719|1.38275,N12670|10894|2.37048,0.00384522
N12677|7719|1.38275,N12735|13411|1.300204,0.0139343
N12677|7719|1.38275,N12684|5768|0.171538,0.0123964
N12677|7719|1.38275,N12676|14361|6.138787,0.00848656
N12677|7719|1.38275,N12660|6563|0.037792,0.0108323
N12316|11411|0.732884,N12318|11695|0.132527,0.00772241
N12316|11411|0.732884,N12302|5658|0.862584,0.0124131
N12316|11411|0.732884,N12326|10017|0.968429,0.0116214
N12316|11411|0.732884,N12327|2178|4.302167,0.0147502
N12316|11411|0.732884,N12305|3700|0.084977,0.0108577
N12316|11411|0.732884,N12311|3713|2.175775,0.0124402
N12316|11411|0.732884,N12304|2562|0.235725,0.0100698
N12316|11411|0.732884,N12319|7679|1.193238,0.00771208
N12316|11411|0.732884,N12308|5775|1.252486,0.0132351
N12316|11411|0.732884,N12315|15139|2.647388,0.00616425
N12316|11411|0.732884,N12322|6249|0.030627,0.0131828
N12316|11411|0.732884,N12336|6471|2.511308,0.0147471
N12316|11411|0.732884,N12309|10166|0.928832,0.0116478
N7329|6912|0.381286,N7328|8760|2.947975,0.00694102
N9488|3943|3.651396,N9493|8379|0.638868,0.0100482
N9488|3943|3.651396,N9504|4699|0.169281,0.0147626
N9488|3943|3.651396,N9490|3199|3.288106,0.013187
N9488|3943|3.651396,N9525|10317|1.701035,0.013964
N9488|3943|3.651396,N9492|8720|1.571976,0.0108331
N9488|3943|3.651396,N9502|12775|0.091182,0.0116091
N9488|3943|3.651396,N9495|7893|0.163381,0.0123969
N9488|3943|3.651396,N9500|2227|1.218307,0.0131569
N9488|3943|3.651396,N9503|4006|0.215152,0.0139837
N9488|3943|3.651396,N9491|12440|0.015674,0.00850129
N9488|3943|3.651396,N9511|4037|0.11695,0.0124133
N9488|3943|3.651396,N9508|3512|0.122202,0.0131779
N9488|3943|3.651396,N9507|10649|0.049628,0.0124192
N11131|8196|1.230684,N11133|6995|1.108306,0.00694794
N11131|8196|1.230684,N11135|14513|3.962721,0.0100488
N11131|8196|1.230684,N11137|13604|0.261169,0.0061673
N11131|8196|1.230684,N11132|7813|3.265957,0.00850431
N11131|8196|1.230684,N11134|12224|0.192977,0.0061673
N10628|2577|2.461987,N10627|12509|0.164316,0.0023029
N10628|2577|2.461987,N10625|13586|0.460411,0.0123991
N10628|2577|2.461987,N10637|10049|1.079549,0.0124172
N10406|5509|0.138178,N10402|4302|1.254379,0.0147903
N10406|5509|0.138178,N10400|14302|0.087592,0.0132188
N10406|5509|0.138178,N10407|7948|0.064604,0.00307296
N10406|5509|0.138178,N10405|4694|0.287947,0.00384231
N10148|14970|1.835456,N10141|15388|1.388087,0.0139724
N10148|14970|1.835456,N10150|8448|0.63063,0.00539654
N10148|14970|1.835456,N10140|13774|1.624122,0.00929617
N10148|14970|1.835456,N10145|8073|2.673846,0.00694534
N10148|14970|1.835456,N10153|2144|0.895476,0.0108449
N10148|14970|1.835456,N10146|10997|1.204118,0.00230452
N10148|14970|1.835456,N10147|10051|1.378086,0.00153689
N10148|14970|1.835456,N10149|11080|0.160309,0.00462044
N10148|14970|1.835456,N10154|13738|0.207181,0.0108584
N10148|14970|1.835456,N10152|9351|0.056029,0.0116666
N10148|14970|1.835456,N10158|14329|0.227607,0.0116216
N10148|14970|1.835456,N10160|4433|0.171967,0.0116257
N10148|14970|1.835456,N10136|6253|0.845949,0.0108444
N10148|14970|1.835456,N10139|5635|0.470954,0.00929617
N10148|14970|1.835456,N10135|3888|1.954201,0.0116196
N7899|2676|1.632623,N7892|5284|0.242648,0.0116216
N7899|2676|1.632623,N7903|7046|0.315072,0.013996
N7899|2676|1.632623,N7896|14707|2.438178,0.0140007
N7899|2676|1.632623,N7905|2277|0.003783,0.0131953
N7899|2676|1.632623,N7893|4502|1.144069,0.0147578
N7899|2676|1.632623,N7894|14382|1.644205,0.0139615
N7899|2676|1.632623,N7889|13786|0.421545,0.0116491
N11098|10954|0.661148,N11111|9019|1.047778,0.0108267
N11098|10954|0.661148,N11102|10199|0.727087,0.00693386
N11098|10954|0.661148,N11109|4048|0.697151,0.0116011
N11098|10954|0.661148,N11113|10029|0.854518,0.0116011
N11098|10954|0.661148,N11106|12769|0.259315,0.0092862
N11098|10954|0.661148,N11118|3441|0.266943,0.0123878
N11098|10954|0.661148,N11119|6343|0.137069,0.0139564
N11098|10954|0.661148,N11101|7070|0.946171,0.00926699
N11098|10954|0.661148,N11108|5884|0.77288,0.0116011
N11098|10954|0.661148,N11097|12564|1.398948,0.00230281
N12376|7415|2.029356,N12349|11741|0.175739,0.0116255
N12376|7415|2.029356,N12345|11157|2.329086,0.0108463
N12376|7415|2.029356,N12551|7510|0.251933,0.0139778
N12376|7415|2.029356,N12366|13347|1.611815,0.0108319
N12376|7415|2.029356,N12365|7645|0.252699,0.00849617
N12376|7415|2.029356,N12326|10017|0.968429,0.0147473
N12376|7415|2.029356,N12363|7097|1.341347,0.0100515
N12376|7415|2.029356,N12409|11290|1.945856,0.0139615
N12376|7415|2.029356,N12355|6646|1.317654,0.0116217
N12376|7415|2.029356,N12370|4459|1.397163,0.00850476
N12376|7415|2.029356,N12352|4860|3.705697,0.0124014
N12376|7415|2.029356,N12374|6986|2.417107,0.0147772
N12376|7415|2.029356,N12649|2098|1.034296,0.0139558
N12376|7415|2.029356,N12371|13404|1.919869,0.0124053
N12376|7415|2.029356,N12550|8083|0.027918,0.0139778
N12376|7415|2.029356,N12359|6201|6.962004,0.0139841
N12376|7415|2.029356,N12353|8771|0.123274,0.0100488
N12376|7415|2.029356,N12362|2705|2.227795,0.00927003
N12376|7415|2.029356,N12375|12258|0.198753,0.00849647
N12376|7415|2.029356,N12554|10454|0.637343,0.0139642
N12376|7415|2.029356,N12369|13497|0.468312,0.00694519
N12376|7415|2.029356,N12368|13329|12.263698,0.014767
N12376|7415|2.029356,N12373|12163|1.077838,0.0100564
N12376|7415|2.029356,N12346|12410|0.372866,0.0100701
N12376|7415|2.029356,N12354|3530|2.800901,0.0116069
N12376|7415|2.029356,N12344|12378|1.266372,0.0100671
N12376|7415|2.029356,N12358|2665|0.156469,0.0116138
N12983|7343|0.747241,N12995|3030|0.832701,0.0139558
N12983|7343|0.747241,N12981|5871|4.143244,0.00852276
N12983|7343|0.747241,N12978|8669|5.795832,0.0147452
N12983|7343|0.747241,N12987|13617|0.236659,0.0147344
N12983|7343|0.747241,N12992|10856|1.925319,0.0147315
N12983|7343|0.747241,N12986|8658|4.09695,0.0147398
N12983|7343|0.747241,N12977|12673|1.17305,0.0108196
N8865|6134|2.677051,N8856|1379|0.777535,0.0139469
N8865|6134|2.677051,N8868|14599|0.735291,0.0100419
N10790|8624|1.814839,N10804|6679|0.385732,0.0132033
N10790|8624|1.814839,N10785|4042|0.013032,0.00771979
N10790|8624|1.814839,N10801|4309|1.346652,0.00849619
N10790|8624|1.814839,N10787|13443|0.332417,0.00616335
N10790|8624|1.814839,N10792|4678|0.278792,0.0108352
N10790|8624|1.814839,N10791|5095|0.101859,0.00230279
N10790|8624|1.814839,N10799|8691|1.813873,0.0124073
N10790|8624|1.814839,N10800|12324|1.582389,0.0139524
N10790|8624|1.814839,N10783|8417|1.969961,0.0100514
N10790|8624|1.814839,N10806|8085|0.809489,0.0116217
N10790|8624|1.814839,N10794|4196|1.198788,0.011615
N10790|8624|1.814839,N10795|7247|1.411132,0.0124065
N10790|8624|1.814839,N10802|5614|0.119248,0.0108322
N10790|8624|1.814839,N10782|9588|4.038503,0.0116108
N10790|8624|1.814839,N10803|14417|0.009516,0.0108397
N10790|8624|1.814839,N10786|7868|1.275439,0.00307173
N10790|8624|1.814839,N10796|4868|0.355894,0.0108398
N11604|14042|0.61391,N11595|5624|0.527232,0.0092667
N11604|14042|0.61391,N11596|10816|0.692399,0.00926672
N11604|14042|0.61391,N11592|6662|0.082858,0.0131874
N11604|14042|0.61391,N11606|7388|0.162691,0.00230595
N11604|14042|0.61391,N11613|13304|1.663156,0.00615826
N11604|14042|0.61391,N11611|3842|2.309476,0.00461395
N11604|14042|0.61391,N11600|4625|0.576178,0.010049
N11604|14042|0.61391,N11593|9226|1.599335,0.0108198
N11604|14042|0.61391,N11618|14976|1.619459,0.0148208
N11604|14042|0.61391,N11607|13674|2.220092,0.00461762
N11604|14042|0.61391,N11614|15324|0.132472,0.00616439
N11604|14042|0.61391,N11620|14204|1.80573,0.0147762
N10749|1785|0.563142,N10753|3568|1.688756,0.0092755
N10749|1785|0.563142,N10754|3438|0.225781,0.00616635
N10749|1785|0.563142,N10751|13615|1.046001,0.0069408
N10749|1785|0.563142,N10750|2680|0.397559,0.00230453
N10749|1785|0.563142,N10752|3660|2.730505,0.00927034
N10749|1785|0.563142,N10756|14201|0.794564,0.0108383
N10749|1785|0.563142,N10744|15106|0.931125,0.00771749
N10749|1785|0.563142,N10745|5703|0.574657,0.00771749
N10749|1785|0.563142,N10757|13478|4.282374,0.0147631
N10749|1785|0.563142,N10755|9910|0.092655,0.012385
N10749|1785|0.563142,N10747|6612|0.988886,0.00927552
N10256|2069|2.327537,N10254|5148|2.583065,0.0139725
N11519|4528|1.340794,N11520|7771|1.551812,0.0100612
N11519|4528|1.340794,N11549|2223|0.51089,0.0139618
N11519|4528|1.340794,N11524|6585|0.421476,0.0100392
N11519|4528|1.340794,N11558|4971|0.648042,0.0147746
N11519|4528|1.340794,N11539|11393|0.198572,0.0147573
N11519|4528|1.340794,N11528|1503|1.918436,0.014735
N11519|4528|1.340794,N11518|4201|1.298602,0.00928616
N11519|4528|1.340794,N11509|7537|0.30586,0.0100393
N11519|4528|1.340794,N11536|8711|0.193032,0.0147501
N11519|4528|1.340794,N11525|1465|2.743465,0.0123996
N11519|4528|1.340794,N11526|15011|1.043239,0.00849051
N11519|4528|1.340794,N11529|10443|1.930225,0.0116219
N11519|4528|1.340794,N11552|14034|0.499465,0.0132014
N10502|9692|3.366082,N10500|15192|0.972975,0.00850414
N10502|9692|3.366082,N10501|6935|3.339859,0.00771734
N10502|9692|3.366082,N10504|14885|0.410614,0.00849275
N10502|9692|3.366082,N10505|8617|0.171908,0.00927447
N10502|9692|3.366082,N10503|8171|1.286944,0.00772847
N10919|12935|1.629907,N10912|14735|3.545831,0.00849283
N10919|12935|1.629907,N10920|14634|1.207204,0.00307697
N10919|12935|1.629907,N10914|9492|10.257428,0.00849152
N10919|12935|1.629907,N10922|11934|1.797118,0.00384235
N10919|12935|1.629907,N10913|3810|1.22067,0.00538991
N10919|12935|1.629907,N10917|10509|5.997907,0.013187
N7541|6674|0.832864,N7546|4592|0.931722,0.00692948
N7541|6674|0.832864,N7517|11346|0.636323,0.0139529
N7541|6674|0.832864,N7528|1998|1.594102,0.0124137
N7541|6674|0.832864,N7526|14207|0.370422,0.0108357
N7541|6674|0.832864,N7542|2651|1.142831,0.0123771
N7541|6674|0.832864,N7543|1554|2.449295,0.0077059
N7541|6674|0.832864,N7556|6176|0.951097,0.0147315
N7541|6674|0.832864,N7555|11252|0.72638,0.0131633
N7541|6674|0.832864,N7514|9617|2.501809,0.0147315
N7541|6674|0.832864,N7545|8538|0.438066,0.00693025
N7541|6674|0.832864,N7544|11783|3.2608,0.0108149
N9499|11947|3.526181,N9493|8379|0.638868,0.0115945
N9499|11947|3.526181,N9504|4699|0.169281,0.0115958
N9499|11947|3.526181,N9490|3199|3.288106,0.0147188
N9499|11947|3.526181,N9525|10317|1.701035,0.0147384
N9499|11947|3.526181,N9492|8720|1.571976,0.0123813
N9499|11947|3.526181,N9502|12775|0.091182,0.0053859
N9499|11947|3.526181,N9495|7893|0.163381,0.00926713
N9499|11947|3.526181,N9500|2227|1.218307,0.00693246
N9499|11947|3.526181,N9501|12957|4.881441,0.011607
N9499|11947|3.526181,N9503|4006|0.215152,0.0108196
N9499|11947|3.526181,N9491|12440|0.015674,0.0100359
N9499|11947|3.526181,N9511|4037|0.11695,0.00926429
N9499|11947|3.526181,N9508|3512|0.122202,0.010036
N9499|11947|3.526181,N9507|10649|0.049628,0.00926062
N8358|2835|0.986928,N8368|3577|1.223714,0.00928276
N8358|2835|0.986928,N8382|11492|1.764649,0.0140152
N8358|2835|0.986928,N8377|4310|0.039595,0.0139782
N8358|2835|0.986928,N8363|7636|0.882553,0.0069555
N8358|2835|0.986928,N8381|9511|0.167241,0.0147901
N8358|2835|0.986928,N8360|11856|2.550031,0.0131954
N8358|2835|0.986928,N8353|13525|4.961347,0.0139725
N8358|2835|0.986928,N8373|6621|4.001402,0.0147563
N8358|2835|0.986928,N8374|10238|9.3E-5,0.0139644
N8358|2835|0.986928,N8362|1898|0.341441,0.00850423
N12581|2924|1.449166,N12551|7510|0.251933,0.0100607
N12581|2924|1.449166,N12584|7383|0.524904,0.00771741
N12581|2924|1.449166,N12566|9121|0.08259,0.0131939
N12581|2924|1.449166,N12498|9476|0.063085,0.0147454
N12581|2924|1.449166,N12488|12101|1.121635,0.0147578
N12581|2924|1.449166,N12583|10786|1.413978,0.0116257
N12581|2924|1.449166,N12590|11354|6.176478,0.0139962
N12581|2924|1.449166,N12564|8090|2.029125,0.0147506
N12581|2924|1.449166,N12563|8865|1.422802,0.0116069
N12581|2924|1.449166,N12555|4208|2.598968,0.0123856
N12581|2924|1.449166,N12562|4529|0.61832,0.0139614
N12581|2924|1.449166,N12603|6671|3.050434,0.0147497
N12581|2924|1.449166,N12586|9119|0.317787,0.0108399
N12581|2924|1.449166,N12553|5590|1.684612,0.0131866
N12581|2924|1.449166,N12589|4455|2.489465,0.0108354
N12581|2924|1.449166,N12550|8083|0.027918,0.0100607
N12581|2924|1.449166,N12602|14045|0.864212,0.0147497
N12581|2924|1.449166,N12588|14367|1.187912,0.00694793
N12581|2924|1.449166,N12600|4349|1.436957,0.0147499
N12581|2924|1.449166,N12554|10454|0.637343,0.0100514
N12581|2924|1.449166,N12587|3469|3.820824,0.0147848
N12581|2924|1.449166,N12569|10700|0.180908,0.0139693
N12581|2924|1.449166,N12497|5875|0.074333,0.0147455
N12581|2924|1.449166,N12545|9734|2.533836,0.0147738
N12581|2924|1.449166,N12546|6374|0.291382,0.0147632
N10109|11778|1.407404,N10107|7721|1.979724,0.0139644
N10109|11778|1.407404,N10111|11577|0.639357,0.00771326
N10109|11778|1.407404,N10113|13294|0.443123,0.0092737
N10109|11778|1.407404,N10116|10026|2.262191,0.010824
N10109|11778|1.407404,N10119|10803|0.316622,0.00770884
N10109|11778|1.407404,N10110|10994|0.926104,0.00849275
N10552|9257|1.099839,N10549|6129|2.090029,0.0108462
N10552|9257|1.099839,N10547|7175|0.207334,0.0116254
N10552|9257|1.099839,N10545|2003|0.042819,0.0116254
N10552|9257|1.099839,N10551|13498|1.227284,0.00307297
N10552|9257|1.099839,N10558|12714|0.308784,0.0147904
N9949|5322|0.968888,N9953|4252|2.085547,0.0116001
N9949|5322|0.968888,N9954|14219|0.429237,0.0131872
N9949|5322|0.968888,N9951|10255|1.515199,0.0116001
N9949|5322|0.968888,N9939|3554|0.826545,0.0139642
N9949|5322|0.968888,N9958|1480|0.111606,0.0108168
N9949|5322|0.968888,N9957|8145|4.00704,0.0139502
N10068|11807|1.557756,N10063|11014|3.925773,0.0108955
N10068|11807|1.557756,N10122|2041|0.602855,0.0132036
N10068|11807|1.557756,N10124|12667|2.251802,0.0148085
N10068|11807|1.557756,N10065|8060|1.039306,0.00929609
N10068|11807|1.557756,N10094|7322|3.27339,0.00849147
N10068|11807|1.557756,N10096|4634|3.033585,0.00849143
N10068|11807|1.557756,N10060|3824|0.405696,0.0123976
N10068|11807|1.557756,N10083|10662|0.54533,0.0139856
N10068|11807|1.557756,N10058|7641|2.216887,0.0123965
N10068|11807|1.557756,N10062|10532|0.956953,0.011649
N10068|11807|1.557756,N10105|6840|2.06747,0.0147585
N10068|11807|1.557756,N10061|3384|0.179959,0.00697124
N10068|11807|1.557756,N10076|15281|0.628564,0.0139805
N10068|11807|1.557756,N10081|3877|1.475931,0.0147634
N10068|11807|1.557756,N10057|13681|0.686815,0.0140118
N9408|9665|0.673645,N9423|6527|0.148587,0.0124252
N9408|9665|0.673645,N9398|2413|1.127416,0.0100604
N9408|9665|0.673645,N9394|7196|2.769976,0.0116288
N9408|9665|0.673645,N9416|3982|2.127591,0.0124089
N9408|9665|0.673645,N9359|13859|0.138749,0.0147926
N9408|9665|0.673645,N9429|6293|0.044463,0.0108617
N9408|9665|0.673645,N9419|8042|1.209773,0.0139964
N9408|9665|0.673645,N9420|3100|3.388402,0.0147719
N9408|9665|0.673645,N9413|7854|2.302913,0.0147719
N9408|9665|0.673645,N9370|6191|0.044663,0.0147719
N9408|9665|0.673645,N9411|12961|0.776325,0.00307341
N9408|9665|0.673645,N9414|3729|3.038117,0.0147929
N9408|9665|0.673645,N9405|11433|2.621768,0.0123874
N9408|9665|0.673645,N9426|2312|2.112556,0.0139526
N9408|9665|0.673645,N9417|14062|0.337818,0.0116199
N9408|9665|0.673645,N9425|10731|0.354384,0.0131781
N9408|9665|0.673645,N9399|10757|3.06532,0.011634
N9408|9665|0.673645,N9404|11969|0.138192,0.010042
N9408|9665|0.673645,N9410|13851|2.199643,0.00539014
N9274|10577|0.532175,N9269|3551|0.831065,0.00771321
N9274|10577|0.532175,N9265|6867|2.063789,0.0131951
N9274|10577|0.532175,N9259|8520|0.048263,0.00850088
N9274|10577|0.532175,N9256|2757|2.040753,0.00926969
N9274|10577|0.532175,N9257|6339|0.058928,0.00771977
N9274|10577|0.532175,N9268|8263|0.021383,0.00461947
N9274|10577|0.532175,N9255|14771|0.350205,0.00771979
N9274|10577|0.532175,N9281|5602|0.079699,0.0124242
N9274|10577|0.532175,N9266|13703|1.254768,0.0132028
N9274|10577|0.532175,N9263|4414|1.894238,0.0139853
N9274|10577|0.532175,N9264|5275|1.087171,0.0139792
N9274|10577|0.532175,N9273|13046|0.2787,0.000767363
N9274|10577|0.532175,N9272|7257|0.692674,0.00384521
N12828|12550|1.212722,N12815|11358|1.139968,0.00616923
N12828|12550|1.212722,N12841|14215|0.661025,0.00540223
N12828|12550|1.212722,N12821|14257|0.767312,0.00617472
N12828|12550|1.212722,N12832|10581|0.014099,0.0084931
N12828|12550|1.212722,N12817|13932|1.254999,0.0108263
N12828|12550|1.212722,N12835|5032|0.52659,0.0131878
N12828|12550|1.212722,N12831|6709|1.504096,0.00539533
N12828|12550|1.212722,N12827|7021|0.494991,0.00307496
N12828|12550|1.212722,N12839|3259|2.23288,0.0116299
N12828|12550|1.212722,N12822|1932|2.476291,0.00772357
N12828|12550|1.212722,N12829|15189|0.468004,0.00616921
N12828|12550|1.212722,N12826|10353|2.203998,0.00772003
N12828|12550|1.212722,N12819|6009|0.132923,0.0108263
N12828|12550|1.212722,N12824|13110|5.024155,0.0124268
N12828|12550|1.212722,N12837|3001|4.039749,0.0132014
N12828|12550|1.212722,N12840|8247|1.106403,0.00694552
N12828|12550|1.212722,N12834|6657|0.028154,0.00540215
N12828|12550|1.212722,N12842|5983|3.233808,0.0085125
N12828|12550|1.212722,N12668|15202|0.179902,0.0147189
N12828|12550|1.212722,N12838|7539|1.101225,0.0108546
N12828|12550|1.212722,N12735|13411|1.300204,0.0147331
N12828|12550|1.212722,N12812|2089|1.926513,0.00926973
N10753|3568|1.688756,N10754|3438|0.225781,0.00307622
N10753|3568|1.688756,N10751|13615|1.046001,0.00384784
N10753|3568|1.688756,N10750|2680|0.397559,0.0100575
N10753|3568|1.688756,N10752|3660|2.730505,0.00616629
N10753|3568|1.688756,N10756|14201|0.794564,0.0108384
N10753|3568|1.688756,N10744|15106|0.931125,0.00772844
N10753|3568|1.688756,N10745|5703|0.574657,0.00772844
N10753|3568|1.688756,N10757|13478|4.282374,0.0147677
N10753|3568|1.688756,N10755|9910|0.092655,0.0123915
N10753|3568|1.688756,N10747|6612|0.988886,0.00928692
N12318|11695|0.132527,N12302|5658|0.862584,0.0139671
N12318|11695|0.132527,N12326|10017|0.968429,0.0131747
N12318|11695|0.132527,N12305|3700|0.084977,0.012409
N12318|11695|0.132527,N12311|3713|2.175775,0.0139939
N12318|11695|0.132527,N12304|2562|0.235725,0.01162
N12318|11695|0.132527,N12319|7679|1.193238,0.00307624
N12318|11695|0.132527,N12308|5775|1.252486,0.0147899
N12318|11695|0.132527,N12315|15139|2.647388,0.00926646
N12318|11695|0.132527,N12322|6249|0.030627,0.0147389
N12318|11695|0.132527,N12309|10166|0.928832,0.0132003
N10728|5088|3.10689,N10718|7313|0.915261,0.014756
N10728|5088|3.10689,N10716|5404|0.583346,0.0123834
N10728|5088|3.10689,N10710|3869|5.917943,0.0147453
N10728|5088|3.10689,N10724|3500|0.101707,0.0116007
N10728|5088|3.10689,N10732|12967|0.670641,0.0116077
N10728|5088|3.10689,N10725|9276|3.451623,0.0092665
N10728|5088|3.10689,N10726|6909|1.102324,0.00693374
N10728|5088|3.10689,N10727|11162|3.195729,0.00926644
N10728|5088|3.10689,N10740|14410|2.284142,0.0147562
N9953|4252|2.085547,N9954|14219|0.429237,0.00772841
N9953|4252|2.085547,N9951|10255|1.515199,0.00616177
N9953|4252|2.085547,N9939|3554|0.826545,0.0116255
N9953|4252|2.085547,N9958|1480|0.111606,0.00849043
N9953|4252|2.085547,N9947|2373|1.334517,0.0147781
N9953|4252|2.085547,N9957|8145|4.00704,0.0116268
N9622|6187|0.653961,N9619|13035|1.280624,0.00384395
N9622|6187|0.653961,N9614|3685|0.075811,0.00851053
N9622|6187|0.653961,N9624|10834|1.251999,0.00539629
N9622|6187|0.653961,N9632|13351|0.423463,0.0139696
N9622|6187|0.653961,N9621|8513|1.596386,0.0023028
N12349|11741|0.175739,N12345|11157|2.329086,0.0116331
N12349|11741|0.175739,N12366|13347|1.611815,0.0147699
N12349|11741|0.175739,N12365|7645|0.252699,0.0139806
N12349|11741|0.175739,N12363|7097|1.341347,0.0124471
N12349|11741|0.175739,N12352|4860|3.705697,0.0100608
N12349|11741|0.175739,N12353|8771|0.123274,0.00771848
N12349|11741|0.175739,N12362|2705|2.227795,0.0131869
N12349|11741|0.175739,N12369|13497|0.468312,0.0139961
N12349|11741|0.175739,N12373|12163|1.077838,0.0147738
N12349|11741|0.175739,N12346|12410|0.372866,0.010859
N12349|11741|0.175739,N12350|9203|3.129607,0.0108312
N13081|11163|0.1151,N13015|7025|0.167928,0.0140138
N13081|11163|0.1151,N13083|13545|0.854512,0.0124084
N13081|11163|0.1151,N13067|12459|0.550295,0.0123957
N13081|11163|0.1151,N13076|4891|0.725229,0.00771813
N13081|11163|0.1151,N13072|12819|1.672875,0.00849151
N13081|11163|0.1151,N13013|13077|0.990917,0.0139954
N13081|11163|0.1151,N13019|3661|1.485851,0.0147624
N13081|11163|0.1151,N13080|8198|2.835692,0.0084823
N13081|11163|0.1151,N13035|2966|0.267509,0.0139774
N13081|11163|0.1151,N13079|1454|0.626084,0.0077274
N13081|11163|0.1151,N13044|14894|0.279795,0.0139611
N13081|11163|0.1151,N13058|11167|1.17044,0.013993
N13081|11163|0.1151,N13021|2121|0.427363,0.0147888
N13081|11163|0.1151,N13027|10423|1.107882,0.0147707
N13081|11163|0.1151,N13026|9197|0.544685,0.0131852
N13081|11163|0.1151,N13053|4954|0.008268,0.0131994
N13081|11163|0.1151,N13071|4238|1.966479,0.00538488
N13081|11163|0.1151,N13070|7113|5.886608,0.0100308
N13081|11163|0.1151,N13086|15084|0.571855,0.0116486
N13081|11163|0.1151,N13046|7586|0.27506,0.01475
N13081|11163|0.1151,N13023|9255|2.431417,0.013186
N13081|11163|0.1151,N13087|2366|3.091692,0.0100914
N9932|7181|3.867775,N9930|8349|1.049999,0.0100348
N9932|7181|3.867775,N9936|7386|0.127947,0.0092595
N9932|7181|3.867775,N9934|14693|0.790861,0.009267
N9932|7181|3.867775,N9937|9435|0.389164,0.0092595
N12904|6864|0.055714,N12898|10597|0.238374,0.00926678
N12904|6864|0.055714,N12902|13344|0.176188,0.00849267
N12904|6864|0.055714,N12906|6736|1.852248,0.0139556
N12904|6864|0.055714,N12896|5378|1.520829,0.0116005
N12904|6864|0.055714,N12900|12978|0.377253,0.0131736
N12306|3541|6.084288,N12302|5658|0.862584,0.0116252
N12306|3541|6.084288,N12305|3700|0.084977,0.00539631
N12306|3541|6.084288,N12311|3713|2.175775,0.0116477
N12306|3541|6.084288,N12304|2562|0.235725,0.00928421
N12306|3541|6.084288,N12308|5775|1.252486,0.0124403
N12306|3541|6.084288,N12309|10166|0.928832,0.0108576
N9336|6702|4.063391,N9340|13662|3.058796,0.0116495
N9336|6702|4.063391,N9341|11718|4.206502,0.0147781
N9336|6702|4.063391,N9333|13054|1.645774,0.0139784
N9336|6702|4.063391,N9344|3471|0.361147,0.0124246
N9336|6702|4.063391,N9342|14450|0.850897,0.0116482
N9336|6702|4.063391,N9334|8076|0.202191,0.0116482
N7215|4876|0.628549,N7214|10284|0.664972,0.00617539
N7215|4876|0.628549,N7213|9538|0.153531,0.0100585
N9178|7320|1.719028,N9165|6131|0.059858,0.0139736
N9178|7320|1.719028,N9166|2597|0.752052,0.0131954
N7382|2530|1.554872,N7384|8193|0.322294,0.0131834
N7382|2530|1.554872,N7381|3194|1.270612,0.0148122
N7382|2530|1.554872,N7385|13875|0.016875,0.0116141
N7382|2530|1.554872,N7410|14816|0.502302,0.0139779
N7382|2530|1.554872,N7408|10835|0.386487,0.0147585
N7382|2530|1.554872,N7417|6681|1.424463,0.0147892
N7382|2530|1.554872,N7383|14512|0.16135,0.00773818
N9044|5166|2.117901,N9036|15289|0.836622,0.00849279
N9044|5166|2.117901,N9021|7955|0.469038,0.0147348
N9044|5166|2.117901,N9045|13243|0.113371,0.00384655
N9044|5166|2.117901,N9041|13663|0.42431,0.00926989
N9044|5166|2.117901,N9037|3151|0.565871,0.0100584
N9044|5166|2.117901,N9049|10265|3.185581,0.00695539
N9044|5166|2.117901,N9033|6190|1.42565,0.0139545
N9044|5166|2.117901,N9048|5200|0.926094,0.0092963
N9044|5166|2.117901,N9051|3727|0.752761,0.0131831
N9044|5166|2.117901,N9019|1759|3.21172,0.0139345
N9044|5166|2.117901,N9005|9621|0.184888,0.0147316
N9044|5166|2.117901,N9018|7028|1.271107,0.0131558
N9044|5166|2.117901,N9020|4424|0.845904,0.013947
N12161|9531|1.47895,N12158|13659|0.209424,0.00539831
N12161|9531|1.47895,N12160|4162|3.082236,0.00926666
N12161|9531|1.47895,N12163|7913|0.357563,0.0116232
N12161|9531|1.47895,N12159|11901|2.7287,0.00851034
N11359|1668|1.581908,N11378|12634|1.329419,0.0139715
N11359|1668|1.581908,N11365|7096|0.63038,0.0139545
N11359|1668|1.581908,N11363|15066|0.637353,0.0123849
N11359|1668|1.581908,N11371|5903|1.512719,0.0139727
N11359|1668|1.581908,N11373|7146|0.687377,0.0139617
N11359|1668|1.581908,N11358|3722|2.637675,0.0100529
N11359|1668|1.581908,N11375|8477|0.703535,0.0147579
N11359|1668|1.581908,N11384|2281|1.186815,0.0131688
N11359|1668|1.581908,N11361|9367|0.658486,0.0131765
N8901|4244|1.239644,N8892|6668|1.175247,0.013218
N8901|4244|1.239644,N8894|2000|0.615862,0.0124246
N8901|4244|1.239644,N8903|15047|0.889229,0.0100844
N8901|4244|1.239644,N8902|10980|0.318318,0.00153499
N8901|4244|1.239644,N8886|14755|1.395277,0.013962
N8901|4244|1.239644,N8898|14688|0.203747,0.0116337
N13065|9942|3.28249,N13063|12606|0.037579,0.0139799
N13065|9942|3.28249,N13067|12459|0.550295,0.00928394
N13065|9942|3.28249,N13049|2463|0.241606,0.0116212
N13065|9942|3.28249,N13062|8226|0.442183,0.0131895
N13065|9942|3.28249,N13050|8552|0.300629,0.0124011
N13065|9942|3.28249,N13066|11539|2.641891,0.0108385
N13065|9942|3.28249,N13057|8415|0.620575,0.0132159
N13065|9942|3.28249,N13035|2966|0.267509,0.0131838
N13065|9942|3.28249,N13044|14894|0.279795,0.0116139
N13065|9942|3.28249,N13058|11167|1.17044,0.0116339
N13065|9942|3.28249,N13052|14348|1.81875,0.0147503
N13065|9942|3.28249,N13053|4954|0.008268,0.010844
N13065|9942|3.28249,N13046|7586|0.27506,0.0123977
N12448|3129|0.946995,N12456|8471|1.772935,0.0077184
N12448|3129|0.946995,N12446|14104|5.533263,0.0116531
N12448|3129|0.946995,N12457|9305|1.04784,0.0116253
N12448|3129|0.946995,N12451|7630|2.06956,0.0100583
N12448|3129|0.946995,N12433|4451|2.477759,0.0132009
N12448|3129|0.946995,N12453|9718|1.313521,0.00695634
N12448|3129|0.946995,N12455|8365|0.335368,0.00694675
N12448|3129|0.946995,N12435|2899|0.967227,0.0131897
N12448|3129|0.946995,N12452|14869|3.860011,0.0132033
N12448|3129|0.946995,N12443|9845|0.533965,0.00928403
N12448|3129|0.946995,N12444|4137|0.107218,0.00849154
N12448|3129|0.946995,N12454|9739|0.606509,0.00616737
N12448|3129|0.946995,N12428|3118|1.22185,0.0108246
N12448|3129|0.946995,N12432|11765|4.38801,0.0140149
N12448|3129|0.946995,N12447|13631|1.752321,0.00461968
N12448|3129|0.946995,N12441|15258|0.530176,0.0116375
N12448|3129|0.946995,N12430|11924|0.617032,0.0123977
N8556|4543|8.11139,N8557|3708|1.262066,0.0147577
N8556|4543|8.11139,N8547|9642|2.033348,0.0147455
N8571|8832|0.01461,N8572|8563|2.244043,0.00384393
N8571|8832|0.01461,N8578|15099|0.090513,0.0100487
N8571|8832|0.01461,N8610|13391|2.668862,0.0139525
N8571|8832|0.01461,N8586|2351|0.429267,0.0131831
N8571|8832|0.01461,N8594|10280|0.478187,0.0147474
N8571|8832|0.01461,N8603|14859|1.315696,0.0116069
N8571|8832|0.01461,N8581|6371|0.050036,0.0132006
N8571|8832|0.01461,N8573|5847|3.806004,0.013967
N8571|8832|0.01461,N8574|1551|0.966694,0.0100582
N8571|8832|0.01461,N8600|9314|0.056536,0.0116069
N12090|5104|1.298203,N12089|15345|7.10444,0.0100345
N12090|5104|1.298203,N12092|9522|3.309213,0.0123904
N12090|5104|1.298203,N12088|1729|0.444098,0.0131854
N12090|5104|1.298203,N12094|8684|0.190719,0.00615995
N12090|5104|1.298203,N12091|4328|0.976929,0.00926059
N7609|5761|4.684875,N7605|9220|0.78423,0.0123838
N7609|5761|4.684875,N7613|2721|3.006235,0.0123739
N7609|5761|4.684875,N7612|1953|2.630362,0.0116009
N7609|5761|4.684875,N7604|7734|1.196841,0.013175
N7609|5761|4.684875,N7603|12566|1.558334,0.0123918
N7609|5761|4.684875,N7618|8594|1.069863,0.0123846
N7609|5761|4.684875,N7616|10188|1.521941,0.0123847
N7609|5761|4.684875,N7620|13891|0.667006,0.0147402
N9085|3354|5.903963,N9091|13968|0.501484,0.0139467
N9085|3354|5.903963,N9081|8706|1.386561,0.0077088
N9085|3354|5.903963,N9072|4235|1.055492,0.0123875
N9085|3354|5.903963,N9082|6397|0.367536,0.00616177
N9085|3354|5.903963,N9086|13394|0.878173,0.0147506
N9085|3354|5.903963,N9059|3952|0.117079,0.0147564
N9085|3354|5.903963,N9090|5865|0.111667,0.0123915
N10605|15322|4.035288,N10602|3429|0.531763,0.0124013
N11843|9901|0.799723,N11798|12109|2.516336,0.0147909
N11843|9901|0.799723,N11794|15274|0.512393,0.0100445
N11843|9901|0.799723,N11839|7609|1.095137,0.00771348
N11843|9901|0.799723,N11806|8834|2.729095,0.011634
N11843|9901|0.799723,N11853|9765|0.63808,0.0139732
N11843|9901|0.799723,N11825|13594|0.743221,0.0139619
N11843|9901|0.799723,N11819|4487|0.110916,0.0131833
N11843|9901|0.799723,N11838|8325|3.614666,0.0100447
N11843|9901|0.799723,N11808|11992|1.485664,0.0124099
N11843|9901|0.799723,N11842|13507|2.938431,0.00850054
N11843|9901|0.799723,N11807|3902|2.551213,0.0147464
N11843|9901|0.799723,N11800|14940|1.058674,0.0132184
N11843|9901|0.799723,N11797|9811|2.536506,0.0124422
N11843|9901|0.799723,N11795|11647|0.638361,0.0116685
N11843|9901|0.799723,N11796|14497|1.160662,0.014812
N11843|9901|0.799723,N11821|8630|1.302247,0.0123979
N11843|9901|0.799723,N11832|5076|0.375143,0.0108403
N11843|9901|0.799723,N11818|14577|0.522973,0.012398
N11843|9901|0.799723,N11845|7795|0.316845,0.0061619
N11843|9901|0.799723,N11822|13844|1.50106,0.0147462
N11843|9901|0.799723,N11833|10670|4.114445,0.0132033
N11843|9901|0.799723,N11820|2273|0.700337,0.0147315
N11843|9901|0.799723,N11810|3510|0.371168,0.0132183
N11843|9901|0.799723,N11826|10781|1.093903,0.0123991
N11843|9901|0.799723,N11835|1559|2.226693,0.010059
N11843|9901|0.799723,N11805|9530|2.079066,0.0124255
N11843|9901|0.799723,N11824|12275|0.381059,0.0131749
N11843|9901|0.799723,N11799|11006|0.930139,0.0116685
N11843|9901|0.799723,N11840|5885|0.521166,0.0139567
N11843|9901|0.799723,N11812|8304|1.873095,0.0116223
N11843|9901|0.799723,N11801|13264|1.168057,0.0124099
N11843|9901|0.799723,N11844|10359|0.208095,0.0069362
N12815|11358|1.139968,N12841|14215|0.661025,0.00694778
N12815|11358|1.139968,N12821|14257|0.767312,0.00773794
N12815|11358|1.139968,N12832|10581|0.014099,0.0100496
N12815|11358|1.139968,N12817|13932|1.254999,0.0123973
N12815|11358|1.139968,N12835|5032|0.52659,0.0147577
N12815|11358|1.139968,N12831|6709|1.504096,0.00694527
N12815|11358|1.139968,N12827|7021|0.494991,0.00616169
N12815|11358|1.139968,N12839|3259|2.23288,0.0131943
N12815|11358|1.139968,N12822|1932|2.476291,0.00772357
N12815|11358|1.139968,N12829|15189|0.468004,0.00772357
N12815|11358|1.139968,N12826|10353|2.203998,0.00927545
N12815|11358|1.139968,N12819|6009|0.132923,0.0123973
N12815|11358|1.139968,N12824|13110|5.024155,0.0140126
N12815|11358|1.139968,N12837|3001|4.039749,0.0147702
N12815|11358|1.139968,N12840|8247|1.106403,0.00849656
N12815|11358|1.139968,N12834|6657|0.028154,0.00694771
N12815|11358|1.139968,N12842|5983|3.233808,0.0100635
N12815|11358|1.139968,N12838|7539|1.101225,0.0124179
N12815|11358|1.139968,N12812|2089|1.926513,0.0108352
N12262|1782|4.30074,N12263|14753|1.330916,0.0139775
N8387|11368|0.60077,N8384|4320|0.999459,0.0100488
N8387|11368|0.60077,N8385|6399|1.063311,0.00926658
N12841|14215|0.661025,N12821|14257|0.767312,0.00694776
N12841|14215|0.661025,N12832|10581|0.014099,0.00771321
N12841|14215|0.661025,N12817|13932|1.254999,0.0116069
N12841|14215|0.661025,N12835|5032|0.52659,0.0108313
N12841|14215|0.661025,N12831|6709|1.504096,0.00461955
N12841|14215|0.661025,N12827|7021|0.494991,0.00538838
N12841|14215|0.661025,N12839|3259|2.23288,0.00927545
N12841|14215|0.661025,N12822|1932|2.476291,0.0085021
N12841|14215|0.661025,N12829|15189|0.468004,0.00539343
N12841|14215|0.661025,N12826|10353|2.203998,0.00850208
N12841|14215|0.661025,N12819|6009|0.132923,0.0116069
N12841|14215|0.661025,N12824|13110|5.024155,0.0132081
N12841|14215|0.661025,N12837|3001|4.039749,0.0108385
N12841|14215|0.661025,N12840|8247|1.106403,0.00461618
N12841|14215|0.661025,N12834|6657|0.028154,0.00462364
N12841|14215|0.661025,N12842|5983|3.233808,0.00461619
N12841|14215|0.661025,N12838|7539|1.101225,0.00850217
N12841|14215|0.661025,N12812|2089|1.926513,0.0100496
N12277|11009|4.12314,N12285|12189|1.973591,0.0139643
N12277|11009|4.12314,N12279|8457|0.616552,0.0116215
N12277|11009|4.12314,N12276|15364|0.213973,0.0131747
N12277|11009|4.12314,N12275|11037|0.312229,0.0139526
N12277|11009|4.12314,N12281|5227|0.377566,0.0108444
N10063|11014|3.925773,N10122|2041|0.602855,0.0147949
N10063|11014|3.925773,N10124|12667|2.251802,0.01481
N10063|11014|3.925773,N10065|8060|1.039306,0.0061696
N10063|11014|3.925773,N10094|7322|3.27339,0.0100583
N10063|11014|3.925773,N10096|4634|3.033585,0.0100582
N10063|11014|3.925773,N10060|3824|0.405696,0.0124014
N10063|11014|3.925773,N10083|10662|0.54533,0.013993
N10063|11014|3.925773,N10058|7641|2.216887,0.0139783
N10063|11014|3.925773,N10062|10532|0.956953,0.00850091
N10063|11014|3.925773,N10105|6840|2.06747,0.0131842
N10063|11014|3.925773,N10061|3384|0.179959,0.00385011
N10063|11014|3.925773,N10076|15281|0.628564,0.0139906
N10063|11014|3.925773,N10067|11032|3.668257,0.0148098
N10063|11014|3.925773,N10081|3877|1.475931,0.0147705
N10063|11014|3.925773,N10057|13681|0.686815,0.0124244
N7419|6489|6.663846,N7417|6681|1.424463,0.0124237
N8021|4539|2.068237,N8028|7486|0.293428,0.0147316
N8021|4539|2.068237,N8013|7554|2.307135,0.00926659
N8021|4539|2.068237,N8009|14525|0.152579,0.0116003
N8021|4539|2.068237,N8034|11942|0.98519,0.0147344
N8021|4539|2.068237,N8007|9686|0.849915,0.0139467
N8021|4539|2.068237,N8014|11541|1.407573,0.0100489
N8021|4539|2.068237,N8008|8037|2.076879,0.0139524
N8021|4539|2.068237,N8020|4770|0.329201,0.00848638
N8021|4539|2.068237,N8011|6303|3.222924,0.00848451
N8021|4539|2.068237,N8012|12050|0.024109,0.00848655
N12647|13618|1.367856,N12551|7510|0.251933,0.0139652
N12647|13618|1.367856,N12644|11855|0.121076,0.0100583
N12647|13618|1.367856,N12633|3813|0.796225,0.014763
N12647|13618|1.367856,N12649|2098|1.034296,0.00616429
N12647|13618|1.367856,N12550|8083|0.027918,0.0139652
N12647|13618|1.367856,N12651|778|7.689216,0.0147699
N12647|13618|1.367856,N12646|13270|0.39972,0.010832
N12647|13618|1.367856,N12554|10454|0.637343,0.0139531
N12647|13618|1.367856,N12639|5176|2.615927,0.0124422
N12647|13618|1.367856,N12640|4172|1.084093,0.0139936
N8245|14469|2.162018,N8249|8431|0.561774,0.0131876
N8245|14469|2.162018,N8252|2035|0.385452,0.0147777
N8245|14469|2.162018,N8259|6237|1.846607,0.0132113
N8245|14469|2.162018,N8251|4438|0.010981,0.0147777
N10245|9533|2.427582,N10250|6209|2.04075,0.0139913
N10245|9533|2.427582,N10246|9286|1.006998,0.0139548
N10245|9533|2.427582,N10253|13358|0.566741,0.0131835
N11069|6309|2.138312,N11066|10755|0.62982,0.0132868
N11069|6309|2.138312,N11068|6324|7.809222,0.0147778
N11069|6309|2.138312,N11071|4197|0.05893,0.00384619
N9223|5192|1.016832,N9222|5285|2.462127,0.0123901
N9223|5192|1.016832,N9221|3287|1.931716,0.0116082
N9223|5192|1.016832,N9227|3109|1.922733,0.0100412
N9223|5192|1.016832,N9220|7153|0.060846,0.00926598
N9223|5192|1.016832,N9230|5653|0.302782,0.00616541
N9223|5192|1.016832,N9219|11851|0.409166,0.0116129
N9223|5192|1.016832,N9217|11202|0.826529,0.00926704
N9223|5192|1.016832,N9218|5627|1.577137,0.0108364
N9619|13035|1.280624,N9614|3685|0.075811,0.0077183
N9619|13035|1.280624,N9624|10834|1.251999,0.00461511
N9619|13035|1.280624,N9632|13351|0.423463,0.0131767
N9619|13035|1.280624,N9630|14564|1.455377,0.0147335
N9619|13035|1.280624,N9621|8513|1.596386,0.00615823
N12345|11157|2.329086,N12365|7645|0.252699,0.0147891
N12345|11157|2.329086,N12363|7097|1.341347,0.0116342
N12345|11157|2.329086,N12355|6646|1.317654,0.0124102
N12345|11157|2.329086,N12370|4459|1.397163,0.0147778
N12345|11157|2.329086,N12352|4860|3.705697,0.0108333
N12345|11157|2.329086,N12353|8771|0.123274,0.00849267
N12345|11157|2.329086,N12362|2705|2.227795,0.0108332
N12345|11157|2.329086,N12369|13497|0.468312,0.0132169
N12345|11157|2.329086,N12373|12163|1.077838,0.0147736
N12345|11157|2.329086,N12346|12410|0.372866,0.00539016
N12345|11157|2.329086,N12354|3530|2.800901,0.013186
N12345|11157|2.329086,N12344|12378|1.266372,0.0131919
N12345|11157|2.329086,N12358|2665|0.156469,0.0123977
N12345|11157|2.329086,N12350|9203|3.129607,0.0147565
N12551|7510|0.251933,N12584|7383|0.524904,0.00849034
N12551|7510|0.251933,N12566|9121|0.08259,0.00772883
N12551|7510|0.251933,N12498|9476|0.063085,0.00926638
N12551|7510|0.251933,N12488|12101|1.121635,0.0108397
N12551|7510|0.251933,N12475|4624|0.137927,0.013195
N12551|7510|0.251933,N12537|4468|2.635044,0.0139851
N12551|7510|0.251933,N12583|10786|1.413978,0.0124013
N12551|7510|0.251933,N12459|10633|0.178368,0.010828
N12551|7510|0.251933,N12421|5900|0.599175,0.0147314
N12551|7510|0.251933,N12590|11354|6.176478,0.0147734
N12551|7510|0.251933,N12530|10028|0.70269,0.0139955
N12551|7510|0.251933,N12564|8090|2.029125,0.00771831
N12551|7510|0.251933,N12507|9063|0.371893,0.0139652
N12551|7510|0.251933,N12563|8865|1.422802,0.0077132
N12551|7510|0.251933,N12535|11736|0.394495,0.0100605
N12551|7510|0.251933,N12326|10017|0.968429,0.0147452
N12551|7510|0.251933,N12541|4819|2.172499,0.0132009
N12551|7510|0.251933,N12508|14807|0.41106,0.0108352
N12551|7510|0.251933,N12558|10752|2.08351,0.0124131
N12551|7510|0.251933,N12555|4208|2.598968,0.00538374
N12551|7510|0.251933,N12562|4529|0.61832,0.0100513
N12551|7510|0.251933,N12524|7348|0.12227,0.0108351
N12551|7510|0.251933,N12603|6671|3.050434,0.0108321
N12551|7510|0.251933,N12531|6368|0.808906,0.012427
N12551|7510|0.251933,N12465|9663|3.510964,0.0116346
N12551|7510|0.251933,N12409|11290|1.945856,0.0139643
N12551|7510|0.251933,N12571|8941|1.241029,0.0116137
N12551|7510|0.251933,N12462|6718|0.293305,0.0116069
N12551|7510|0.251933,N12522|10383|1.195617,0.0147776
N12551|7510|0.251933,N12599|8353|1.454529,0.0116176
N12551|7510|0.251933,N12473|13030|2.051846,0.0124155
N12551|7510|0.251933,N12586|9119|0.317787,0.0116151
N12551|7510|0.251933,N12472|2949|0.315673,0.0131831
N12551|7510|0.251933,N12460|14159|2.404334,0.0147473
N12551|7510|0.251933,N12481|5745|0.140218,0.0132003
N12551|7510|0.251933,N12553|5590|1.684612,0.00538673
N12551|7510|0.251933,N12378|10540|0.39814,0.012399
N12551|7510|0.251933,N12559|3859|4.121142,0.0139524
N12551|7510|0.251933,N12482|15143|0.193936,0.0116138
N12551|7510|0.251933,N12527|9237|0.448218,0.011608
N12551|7510|0.251933,N12518|9895|2.414444,0.0124174
N12551|7510|0.251933,N12504|8693|0.601243,0.0116138
N12551|7510|0.251933,N12589|4455|2.489465,0.0116108
N12551|7510|0.251933,N12519|10480|2.16617,0.0108465
N12551|7510|0.251933,N12550|8083|0.027918,0
N12551|7510|0.251933,N12514|10912|1.103138,0.0147777
N12551|7510|0.251933,N12602|14045|0.864212,0.0108322
N12551|7510|0.251933,N12588|14367|1.187912,0.0077198
N12551|7510|0.251933,N12491|14941|6.537729,0.0147498
N12551|7510|0.251933,N12594|12877|0.083073,0.0131951
N12551|7510|0.251933,N12492|6139|1.973109,0.0123974
N12551|7510|0.251933,N12600|4349|1.436957,0.0108322
N12551|7510|0.251933,N12396|15125|0.104996,0.0147451
N12551|7510|0.251933,N12554|10454|0.637343,0.00230596
N12551|7510|0.251933,N12565|3942|2.216347,0.0124199
N12551|7510|0.251933,N12500|10430|1.273377,0.0123914
N12551|7510|0.251933,N12534|12395|1.442349,0.0108383
N12551|7510|0.251933,N12369|13497|0.468312,0.0147713
N12551|7510|0.251933,N12595|11041|1.186994,0.0131897
N12551|7510|0.251933,N12505|6802|1.904995,0.0139633
N12551|7510|0.251933,N12569|10700|0.180908,0.00849646
N12551|7510|0.251933,N12497|5875|0.074333,0.00926642
N12551|7510|0.251933,N12545|9734|2.533836,0.0092842
N12551|7510|0.251933,N12483|3059|1.085798,0.0139613
N12551|7510|0.251933,N12513|6383|0.180784,0.0132083
N12551|7510|0.251933,N12480|6588|1.156968,0.0131862
N12551|7510|0.251933,N12574|12439|0.14536,0.00926674
N12551|7510|0.251933,N12517|2545|1.034848,0.0116315
N12551|7510|0.251933,N12529|4469|3.56161,0.0116315
N12551|7510|0.251933,N12528|11921|2.139033,0.0124174
N12551|7510|0.251933,N12476|9967|1.35257,0.0124155
N12551|7510|0.251933,N12523|10368|1.348094,0.0147396
N12551|7510|0.251933,N12461|3483|0.725069,0.0131715
N12551|7510|0.251933,N12344|12378|1.266372,0.0147472
N12551|7510|0.251933,N12546|6374|0.291382,0.00771731
N12551|7510|0.251933,N12487|6538|4.703612,0.0139803
N12551|7510|0.251933,N12543|10805|3.530949,0.0108382
N12551|7510|0.251933,N12424|10163|0.680695,0.0147315
N12809|1631|0.709439,N12807|10535|3.801011,0.00848501
N12809|1631|0.709439,N12808|2415|0.289304,0.000766731
N12809|1631|0.709439,N12806|3517|1.956552,0.00153463
N11917|11332|0.108188,N11916|9744|1.719792,0.00927837
N9903|6659|2.341715,N9902|12305|0.276397,0.00770884
N9564|8190|1.697426,N9579|13228|0.364303,0.0147882
N9564|8190|1.697426,N9568|6979|2.778294,0.00539539
N9564|8190|1.697426,N9560|8544|0.447709,0.00617397
N9564|8190|1.697426,N9565|9084|0.859842,0.0053901
N9564|8190|1.697426,N9566|1874|1.386538,0.00307297
N12969|7672|1.042786,N12995|3030|0.832701,0.0131835
N12969|7672|1.042786,N12970|7761|2.204726,0.00772832
N12969|7672|1.042786,N12998|8221|0.848825,0.01475
N12969|7672|1.042786,N12996|11426|0.862639,0.0147632
N12969|7672|1.042786,N12987|13617|0.236659,0.0123946
N12969|7672|1.042786,N12992|10856|1.925319,0.0139657
N12969|7672|1.042786,N12975|8764|3.432604,0.00539426
N12969|7672|1.042786,N12976|2539|6.970463,0.010837
N12969|7672|1.042786,N12986|8658|4.09695,0.0147628
N12969|7672|1.042786,N12977|12673|1.17305,0.0116141
N7942|8829|2.189437,N7924|2809|0.852026,0.0147398
N7942|8829|2.189437,N7947|7971|3.261738,0.0108378
N7942|8829|2.189437,N7941|13715|0.321718,0.00538978
N7942|8829|2.189437,N7946|8602|0.632918,0.0148319
N7942|8829|2.189437,N7949|2592|2.436013,0.0124061
N7942|8829|2.189437,N7948|3208|2.491316,0.0131936
N8743|5709|1.087487,N8738|8823|0.411631,0.00539844
N8743|5709|1.087487,N8739|7629|3.377614,0.0108355
N8743|5709|1.087487,N8735|2838|0.213305,0.0139641
N8743|5709|1.087487,N8742|13436|2.073331,0.00849272
N8743|5709|1.087487,N8736|3196|1.154293,0.0131748
N8743|5709|1.087487,N8740|8574|0.953211,0.00771844
N8152|8326|0.287102,N8160|1869|0.101705,0.00926435
N8152|8326|0.287102,N8135|9281|0.296473,0.0116071
N8152|8326|0.287102,N8164|13913|2.676586,0.0100704
N8152|8326|0.287102,N8143|6918|0.428745,0.0147742
N8152|8326|0.287102,N8144|9528|3.592328,0.0147719
N8152|8326|0.287102,N8166|3733|1.199072,0.0116344
N8152|8326|0.287102,N8153|3537|8.959516,0.0108314
N8152|8326|0.287102,N8146|6310|1.682245,0.0116111
N8152|8326|0.287102,N8167|9413|2.896965,0.0108447
N8152|8326|0.287102,N8147|6853|1.322031,0.0108587
N8152|8326|0.287102,N8137|12331|1.746135,0.011596
N8152|8326|0.287102,N8136|9622|3.642271,0.011596
N8152|8326|0.287102,N8168|6876|0.395138,0.0100704
N8152|8326|0.287102,N8161|5815|2.657205,0.0116232
N8152|8326|0.287102,N8133|7958|2.065495,0.0147588
N8152|8326|0.287102,N8148|6205|0.019809,0.0123916
N8152|8326|0.287102,N8149|3784|0.221216,0.0116111
N8152|8326|0.287102,N8139|6836|1.288953,0.0116341
N8152|8326|0.287102,N8170|12462|1.287377,0.00849281
N8152|8326|0.287102,N8142|5696|3.433193,0.0147903
N8152|8326|0.287102,N8155|8047|3.74703,0.0061753
N8152|8326|0.287102,N8154|11693|1.349062,0.00230862
N8152|8326|0.287102,N8159|14322|1.114167,0.00772743
N8152|8326|0.287102,N8169|2006|2.061169,0.0147739
N8152|8326|0.287102,N8156|9303|2.047012,0.00849661
N8152|8326|0.287102,N8163|5056|0.324114,0.00851077
N12584|7383|0.524904,N12566|9121|0.08259,0.0116264
N12584|7383|0.524904,N12498|9476|0.063085,0.013161
N12584|7383|0.524904,N12488|12101|1.121635,0.0147475
N12584|7383|0.524904,N12583|10786|1.413978,0.00385013
N12584|7383|0.524904,N12590|11354|6.176478,0.0124014
N12584|7383|0.524904,N12564|8090|2.029125,0.0131676
N12584|7383|0.524904,N12563|8865|1.422802,0.0116007
N12584|7383|0.524904,N12508|14807|0.41106,0.0147398
N12584|7383|0.524904,N12555|4208|2.598968,0.0108116
N12584|7383|0.524904,N12562|4529|0.61832,0.0139525
N12584|7383|0.524904,N12524|7348|0.12227,0.0147397
N12584|7383|0.524904,N12603|6671|3.050434,0.0131807
N12584|7383|0.524904,N12571|8941|1.241029,0.0139525
N12584|7383|0.524904,N12599|8353|1.454529,0.0147538
N12584|7383|0.524904,N12586|9119|0.317787,0.00307622
N12584|7383|0.524904,N12553|5590|1.684612,0.0116023
N12584|7383|0.524904,N12589|4455|2.489465,0.00926428
N12584|7383|0.524904,N12519|10480|2.16617,0.0147576
N12584|7383|0.524904,N12550|8083|0.027918,0.00849034
N12584|7383|0.524904,N12602|14045|0.864212,0.0131806
N12584|7383|0.524904,N12588|14367|1.187912,0.00538987
N12584|7383|0.524904,N12594|12877|0.083073,0.0147498
N12584|7383|0.524904,N12600|4349|1.436957,0.0131808
N12584|7383|0.524904,N12554|10454|0.637343,0.00848648
N12584|7383|0.524904,N12534|12395|1.442349,0.0147497
N12584|7383|0.524904,N12587|3469|3.820824,0.0131921
N12584|7383|0.524904,N12569|10700|0.180908,0.0123941
N12584|7383|0.524904,N12497|5875|0.074333,0.0131611
N12584|7383|0.524904,N12545|9734|2.533836,0.0131781
N12584|7383|0.524904,N12574|12439|0.14536,0.0139472
N12584|7383|0.524904,N12546|6374|0.291382,0.0131747
N12584|7383|0.524904,N12543|10805|3.530949,0.0147495
N8649|10656|0.145522,N8650|1933|1.332269,0.00153498
N8649|10656|0.145522,N8645|4038|0.360107,0.00153689
N8649|10656|0.145522,N8625|3854|0.755222,0.0139805
N8649|10656|0.145522,N8641|4497|0.145991,0.0124235
N8649|10656|0.145522,N8646|6837|1.216101,0.0023029
N8649|10656|0.145522,N8635|7231|0.13617,0.0147475
N8649|10656|0.145522,N8648|9583|0.937579,0.00153689
N8649|10656|0.145522,N8639|7321|1.594604,0.0147578
N10972|5908|1.0265,N10977|12075|0.613135,0.0077195
N10972|5908|1.0265,N10970|10530|0.525396,0.00926719
N10972|5908|1.0265,N10982|11914|1.803269,0.0123968
N10972|5908|1.0265,N10975|10794|2.249125,0.00927586
N10972|5908|1.0265,N10979|12278|3.152954,0.0124108
N10972|5908|1.0265,N10981|2731|0.266376,0.0108336
N10972|5908|1.0265,N10984|9782|0.397387,0.0108165
N10972|5908|1.0265,N10973|10114|1.49298,0.0108267
N7754|13241|0.630826,N7756|11607|0.55522,0.0147559
N7754|13241|0.630826,N7751|3880|3.444614,0.0116081
N7754|13241|0.630826,N7750|11450|2.280366,0.00384394
N7754|13241|0.630826,N7785|2154|0.041507,0.0124252
N7754|13241|0.630826,N7777|12890|0.95141,0.0139642
N7754|13241|0.630826,N7749|7183|5.648376,0.0100496
N7754|13241|0.630826,N7794|1492|0.202883,0.0147429
N7754|13241|0.630826,N7789|7892|0.064587,0.0147746
N7754|13241|0.630826,N7781|2797|2.301592,0.0147454
N7754|13241|0.630826,N7778|3705|0.300916,0.0147562
N10994|13218|0.131809,N10992|3170|2.058001,0.00848651
N10994|13218|0.131809,N10996|3055|0.708293,0.00538826
N10994|13218|0.131809,N10995|8010|0.516194,0.00230593
N10994|13218|0.131809,N10989|5003|1.95155,0.00771862
N10994|13218|0.131809,N10990|2197|1.135652,0.00461623
N9168|13823|3.670474,N9169|10236|0.950429,0.00772859
N9168|13823|3.670474,N9165|6131|0.059858,0.0116202
N9168|13823|3.670474,N9166|2597|0.752052,0.0108334
N7292|8023|3.023056,N7284|6650|0.877041,0.0100614
N7292|8023|3.023056,N7282|6032|1.251473,0.0139614
N7292|8023|3.023056,N7291|5461|0.256319,0.0077201
N7292|8023|3.023056,N7287|9602|3.103335,0.00927046
N7292|8023|3.023056,N7288|7639|0.369608,0.0124019
N8441|1756|0.163388,N8433|11853|0.993182,0.0139395
N8441|1756|0.163388,N8425|12091|4.347088,0.0147331
N8441|1756|0.163388,N8424|9554|1.692868,0.0139408
N8441|1756|0.163388,N8444|2159|1.045095,0.0108334
N8708|3088|1.89812,N8709|14297|9.228808,0.00927447
N8708|3088|1.89812,N8717|4992|0.866765,0.0100609
N8708|3088|1.89812,N8704|9619|1.62264,0.00462382
N8708|3088|1.89812,N8720|9937|1.95449,0.0123896
N8708|3088|1.89812,N8705|9482|2.595467,0.0038478
N8708|3088|1.89812,N8714|6465|3.4464,0.0139542
N8708|3088|1.89812,N8718|4679|0.041973,0.0108419
N8708|3088|1.89812,N8711|2976|0.067598,0.00153498
N8708|3088|1.89812,N8715|1711|0.13758,0.00772721
N8708|3088|1.89812,N8712|8641|0.234128,0.0092669
N8708|3088|1.89812,N8713|12991|2.122045,0.0131712
N8708|3088|1.89812,N8719|4916|3.015596,0.0147381
N8708|3088|1.89812,N8728|8836|1.084428,0.0124105
N8708|3088|1.89812,N8721|12798|0.181439,0.0139457
N8708|3088|1.89812,N8706|10211|1.95804,0.00538675
N8708|3088|1.89812,N8724|1934|0.376952,0.0132307
N8709|14297|9.228808,N8710|14270|16.356199,0.0108266
N8709|14297|9.228808,N8704|9619|1.62264,0.0108246
N8709|14297|9.228808,N8705|9482|2.595467,0.0100515
N8709|14297|9.228808,N8711|2976|0.067598,0.00771846
N8709|14297|9.228808,N8715|1711|0.13758,0.0139606
N8709|14297|9.228808,N8706|10211|1.95804,0.0116091
N12692|14351|0.489368,N12691|6502|0.10801,0.00384476
N12692|14351|0.489368,N12698|2168|0.184657,0.0147626
N12692|14351|0.489368,N12693|7887|0.664224,0.00384231
N12692|14351|0.489368,N12694|6225|2.745483,0.00616911
N12692|14351|0.489368,N12690|14282|1.295333,0.00538874
N10190|5581|8.666882,N10191|3426|0.515478,0.0139649
N10190|5581|8.666882,N10188|3411|2.150762,0.013174
N9655|2339|0.870519,N9652|10112|0.069084,0.00540317
N9655|2339|0.870519,N9651|1563|0.188435,0.0116253
N9655|2339|0.870519,N9661|1424|1.194736,0.01477
N9655|2339|0.870519,N9657|10606|0.515557,0.0116177
N9655|2339|0.870519,N9654|10789|0.361412,0.00694525
N9655|2339|0.870519,N9653|6696|0.376834,0.00540317
N9655|2339|0.870519,N9663|7866|2.070923,0.0139797
N11690|6644|0.131364,N11692|14817|1.040448,0.0139649
N11690|6644|0.131364,N11708|12521|1.374714,0.0131872
N11690|6644|0.131364,N11661|1883|0.916116,0.0124244
N11690|6644|0.131364,N11702|14744|0.617456,0.0116112
N11690|6644|0.131364,N11699|8260|0.716946,0.0147393
N11690|6644|0.131364,N11696|6974|3.630097,0.0139527
N11690|6644|0.131364,N11689|6186|3.572742,0.0108479
N11690|6644|0.131364,N11714|12412|4.098774,0.0139729
N11690|6644|0.131364,N11711|5342|0.529197,0.0123903
N11690|6644|0.131364,N11686|13919|0.584485,0.00616623
N9200|10930|0.21744,N9212|11276|1.009717,0.0108386
N9200|10930|0.21744,N9205|5835|0.625223,0.00538825
N9200|10930|0.21744,N9209|13816|0.419325,0.0124066
N9200|10930|0.21744,N9198|11049|0.361415,0.00307701
N9200|10930|0.21744,N9202|10171|0.551825,0.00384235
N9200|10930|0.21744,N9201|6587|1.404855,0.0069407
N9200|10930|0.21744,N9203|8072|2.247232,0.0100448
N8028|7486|0.293428,N8013|7554|2.307135,0.0116199
N8028|7486|0.293428,N8031|3625|0.869058,0.00307481
N8028|7486|0.293428,N8009|14525|0.152579,0.0116001
N8028|7486|0.293428,N8038|2599|3.592852,0.0100442
N8028|7486|0.293428,N8036|14795|5.15202,0.0116216
N8028|7486|0.293428,N8034|11942|0.98519,0.00616424
N8028|7486|0.293428,N8007|9686|0.849915,0.013161
N8028|7486|0.293428,N8039|4402|0.429196,0.00693603
N8028|7486|0.293428,N8014|11541|1.407573,0.012409
N8028|7486|0.293428,N8022|12003|0.569686,0.00927365
N8028|7486|0.293428,N8008|8037|2.076879,0.0131673
N8028|7486|0.293428,N8030|1826|4.32662,0.00539339
N8028|7486|0.293428,N8020|4770|0.329201,0.0108264
N8028|7486|0.293428,N8011|6303|3.222924,0.0108196
N8028|7486|0.293428,N8012|12050|0.024109,0.0108332
N8123|9733|3.473817,N8131|8958|2.790061,0.0139693
N8123|9733|3.473817,N8129|11328|0.494628,0.0139541
N8123|9733|3.473817,N8121|6075|1.081405,0.0046195
N8123|9733|3.473817,N8124|5434|1.827055,0.00771992
N11898|12236|0.570303,N11872|13893|0.229403,0.0131844
N11898|12236|0.570303,N11862|13421|2.727201,0.014812
N11898|12236|0.570303,N11896|7098|0.209161,0.00384393
N11898|12236|0.570303,N11897|9610|0.038403,0.00307382
N11898|12236|0.570303,N11859|10707|1.084598,0.0131613
N11898|12236|0.570303,N11884|4095|1.34364,0.0124248
N11898|12236|0.570303,N11903|5159|0.285236,0.0124141
N11898|12236|0.570303,N11895|2053|3.159721,0.00850043
N11898|12236|0.570303,N11885|8742|4.861418,0.0139791
N11898|12236|0.570303,N11893|13009|1.076048,0.0147266
N11898|12236|0.570303,N11891|11355|0.511365,0.0108149
N11898|12236|0.570303,N11863|6226|0.321138,0.0123983
N11898|12236|0.570303,N11867|7533|0.320478,0.0132372
N11898|12236|0.570303,N11864|12078|0.107577,0.0100612
N11898|12236|0.570303,N11899|5125|0.206034,0.0131751
N11898|12236|0.570303,N11888|2289|1.048972,0.0123862
N11898|12236|0.570303,N11892|11963|0.741992,0.0131514
N11898|12236|0.570303,N11866|9059|0.195271,0.0108402
N11898|12236|0.570303,N11890|9921|2.525315,0.0123838
N11898|12236|0.570303,N11865|9837|0.950679,0.0132017
N12073|3385|3.152045,N12078|9343|0.596771,0.0139804
N12073|3385|3.152045,N12074|9368|0.993391,0.0116214
N12644|11855|0.121076,N12649|2098|1.034296,0.0131952
N12644|11855|0.121076,N12639|5176|2.615927,0.00854038
N12644|11855|0.121076,N12640|4172|1.084093,0.00851123
N10453|5010|3.198702,N10463|6162|0.183799,0.0116345
N10453|5010|3.198702,N10451|8351|0.152582,0.00851075
N10453|5010|3.198702,N10457|8278|1.686393,0.0116344
N10453|5010|3.198702,N10452|9184|0.524044,0.00773838
N10453|5010|3.198702,N10458|6483|1.010701,0.0108315
N10453|5010|3.198702,N10459|13491|0.273509,0.00928286
N11590|5683|3.705132,N11592|6662|0.082858,0.0147911
N11590|5683|3.705132,N11606|7388|0.162691,0.0147571
N8057|2864|1.836246,N8051|12609|3.009373,0.00773821
N8057|2864|1.836246,N8063|14653|0.561861,0.0139894
N8057|2864|1.836246,N8060|11687|1.03275,0.0108576
N8057|2864|1.836246,N8056|1751|1.722997,0.00693604
N8057|2864|1.836246,N8050|12356|0.711973,0.00694091
N8057|2864|1.836246,N8055|9040|2.978766,0.0140111
N8057|2864|1.836246,N8071|11875|3.285836,0.0132188
N8057|2864|1.836246,N8070|13705|2.384628,0.013978
N8057|2864|1.836246,N8068|9245|1.768072,0.0147671
N8954|6672|0.444382,N8947|9745|0.337258,0.013981
N8954|6672|0.444382,N8953|8503|3.426344,0.00772699
N8954|6672|0.444382,N8963|5098|2.636494,0.0092775
N8954|6672|0.444382,N8946|6380|0.862479,0.0139526
N8954|6672|0.444382,N8962|11889|1.067723,0.00927749
N8954|6672|0.444382,N8960|4831|0.445665,0.0100609
N8954|6672|0.444382,N8956|15297|1.548554,0.00927457
N8954|6672|0.444382,N8948|7351|0.152822,0.0139693
N8954|6672|0.444382,N8942|9028|0.173101,0.0116153
N8954|6672|0.444382,N8957|5722|3.760041,0.0100495
N11000|11209|1.438034,N10998|9227|1.518667,0.0132111
N11000|11209|1.438034,N11003|12986|1.769331,0.0100497
N11000|11209|1.438034,N10957|7904|0.350226,0.0131833
N11961|13104|1.409509,N11962|3096|5.201551,0.00770663
N11961|13104|1.409509,N11959|8119|0.89737,0.00307694
N11961|13104|1.409509,N11951|8255|0.548719,0.0139962
N11961|13104|1.409509,N11963|11284|0.294758,0.0023086
N8427|2620|2.793239,N8433|11853|0.993182,0.0100582
N8427|2620|2.793239,N8423|4571|0.442459,0.0108195
N8427|2620|2.793239,N8425|12091|4.347088,0.00616174
N8427|2620|2.793239,N8435|13784|0.320534,0.0147577
N8427|2620|2.793239,N8424|9554|1.692868,0.00848648
N10351|7840|0.356005,N10354|6560|1.686909,0.0132035
N10351|7840|0.356005,N10350|11191|0.820068,0.0100486
N10351|7840|0.356005,N10359|3528|0.718846,0.0139803
N10351|7840|0.356005,N10362|6018|3.823563,0.0147923
N10351|7840|0.356005,N10361|6407|0.442998,0.0148092
N11039|7995|1.695681,N11040|6855|0.068299,0.0108261
N11039|7995|1.695681,N11037|10427|1.344395,0.00230292
N11039|7995|1.695681,N11038|3655|2.842513,0.00230452
N11039|7995|1.695681,N11035|11762|2.842885,0.00384657
N11039|7995|1.695681,N11036|4167|1.631939,0.00153463
N11039|7995|1.695681,N11043|12889|1.207492,0.0123779
N11039|7995|1.695681,N11041|10839|3.014523,0.0131627
N11039|7995|1.695681,N11031|10429|0.063655,0.00925693
N11039|7995|1.695681,N11034|10822|0.322623,0.0023047
N7484|9420|0.456658,N7482|1963|3.70787,0.011616
N7484|9420|0.456658,N7478|13924|0.307543,0.0100536
N7484|9420|0.456658,N7485|6257|0.908716,0.0053964
N7484|9420|0.456658,N7490|8523|0.492729,0.00849663
N7484|9420|0.456658,N7483|6020|4.771817,0.00461973
N7484|9420|0.456658,N7489|2699|0.216451,0.00928413
N7484|9420|0.456658,N7487|8500|1.973673,0.0100581
N7484|9420|0.456658,N7480|9412|0.529801,0.0108319
N8262|14988|0.083166,N8249|8431|0.561774,0.0123902
N8262|14988|0.083166,N8252|2035|0.385452,0.0116176
N8262|14988|0.083166,N8254|11831|2.397596,0.0147475
N8262|14988|0.083166,N8260|13534|0.454751,0.00153498
N8262|14988|0.083166,N8259|6237|1.846607,0.011623
N8262|14988|0.083166,N8251|4438|0.010981,0.0116176
N8262|14988|0.083166,N8255|8516|4.621123,0.0147475
N8262|14988|0.083166,N8250|9805|2.44573,0.013183
N8262|14988|0.083166,N8258|12545|0.209232,0.0108382
N11418|2052|0.356991,N11486|3601|0.026846,0.0132198
N11418|2052|0.356991,N11457|3440|2.050117,0.0124058
N11418|2052|0.356991,N11493|6449|0.513576,0.0131749
N11418|2052|0.356991,N11461|2877|0.897368,0.0147499
N11418|2052|0.356991,N11422|9193|6.748064,0.0123691
N11418|2052|0.356991,N11481|4836|0.074316,0.0108591
N11418|2052|0.356991,N11420|5326|2.154032,0.00153692
N11418|2052|0.356991,N11436|8642|2.737344,0.0131677
N11418|2052|0.356991,N11480|4799|0.732079,0.0108591
N11418|2052|0.356991,N11476|7720|0.188723,0.0116072
N11418|2052|0.356991,N11466|6960|0.69333,0.0108248
N11418|2052|0.356991,N11439|4031|5.949013,0.0123994
N11418|2052|0.356991,N11415|14904|3.928057,0.00693937
N11418|2052|0.356991,N11472|6578|0.483504,0.0116072
N11418|2052|0.356991,N11447|15071|0.379129,0.0123917
N11418|2052|0.356991,N11469|11377|1.277083,0.0131764
N11418|2052|0.356991,N11487|10666|0.327003,0.0131651
N11418|2052|0.356991,N11471|13768|0.711381,0.0123838
N11418|2052|0.356991,N11491|6099|1.205457,0.0131676
N11418|2052|0.356991,N11452|2698|0.399768,0.0131763
N11418|2052|0.356991,N11416|9551|0.424175,0.00384625
N11418|2052|0.356991,N11417|2611|2.032126,0.00153499
N7924|2809|0.852026,N7930|9325|1.129762,0.00926074
N7924|2809|0.852026,N7947|7971|3.261738,0.0147393
N7924|2809|0.852026,N7941|13715|0.321718,0.0123777
N7924|2809|0.852026,N7939|7625|0.365152,0.0108257
N7924|2809|0.852026,N7931|6344|1.385912,0.0139728
N7924|2809|0.852026,N7909|4014|2.262508,0.0139609
N7924|2809|0.852026,N7938|14556|0.459662,0.0108521
N7924|2809|0.852026,N7927|5735|0.647394,0.013961
N7924|2809|0.852026,N7929|8368|0.436093,0.00770624
N11994|6450|2.415328,N11992|4604|5.470953,0.0139931
N9208|1641|4.329135,N9212|11276|1.009717,0.00693617
N9208|1641|4.329135,N9209|13816|0.419325,0.00849049
N9208|1641|4.329135,N9210|10732|1.319301,0.0116141
N11956|6480|9.168637,N11951|8255|0.548719,0.0108331
N11956|6480|9.168637,N11953|9752|0.750454,0.0100442
N7756|11607|0.55522,N7750|11450|2.280366,0.0147715
N7756|11607|0.55522,N7758|2042|7.009879,0.0131937
N7756|11607|0.55522,N7757|7790|1.410712,0.0023045
N9287|9703|0.073153,N9288|10146|1.418127,0.0100441
N9423|6527|0.148587,N9398|2413|1.127416,0.01007
N9423|6527|0.148587,N9394|7196|2.769976,0.0132186
N9423|6527|0.148587,N9416|3982|2.127591,0.00616954
N9423|6527|0.148587,N9359|13859|0.138749,0.0132168
N9423|6527|0.148587,N9429|6293|0.044463,0.00462624
N9423|6527|0.148587,N9368|5528|1.847757,0.0140119
N9423|6527|0.148587,N9419|8042|1.209773,0.00772733
N9423|6527|0.148587,N9432|6316|2.40081,0.011608
N9423|6527|0.148587,N9420|3100|3.388402,0.00850095
N9423|6527|0.148587,N9412|4282|7.581246,0.0139796
N9423|6527|0.148587,N9413|7854|2.302913,0.00850094
N9423|6527|0.148587,N9370|6191|0.044663,0.0132352
N9423|6527|0.148587,N9411|12961|0.776325,0.00929631
N9423|6527|0.148587,N9414|3729|3.038117,0.00851069
N9423|6527|0.148587,N9405|11433|2.621768,0.0116255
N9423|6527|0.148587,N9433|9770|1.952284,0.0124158
N9423|6527|0.148587,N9426|2312|2.112556,0.0092755
N9423|6527|0.148587,N9417|14062|0.337818,0.00539343
N9423|6527|0.148587,N9425|10731|0.354384,0.00384781
N9423|6527|0.148587,N9358|15303|1.043357,0.0139959
N9423|6527|0.148587,N9399|10757|3.06532,0.011649
N9423|6527|0.148587,N9404|11969|0.138192,0.00773185
N9423|6527|0.148587,N9410|13851|2.199643,0.0116481
N9593|10073|1.9401,N9592|3731|1.555093,0.00384393
N11111|9019|1.047778,N11151|1794|2.061064,0.0139804
N11111|9019|1.047778,N11102|10199|0.727087,0.0100643
N11111|9019|1.047778,N11143|8334|1.175301,0.0131842
N11111|9019|1.047778,N11123|11876|0.935761,0.0140551
N11111|9019|1.047778,N11140|13489|0.899006,0.0147635
N11111|9019|1.047778,N11109|4048|0.697151,0.0100567
N11111|9019|1.047778,N11125|15318|0.689442,0.01481
N11111|9019|1.047778,N11113|10029|0.854518,0.00538996
N11111|9019|1.047778,N11106|12769|0.259315,0.0124277
N11111|9019|1.047778,N11118|3441|0.266943,0.0092775
N11111|9019|1.047778,N11119|6343|0.137069,0.0108401
N11111|9019|1.047778,N11101|7070|0.946171,0.0124016
N11111|9019|1.047778,N11137|13604|0.261169,0.0147633
N11111|9019|1.047778,N11148|2051|2.162953,0.0147635
N11111|9019|1.047778,N11134|12224|0.192977,0.0147633
N11111|9019|1.047778,N11108|5884|0.77288,0.0100567
N11111|9019|1.047778,N11097|12564|1.398948,0.00849644
N11872|13893|0.229403,N11862|13421|2.727201,0.0140571
N11872|13893|0.229403,N11896|7098|0.209161,0.0124078
N11872|13893|0.229403,N11897|9610|0.038403,0.0116219
N11872|13893|0.229403,N11859|10707|1.084598,0.0147351
N11872|13893|0.229403,N11903|5159|0.285236,0.0132045
N11872|13893|0.229403,N11891|11355|0.511365,0.0147315
N11872|13893|0.229403,N11863|6226|0.321138,0.014751
N11872|13893|0.229403,N11864|12078|0.107577,0.0139862
N11872|13893|0.229403,N11888|2289|1.048972,0.014735
N11872|13893|0.229403,N11875|14773|3.009597,0.0124019
N11872|13893|0.229403,N11866|9059|0.195271,0.0147707
N7751|3880|3.444614,N7750|11450|2.280366,0.00771319
N7751|3880|3.444614,N7749|7183|5.648376,0.0139607
N8271|14464|0.211769,N8288|9960|1.501892,0.0147733
N8271|14464|0.211769,N8278|12996|0.77561,0.0116007
N8271|14464|0.211769,N8294|7565|3.15105,0.0124241
N8271|14464|0.211769,N8295|11083|0.439892,0.0124131
N8271|14464|0.211769,N8274|11759|1.247002,0.0124131
N8271|14464|0.211769,N8265|2171|0.945225,0.0116294
N8271|14464|0.211769,N8269|4029|0.03278,0.00616426
N8271|14464|0.211769,N8272|10761|0.822104,0.0100526
N8271|14464|0.211769,N8281|15228|0.040968,0.0123913
N8271|14464|0.211769,N8280|5972|1.604295,0.0116041
N8271|14464|0.211769,N8289|1508|1.847277,0.0147576
N8271|14464|0.211769,N8266|9494|2.242049,0.011623
N11120|2362|5.807453,N11118|3441|0.266943,0.00929621
N11120|2362|5.807453,N11119|6343|0.137069,0.00773959
N9904|10996|2.548829,N9906|11546|0.788039,0.012394
N9904|10996|2.548829,N9905|5798|3.618703,0.00926074
N9298|13149|1.529549,N9294|15120|0.75094,0.0147317
N13000|10768|0.660106,N12995|3030|0.832701,0.0123912
N13000|10768|0.660106,N12978|8669|5.795832,0.0147578
N13000|10768|0.660106,N12985|2038|1.072247,0.0147312
N13000|10768|0.660106,N12988|5294|0.324096,0.0147392
N13000|10768|0.660106,N12998|8221|0.848825,0.0139524
N13000|10768|0.660106,N12996|11426|0.862639,0.0139608
N13000|10768|0.660106,N12987|13617|0.236659,0.0131683
N13000|10768|0.660106,N12992|10856|1.925319,0.0131675
N13000|10768|0.660106,N12986|8658|4.09695,0.0139606
N13000|10768|0.660106,N12977|12673|1.17305,0.0108262
N12766|9118|1.357847,N12770|5861|0.616059,0.0123989
N12766|9118|1.357847,N12769|13527|0.825958,0.0116149
N12766|9118|1.357847,N12765|5223|0.290977,0.00926998
N11692|14817|1.040448,N11708|12521|1.374714,0.0132201
N11692|14817|1.040448,N11694|5840|1.604683,0.00849298
N11692|14817|1.040448,N11697|12251|0.022806,0.0131755
N11692|14817|1.040448,N11695|10676|1.05039,0.0139789
N11692|14817|1.040448,N11702|14744|0.617456,0.010093
N11692|14817|1.040448,N11707|13696|2.522154,0.0147912
N11692|14817|1.040448,N11699|8260|0.716946,0.0116095
N11692|14817|1.040448,N11696|6974|3.630097,0.0108338
N11692|14817|1.040448,N11714|12412|4.098774,0.013995
N11692|14817|1.040448,N11711|5342|0.529197,0.0123983
N10102|14724|0.779106,N10100|3225|2.171659,0.0123964
N10102|14724|0.779106,N10101|3747|0.345259,0.00307392
N10102|14724|0.779106,N10099|1569|1.25766,0.0131572
N10102|14724|0.779106,N10103|2385|4.029989,0.0069362
N8160|1869|0.101705,N8135|9281|0.296473,0.0131716
N8160|1869|0.101705,N8164|13913|2.676586,0.0116112
N8160|1869|0.101705,N8166|3733|1.199072,0.0131751
N8160|1869|0.101705,N8146|6310|1.682245,0.0139527
N8160|1869|0.101705,N8167|9413|2.896965,0.0123917
N8160|1869|0.101705,N8147|6853|1.322031,0.0123978
N8160|1869|0.101705,N8137|12331|1.746135,0.0131595
N8160|1869|0.101705,N8136|9622|3.642271,0.0131595
N8160|1869|0.101705,N8168|6876|0.395138,0.0116112
N8160|1869|0.101705,N8161|5815|2.657205,0.0131967
N8160|1869|0.101705,N8148|6205|0.019809,0.0123837
N8160|1869|0.101705,N8149|3784|0.221216,0.0131677
N8160|1869|0.101705,N8139|6836|1.288953,0.0116218
N8160|1869|0.101705,N8170|12462|1.287377,0.0100449
N8160|1869|0.101705,N8155|8047|3.74703,0.0139563
N8160|1869|0.101705,N8154|11693|1.349062,0.0100444
N8160|1869|0.101705,N8159|14322|1.114167,0.00616537
N8160|1869|0.101705,N8156|9303|2.047012,0.00693613
N8160|1869|0.101705,N8163|5056|0.324114,0.0100516
N9548|7991|5.5698,N9553|9058|1.067382,0.0139557
N9548|7991|5.5698,N9533|4010|0.908495,0.0131591
N9548|7991|5.5698,N9525|10317|1.701035,0.0131684
N9548|7991|5.5698,N9552|6778|1.175407,0.0139671
N9548|7991|5.5698,N9547|8895|1.918115,0.00771731
N9548|7991|5.5698,N9546|9791|1.415917,0.00849029
N9548|7991|5.5698,N9555|11655|0.457878,0.0147396
N9548|7991|5.5698,N9541|9315|2.046275,0.0147391
N9548|7991|5.5698,N9542|13337|0.791992,0.0100418
N9548|7991|5.5698,N9491|12440|0.015674,0.0147878
N9548|7991|5.5698,N9486|1956|0.766508,0.0147521
N9548|7991|5.5698,N9549|15218|1.855956,0.00771971
N9912|12936|1.278866,N9906|11546|0.788039,0.0115958
N9912|12936|1.278866,N9914|6120|1.693656,0.0123914
N9912|12936|1.278866,N9907|6221|0.798311,0.0147494
N9912|12936|1.278866,N9921|4858|2.028594,0.0147423
N8173|12513|1.810112,N8224|7304|1.312538,0.0124066
N8173|12513|1.810112,N8176|6430|0.414331,0.0100515
N8173|12513|1.810112,N8172|14128|2.184422,0.00461956
N8173|12513|1.810112,N8214|11238|0.781893,0.0131624
N8173|12513|1.810112,N8188|1643|3.838888,0.00849299
N8173|12513|1.810112,N8186|2195|0.728828,0.0100528
N8173|12513|1.810112,N8194|3761|1.134226,0.0116152
N8173|12513|1.810112,N8219|11882|3.212392,0.0115967
N8173|12513|1.810112,N8231|2022|0.183436,0.0092964
N8173|12513|1.810112,N8196|14222|0.462218,0.0147403
N8173|12513|1.810112,N8226|13829|0.208442,0.0100632
N8173|12513|1.810112,N8220|1458|2.639699,0.0139467
N8173|12513|1.810112,N8180|1655|1.115515,0.0131687
N8173|12513|1.810112,N8228|7326|1.080997,0.01242
N8173|12513|1.810112,N8189|11388|1.488916,0.00926064
N8173|12513|1.810112,N8205|11108|3.60963,0.0124098
N8173|12513|1.810112,N8204|8732|5.697496,0.0123873
N8173|12513|1.810112,N8179|5845|2.87042,0.0139671
N8173|12513|1.810112,N8217|2681|1.841336,0.0147456
N8173|12513|1.810112,N8178|6829|5.024306,0.0139637
N8173|12513|1.810112,N8230|11367|1.090861,0.00773826
N8173|12513|1.810112,N8200|14143|0.460304,0.0108203
N8173|12513|1.810112,N8223|15199|0.150591,0.0100566
N8173|12513|1.810112,N8206|5109|0.82291,0.0108585
N8173|12513|1.810112,N8174|6184|1.425553,0.0147428
N8173|12513|1.810112,N8229|12704|0.376581,0.0108422
N8173|12513|1.810112,N8203|11050|0.018259,0.00849269
N11445|11056|1.106621,N11457|3440|2.050117,0.0139696
N11445|11056|1.106621,N11436|8642|2.737344,0.0147457
N11445|11056|1.106621,N11444|2905|0.625784,0.00461374
N11445|11056|1.106621,N11466|6960|0.69333,0.0147588
N11445|11056|1.106621,N11439|4031|5.949013,0.0139728
N11445|11056|1.106621,N11447|15071|0.379129,0.0123981
N11445|11056|1.106621,N11452|2698|0.399768,0.0147507
N10047|3647|2.358655,N10051|2045|4.253187,0.0147675
N10047|3647|2.358655,N10024|11221|2.732505,0.0147583
N7308|10578|0.858453,N7307|9776|0.223853,0.0147499
N7308|10578|0.858453,N7315|11457|0.474614,0.013175
N7308|10578|0.858453,N7312|7002|1.104188,0.013953
N7308|10578|0.858453,N7305|3486|3.35662,0.0124241
N7308|10578|0.858453,N7306|10154|2.456726,0.0147395
N9590|11555|0.798512,N9588|8306|10.778101,0.0140153
N8677|12968|0.654041,N8666|13078|0.559671,0.0139793
N8677|12968|0.654041,N8674|9719|0.296966,0.00694758
N8677|12968|0.654041,N8672|2210|0.469018,0.0139896
N8677|12968|0.654041,N8673|13767|0.155844,0.0131951
N8677|12968|0.654041,N8675|12520|4.641865,0.0108419
N8677|12968|0.654041,N8678|10511|0.772648,0.00771978
N7930|9325|1.129762,N7935|2256|2.732472,0.0124187
N7930|9325|1.129762,N7939|7625|0.365152,0.00771099
N7930|9325|1.129762,N7931|6344|1.385912,0.0108382
N7930|9325|1.129762,N7938|14556|0.459662,0.00772779
N7930|9325|1.129762,N7934|4849|4.14871,0.013183
N7930|9325|1.129762,N7929|8368|0.436093,0.00307172
N7763|9827|0.177423,N7750|11450|2.280366,0.0147582
N7763|9827|0.177423,N7785|2154|0.041507,0.0139653
N7763|9827|0.177423,N7771|12711|0.814686,0.00772359
N7763|9827|0.177423,N7776|6843|0.069426,0.00617509
N7763|9827|0.177423,N7775|13589|2.24303,0.00771976
N7763|9827|0.177423,N7770|9091|0.91185,0.0108504
N7763|9827|0.177423,N7762|5234|0.684786,0.00307296
N7763|9827|0.177423,N7761|15153|1.102326,0.00076736
N7763|9827|0.177423,N7774|9310|0.070145,0.00462617
N12758|8468|1.311158,N12759|12675|0.102362,0.0100447
N12758|8468|1.311158,N12751|14883|0.545789,0.0116152
N12758|8468|1.311158,N12756|2309|1.276595,0.00538487
N12758|8468|1.311158,N12755|12020|0.149553,0.00461395
N12758|8468|1.311158,N12803|2064|0.265817,0.0147401
N12758|8468|1.311158,N12805|7599|5.251764,0.0139466
N12758|8468|1.311158,N12769|13527|0.825958,0.0147391
N12758|8468|1.311158,N12754|12915|1.230618,0.00693896
N12758|8468|1.311158,N12797|2791|0.77827,0.0139608
N12758|8468|1.311158,N12747|10085|0.02083,0.0108313
N12758|8468|1.311158,N12763|9214|0.250753,0.00927369
N12758|8468|1.311158,N12794|1915|0.264954,0.0147399
N12758|8468|1.311158,N12748|6117|1.604552,0.0139528
N12758|8468|1.311158,N12762|13412|1.090735,0.0139394
N9314|12722|3.282221,N9317|2700|0.779916,0.00771857
N9314|12722|3.282221,N9326|7552|0.69364,0.012394
N9314|12722|3.282221,N9315|14193|0.052861,0.00462386
N9314|12722|3.282221,N9318|10710|0.589619,0.00771795
N9314|12722|3.282221,N9325|4983|1.773833,0.0139527
N9314|12722|3.282221,N9324|10213|1.234839,0.0147399
N9759|1568|1.925195,N9750|15005|0.111728,0.00308244
N9759|1568|1.925195,N9754|11347|0.337691,0.00539828
N9759|1568|1.925195,N9762|11905|0.538031,0.0046196
N9759|1568|1.925195,N9764|15391|0.503316,0.00384786
N9759|1568|1.925195,N9763|10952|4.892968,0.010848
N9759|1568|1.925195,N9755|10766|2.735048,0.00694075
N9759|1568|1.925195,N9753|11007|1.439481,0.00539182
N9759|1568|1.925195,N9749|4008|1.232941,0.0100695
N9759|1568|1.925195,N9756|14594|0.546742,0.00461956
N11703|11432|3.614964,N11704|4938|0.136408,0.010049
N9544|13439|3.712045,N9541|9315|2.046275,0.0139527
N9544|13439|3.712045,N9542|13337|0.791992,0.00925934
N12141|15197|0.244514,N12136|2142|2.842008,0.0108381
N12141|15197|0.244514,N12134|8999|1.239384,0.00926962
N12141|15197|0.244514,N12142|11873|0.070284,0.0030762
N12141|15197|0.244514,N12137|7572|4.235254,0.0116339
N12141|15197|0.244514,N12139|3882|0.80361,0.00617358
N12141|15197|0.244514,N12140|2962|4.443683,0.00926993
N7436|15309|1.420543,N7431|14762|1.952458,0.00771982
N7436|15309|1.420543,N7447|9983|3.052163,0.0139395
N7436|15309|1.420543,N7434|10144|1.746306,0.0100565
N7436|15309|1.420543,N7435|11263|1.127679,0.0108314
N7436|15309|1.420543,N7454|2711|0.057998,0.0139466
N7436|15309|1.420543,N7450|4514|0.348837,0.0131624
N7436|15309|1.420543,N7440|4221|1.427708,0.0147438
N7436|15309|1.420543,N7451|13616|0.92384,0.0139356
N7436|15309|1.420543,N7439|8645|0.933322,0.0139543
N7436|15309|1.420543,N7433|9755|0.21913,0.00849625
N7436|15309|1.420543,N7453|14226|3.199795,0.0147248
N7436|15309|1.420543,N7445|3439|0.825649,0.0123792
N11937|2822|2.502224,N11927|6594|5.927884,0.0116072
N11937|2822|2.502224,N11928|9652|0.075206,0.0100568
N7829|7474|0.01916,N7830|15131|1.945989,0.0116069
N7829|7474|0.01916,N7785|2154|0.041507,0.0148094
N7829|7474|0.01916,N7822|9360|0.510657,0.00772832
N7829|7474|0.01916,N7818|6911|2.305082,0.0131838
N7829|7474|0.01916,N7826|10571|1.21748,0.00385009
N7829|7474|0.01916,N7831|7277|0.377138,0.011634
N7829|7474|0.01916,N7811|13428|1.645986,0.0124086
N7829|7474|0.01916,N7819|13882|1.436249,0.00850089
N7829|7474|0.01916,N7814|5279|0.380088,0.00616722
N7829|7474|0.01916,N7832|9416|0.759916,0.0100486
N7829|7474|0.01916,N7813|11090|0.345574,0.0100514
N7829|7474|0.01916,N7823|5888|2.112182,0.0132033
N7829|7474|0.01916,N7825|10194|4.905259,0.00928264
N8349|5573|0.240558,N8348|2492|0.545785,0.00307339
N8349|5573|0.240558,N8350|11689|1.066414,0.00538591
N8349|5573|0.240558,N8346|10358|0.231302,0.00230596
N8349|5573|0.240558,N8352|5699|1.278721,0.00926425
N8349|5573|0.240558,N8347|5005|4.874808,0.0131965
N9976|12396|0.590608,N9975|12389|1.655042,0.0038465
N8396|11293|1.909803,N8401|2796|0.289618,0.0139937
N12213|4929|0.390589,N12211|6084|0.906035,0.00928675
N8288|9960|1.501892,N8278|12996|0.77561,0.013964
N8288|9960|1.501892,N8294|7565|3.15105,0.0101033
N8288|9960|1.501892,N8287|3791|6.88409,0.00694615
N8288|9960|1.501892,N8295|11083|0.439892,0.0100841
N8288|9960|1.501892,N8274|11759|1.247002,0.0132585
N8288|9960|1.501892,N8286|9640|2.704707,0.0139721
N8288|9960|1.501892,N8292|6296|4.341422,0.0139959
N8288|9960|1.501892,N8272|10761|0.822104,0.0108445
N8288|9960|1.501892,N8281|15228|0.040968,0.0147715
N8288|9960|1.501892,N8280|5972|1.604295,0.0139556
N8288|9960|1.501892,N8289|1508|1.847277,0.0124099
N8288|9960|1.501892,N8266|9494|2.242049,0.0124242
N8288|9960|1.501892,N8285|13409|1.135024,0.013219
N9650|11991|6.101961,N9647|5456|0.710808,0.0140149
N9650|11991|6.101961,N9649|12671|0.640512,0.0108618
N9650|11991|6.101961,N9648|3195|1.423632,0.0124467
N11368|5646|1.05269,N11378|12634|1.329419,0.00771989
N11368|5646|1.05269,N11388|9433|0.079396,0.0124088
N11368|5646|1.05269,N11367|6891|0.732076,0.00616733
N11368|5646|1.05269,N11365|7096|0.63038,0.0100444
N11368|5646|1.05269,N11363|15066|0.637353,0.00926657
N11368|5646|1.05269,N11371|5903|1.512719,0.00617524
N11368|5646|1.05269,N11373|7146|0.687377,0.00616733
N11368|5646|1.05269,N11366|6591|5.541124,0.00926439
N11368|5646|1.05269,N11358|3722|2.637675,0.0131924
N11368|5646|1.05269,N11375|8477|0.703535,0.00850102
N11368|5646|1.05269,N11384|2281|1.186815,0.00849156
N11368|5646|1.05269,N11361|9367|0.658486,0.0100516
N7892|5284|0.242648,N7903|7046|0.315072,0.0116069
N7892|5284|0.242648,N7896|14707|2.438178,0.0100515
N7892|5284|0.242648,N7908|9183|1.010926,0.0131746
N7892|5284|0.242648,N7897|2553|0.357643,0.0139541
N7892|5284|0.242648,N7905|2277|0.003783,0.010828
N7892|5284|0.242648,N7893|4502|1.144069,0.0108202
N7892|5284|0.242648,N7894|14382|1.644205,0.0100359
N7892|5284|0.242648,N7889|13786|0.421545,0.00771844
N7892|5284|0.242648,N7901|1404|0.044159,0.0116069
N12098|13700|0.200803,N12111|12857|0.124219,0.010854
N12098|13700|0.200803,N12095|6280|0.840689,0.00307616
N12098|13700|0.200803,N12109|6386|1.485353,0.0147694
N12098|13700|0.200803,N12101|8940|3.365213,0.00462032
N12098|13700|0.200803,N12112|3911|1.050978,0.0092865
N12098|13700|0.200803,N12096|4098|1.821324,0.0030748
N12098|13700|0.200803,N12100|7949|2.361964,0.00694756
N12098|13700|0.200803,N12110|11218|0.923665,0.00850171
N10833|11188|0.880592,N10839|7722|0.251771,0.00928249
N10833|11188|0.880592,N10837|4246|0.026761,0.00540204
N10833|11188|0.880592,N10840|8790|1.649109,0.0116068
N10833|11188|0.880592,N10844|10976|2.862646,0.013969
N10833|11188|0.880592,N10838|8147|1.139579,0.0124072
N10833|11188|0.880592,N10835|1635|1.232712,0.0030783
N10833|11188|0.880592,N10834|12219|2.173906,0.00231093
N8278|12996|0.77561,N8294|7565|3.15105,0.0116197
N8278|12996|0.77561,N8295|11083|0.439892,0.010833
N8278|12996|0.77561,N8274|11759|1.247002,0.0116108
N8278|12996|0.77561,N8269|4029|0.03278,0.0147502
N8278|12996|0.77561,N8272|10761|0.822104,0.0092658
N8278|12996|0.77561,N8281|15228|0.040968,0.0115958
N8278|12996|0.77561,N8280|5972|1.604295,0.00153498
N8278|12996|0.77561,N8289|1508|1.847277,0.0139525
N8278|12996|0.77561,N8266|9494|2.242049,0.0123902
N8456|9814|0.522372,N8455|15058|2.709482,0.00694539
N8456|9814|0.522372,N8433|11853|0.993182,0.0139796
N8456|9814|0.522372,N8425|12091|4.347088,0.014756
N8456|9814|0.522372,N8462|1940|0.260636,0.00695625
N8456|9814|0.522372,N8451|1803|4.723301,0.0038501
N8456|9814|0.522372,N8424|9554|1.692868,0.0139635
N8456|9814|0.522372,N8460|14148|1.728008,0.00617777
N8456|9814|0.522372,N8459|13625|6.312552,0.01007
N8456|9814|0.522372,N8452|11623|1.6017,0.00307621
N8456|9814|0.522372,N8453|3056|0.990996,0.00616175
N8456|9814|0.522372,N8461|4708|0.70719,0.00462803
N9992|11052|0.675775,N9985|13714|0.207087,0.0116138
N9992|11052|0.675775,N9994|3985|0.298694,0.00926982
N9992|11052|0.675775,N9982|6452|0.30047,0.011623
N9992|11052|0.675775,N9979|13090|1.524267,0.0108399
N9992|11052|0.675775,N9995|11169|0.095018,0.0139673
N9992|11052|0.675775,N9996|9280|2.587202,0.0139782
N9992|11052|0.675775,N9980|6926|0.811684,0.0116217
N9992|11052|0.675775,N9990|8796|0.29883,0.00462815
N9992|11052|0.675775,N9986|3239|0.136725,0.0100515
N9992|11052|0.675775,N9989|12587|5.539199,0.00849162
N9992|11052|0.675775,N9991|3356|4.003899,0.00850016
N9992|11052|0.675775,N9998|13481|1.227033,0.0147475
N9468|13363|1.827368,N9475|2667|0.359735,0.00153462
N9468|13363|1.827368,N9474|9017|1.451983,0.00616164
N9468|13363|1.827368,N9464|5466|2.500258,0.0100577
N9468|13363|1.827368,N9463|10192|2.595043,0.0131608
N9468|13363|1.827368,N9469|8841|0.631808,0.00772816
N9468|13363|1.827368,N9472|2578|0.263727,0.00616163
N9468|13363|1.827368,N9461|6816|1.325411,0.00850101
N9468|13363|1.827368,N9465|7044|0.718834,0.00384231
N9468|13363|1.827368,N9476|7780|0.27861,0.00307337
N7741|11769|2.285557,N7739|13418|0.005701,0.0131839
N7741|11769|2.285557,N7743|9731|0.299603,0.00539839
N7741|11769|2.285557,N7744|5316|4.996405,0.0148053
N7947|7971|3.261738,N7944|13072|2.551932,0.0147735
N7947|7971|3.261738,N7941|13715|0.321718,0.0100501
N7947|7971|3.261738,N7946|8602|0.632918,0.0132167
N7947|7971|3.261738,N7949|2592|2.436013,0.00849646
N7947|7971|3.261738,N7948|3208|2.491316,0.0100631
N7947|7971|3.261738,N7951|13066|0.564577,0.0147474
N9750|15005|0.111728,N9754|11347|0.337691,0.00230279
N9750|15005|0.111728,N9762|11905|0.538031,0.00461961
N9750|15005|0.111728,N9764|15391|0.503316,0.00384786
N9750|15005|0.111728,N9763|10952|4.892968,0.0108481
N9750|15005|0.111728,N9755|10766|2.735048,0.00694076
N9750|15005|0.111728,N9753|11007|1.439481,0.00230289
N9750|15005|0.111728,N9749|4008|1.232941,0.0100696
N9750|15005|0.111728,N9756|14594|0.546742,0.00461956
N9715|2308|3.947555,N9727|2654|0.637465,0.0147496
N8073|3128|0.364227,N8088|10928|0.056422,0.0108453
N8073|3128|0.364227,N8093|5261|3.066135,0.0116071
N8073|3128|0.364227,N8083|9553|1.485977,0.0116026
N8073|3128|0.364227,N8095|5237|1.987944,0.0147497
N8073|3128|0.364227,N8091|6232|0.813067,0.0108169
N8073|3128|0.364227,N8090|5485|0.952618,0.0131902
N8073|3128|0.364227,N8087|13268|0.069492,0.00927458
N8073|3128|0.364227,N8075|9102|0.980192,0.0053907
N8073|3128|0.364227,N8089|12579|1.42331,0.0116111
N8073|3128|0.364227,N8084|15213|0.362241,0.0131572
N8073|3128|0.364227,N8077|7225|1.930592,0.00384394
N8073|3128|0.364227,N8082|8867|2.053827,0.0084866
N8073|3128|0.364227,N8072|3618|3.874166,0.00771096
N8073|3128|0.364227,N8115|7316|3.675933,0.013961
N8073|3128|0.364227,N8079|7241|5.15054,0.0139649
N8073|3128|0.364227,N8092|9654|0.063226,0.0108267
N9091|13968|0.501484,N9077|2409|0.356179,0.0123859
N9091|13968|0.501484,N9081|8706|1.386561,0.0123875
N9091|13968|0.501484,N9072|4235|1.055492,0.00926657
N9091|13968|0.501484,N9082|6397|0.367536,0.0108333
N9091|13968|0.501484,N9086|13394|0.878173,0.0100497
N9091|13968|0.501484,N9063|14968|3.46223,0.0147507
N9091|13968|0.501484,N9060|5017|1.651897,0.0116025
N9091|13968|0.501484,N9079|12702|0.242011,0.0131863
N9091|13968|0.501484,N9093|4904|4.408737,0.00851181
N9091|13968|0.501484,N9070|12994|1.368415,0.0123903
N9091|13968|0.501484,N9066|8542|2.20717,0.012424
N9091|13968|0.501484,N9059|3952|0.117079,0.0100489
N9091|13968|0.501484,N9090|5865|0.111667,0.00616177
N9091|13968|0.501484,N9069|8647|2.490183,0.0123941
N9091|13968|0.501484,N9075|13959|2.641422,0.0131764
N9091|13968|0.501484,N9058|3054|0.871612,0.0131649
N9091|13968|0.501484,N9074|12197|2.750243,0.0139458
N9262|6125|2.291039,N9265|6867|2.063789,0.0100581
N9262|6125|2.291039,N9267|10389|2.109554,0.0139962
N9262|6125|2.291039,N9266|13703|1.254768,0.0100582
N9262|6125|2.291039,N9263|4414|1.894238,0.0092737
N9262|6125|2.291039,N9264|5275|1.087171,0.00926418
N8787|10157|1.497753,N8782|2387|1.370877,0.0100612
N8787|10157|1.497753,N8785|10466|1.038498,0.0108386
N8787|10157|1.497753,N8779|10442|0.344821,0.00928798
N8787|10157|1.497753,N8786|14179|0.213573,0.00538994
N8787|10157|1.497753,N8783|12045|0.175354,0.00927506
N9735|12774|3.55185,N9722|11084|0.167069,0.0147313
N9735|12774|3.55185,N9736|4880|0.301087,0.00848235
N9735|12774|3.55185,N9733|11666|0.117101,0.00848235
N10122|2041|0.602855,N10107|7721|1.979724,0.0139698
N10122|2041|0.602855,N10104|2840|1.02207,0.0131749
N10122|2041|0.602855,N10124|12667|2.251802,0.0046196
N10122|2041|0.602855,N10123|12223|5.110259,0.0108324
N10122|2041|0.602855,N10065|8060|1.039306,0.0132035
N10122|2041|0.602855,N10111|11577|0.639357,0.012416
N10122|2041|0.602855,N10094|7322|3.27339,0.00927034
N10122|2041|0.602855,N10096|4634|3.033585,0.00927037
N10122|2041|0.602855,N10126|7006|1.472433,0.00616964
N10122|2041|0.602855,N10113|13294|0.443123,0.0139962
N10122|2041|0.602855,N10127|9599|0.325855,0.0092699
N10122|2041|0.602855,N10121|9339|3.613094,0.0100608
N10122|2041|0.602855,N10083|10662|0.54533,0.0147802
N10122|2041|0.602855,N10119|10803|0.316622,0.0124077
N10122|2041|0.602855,N10105|6840|2.06747,0.0108325
N10122|2041|0.602855,N10061|3384|0.179959,0.0108506
N10122|2041|0.602855,N10110|10994|0.926104,0.0132088
N10122|2041|0.602855,N10076|15281|0.628564,0.0147859
N10122|2041|0.602855,N10057|13681|0.686815,0.0131956
N9493|8379|0.638868,N9504|4699|0.169281,0.00925682
N9493|8379|0.638868,N9553|9058|1.067382,0.013176
N9493|8379|0.638868,N9481|6058|1.683084,0.0108382
N9493|8379|0.638868,N9490|3199|3.288106,0.00926423
N9493|8379|0.638868,N9533|4010|0.908495,0.013992
N9493|8379|0.638868,N9528|13892|0.78229,0.0147872
N9493|8379|0.638868,N9510|12778|1.414192,0.0131675
N9493|8379|0.638868,N9525|10317|1.701035,0.00928569
N9493|8379|0.638868,N9519|3083|0.502026,0.0147399
N9493|8379|0.638868,N9482|2701|0.778378,0.0124362
N9493|8379|0.638868,N9492|8720|1.571976,0.00384751
N9493|8379|0.638868,N9502|12775|0.091182,0.00771097
N9493|8379|0.638868,N9495|7893|0.163381,0.00693763
N9493|8379|0.638868,N9552|6778|1.175407,0.0131829
N9493|8379|0.638868,N9513|10514|1.389128,0.0139471
N9493|8379|0.638868,N9500|2227|1.218307,0.00927601
N9493|8379|0.638868,N9501|12957|4.881441,0.0139653
N9493|8379|0.638868,N9503|4006|0.215152,0.00848234
N9493|8379|0.638868,N9555|11655|0.457878,0.013176
N9493|8379|0.638868,N9541|9315|2.046275,0.0147397
N9493|8379|0.638868,N9557|3452|1.915897,0.0147436
N9493|8379|0.638868,N9542|13337|0.791992,0.0108385
N9493|8379|0.638868,N9491|12440|0.015674,0.001535
N9493|8379|0.638868,N9511|4037|0.11695,0.00693323
N9493|8379|0.638868,N9539|6002|0.511961,0.0147862
N9493|8379|0.638868,N9484|8231|2.243047,0.0116261
N9493|8379|0.638868,N9508|3512|0.122202,0.00770577
N9493|8379|0.638868,N9486|1956|0.766508,0.0124558
N9493|8379|0.638868,N9507|10649|0.049628,0.00693058
N9493|8379|0.638868,N9549|15218|1.855956,0.0147872
N7311|9620|3.147471,N7315|11457|0.474614,0.0053849
N7311|9620|3.147471,N7312|7002|1.104188,0.00307484
N7311|9620|3.147471,N7313|7438|3.192167,0.0108121
N11708|12521|1.374714,N11697|12251|0.022806,0.0147571
N11708|12521|1.374714,N11661|1883|0.916116,0.0132365
N11708|12521|1.374714,N11702|14744|0.617456,0.0124434
N11708|12521|1.374714,N11707|13696|2.522154,0.0054048
N11708|12521|1.374714,N11699|8260|0.716946,0.0139678
N11708|12521|1.374714,N11696|6974|3.630097,0.0131873
N11708|12521|1.374714,N11705|2251|3.628118,0.011622
N11708|12521|1.374714,N11704|4938|0.136408,0.0116113
N11708|12521|1.374714,N11714|12412|4.098774,0.0116349
N11708|12521|1.374714,N11711|5342|0.529197,0.0100518
N7642|1552|0.299216,N7646|5786|0.234901,0.00849631
N7642|1552|0.299216,N7645|6102|4.01042,0.013176
N7642|1552|0.299216,N7640|6166|5.066258,0.00384651
N7642|1552|0.299216,N7647|13933|0.193721,0.00927807
N7642|1552|0.299216,N7638|8873|0.944734,0.00617495
N7642|1552|0.299216,N7644|8904|0.512647,0.00230452
N12712|13828|0.877862,N12714|10751|1.147907,0.0115967
N12712|13828|0.877862,N12713|9021|0.783928,0.0108196
N8882|3174|1.080582,N8881|1595|0.314009,0.00616435
N8882|3174|1.080582,N8880|14300|0.327453,0.00694103
N8882|3174|1.080582,N8876|4101|0.779135,0.0139696
N9716|11708|2.376221,N9726|8488|0.687493,0.0100418
N9716|11708|2.376221,N9744|11153|1.514729,0.0123875
N9716|11708|2.376221,N9731|10819|0.095892,0.0131878
N9716|11708|2.376221,N9722|11084|0.167069,0.00926567
N9716|11708|2.376221,N9748|7503|0.077164,0.00925684
N9716|11708|2.376221,N9742|1593|1.843405,0.0108239
N9716|11708|2.376221,N9736|4880|0.301087,0.0108169
N9716|11708|2.376221,N9728|15310|0.085393,0.0100348
N9716|11708|2.376221,N9713|11770|0.47842,0.0123778
N9716|11708|2.376221,N9717|6100|7.537105,0.0100308
N9716|11708|2.376221,N9727|2654|0.637465,0.00849611
N9716|11708|2.376221,N9723|4534|3.162746,0.0131571
N9716|11708|2.376221,N9733|11666|0.117101,0.0108169
N9716|11708|2.376221,N9740|10865|0.999278,0.0123793
N9716|11708|2.376221,N9743|5866|1.262035,0.013956
N7429|11592|1.24546,N7439|8645|0.933322,0.0147505
N7429|11592|1.24546,N7445|3439|0.825649,0.0147454
N8987|7595|0.730486,N8986|6334|0.501322,0.00230452
N8987|7595|0.730486,N8982|12416|0.081628,0.00772835
N8987|7595|0.730486,N8990|2078|0.796041,0.0069562
N13015|7025|0.167928,N13067|12459|0.550295,0.0131778
N13015|7025|0.167928,N13013|13077|0.990917,0.00461629
N13015|7025|0.167928,N13019|3661|1.485851,0.00849607
N13015|7025|0.167928,N13017|10320|2.923302,0.00928399
N13015|7025|0.167928,N13025|6596|5.784101,0.0131863
N13015|7025|0.167928,N13021|2121|0.427363,0.00851204
N13015|7025|0.167928,N13024|3542|1.362275,0.010835
N13015|7025|0.167928,N13027|10423|1.107882,0.0084998
N13015|7025|0.167928,N13009|7240|0.01128,0.0147473
N13015|7025|0.167928,N13026|9197|0.544685,0.00693908
N13015|7025|0.167928,N13053|4954|0.008268,0.0147729
N13015|7025|0.167928,N13071|4238|1.966479,0.0147555
N13015|7025|0.167928,N13011|2084|1.65746,0.0147502
N13015|7025|0.167928,N13014|4486|3.492421,0.00849129
N13015|7025|0.167928,N13023|9255|2.431417,0.00693882
N8294|7565|3.15105,N8287|3791|6.88409,0.014012
N8294|7565|3.15105,N8295|11083|0.439892,0.00307622
N8294|7565|3.15105,N8274|11759|1.247002,0.0124592
N8294|7565|3.15105,N8286|9640|2.704707,0.0147906
N8294|7565|3.15105,N8292|6296|4.341422,0.010072
N8294|7565|3.15105,N8272|10761|0.822104,0.0100607
N8294|7565|3.15105,N8281|15228|0.040968,0.0124236
N8294|7565|3.15105,N8280|5972|1.604295,0.0116107
N8294|7565|3.15105,N8289|1508|1.847277,0.00850091
N8294|7565|3.15105,N8266|9494|2.242049,0.0116377
N8294|7565|3.15105,N8285|13409|1.135024,0.014064
N7835|11534|2.273651,N7839|11309|7.30164,0.0123975
N7835|11534|2.273651,N7834|13992|3.359426,0.010058
N10930|5248|0.665699,N10929|3983|8.032617,0.0116114
N10930|5248|0.665699,N10928|12715|0.393806,0.0108314
N9652|10112|0.069084,N9667|3064|4.287813,0.0139787
N9652|10112|0.069084,N9651|1563|0.188435,0.00928594
N9652|10112|0.069084,N9661|1424|1.194736,0.0124189
N9652|10112|0.069084,N9656|1913|5.39593,0.0139466
N9652|10112|0.069084,N9657|10606|0.515557,0.00927848
N9652|10112|0.069084,N9654|10789|0.361412,0.00462395
N9652|10112|0.069084,N9653|6696|0.376834,0
N9652|10112|0.069084,N9649|12671|0.640512,0.0147675
N9652|10112|0.069084,N9666|10428|0.678849,0.0131747
N9652|10112|0.069084,N9645|7861|2.229129,0.0147778
N9652|10112|0.069084,N9663|7866|2.070923,0.0116307
N9652|10112|0.069084,N9648|3195|1.423632,0.0131952
N12682|10697|2.843606,N12680|14791|2.936279,0.00771844
N12682|10697|2.843606,N12681|8571|6.803347,0.0148101
N12682|10697|2.843606,N12687|3549|0.172949,0.0123849
N12682|10697|2.843606,N12673|4752|1.088216,0.0123915
N12682|10697|2.843606,N12668|15202|0.179902,0.0108248
N12682|10697|2.843606,N12670|10894|2.37048,0.011607
N12682|10697|2.843606,N12684|5768|0.171538,0.0123964
N8792|14407|1.135004,N8795|13854|0.477026,0.0139781
N8792|14407|1.135004,N8798|10092|1.601613,0.0147492
N8792|14407|1.135004,N8799|11668|1.481135,0.013978
N8792|14407|1.135004,N8791|10412|2.069768,0.0108579
N8135|9281|0.296473,N8164|13913|2.676586,0.0108248
N8135|9281|0.296473,N8166|3733|1.199072,0.0123837
N8135|9281|0.296473,N8146|6310|1.682245,0.0147395
N8135|9281|0.296473,N8167|9413|2.896965,0.0116081
N8135|9281|0.296473,N8147|6853|1.322031,0.0131782
N8135|9281|0.296473,N8137|12331|1.746135,0.00616115
N8135|9281|0.296473,N8136|9622|3.642271,0.00616116
N8135|9281|0.296473,N8168|6876|0.395138,0.0108248
N8135|9281|0.296473,N8161|5815|2.657205,0.0139907
N8135|9281|0.296473,N8133|7958|2.065495,0.00928709
N8135|9281|0.296473,N8148|6205|0.019809,0.0147442
N8135|9281|0.296473,N8149|3784|0.221216,0.0139545
N8135|9281|0.296473,N8139|6836|1.288953,0.0139561
N8135|9281|0.296473,N8170|12462|1.287377,0.00771105
N8135|9281|0.296473,N8154|11693|1.349062,0.0123916
N8135|9281|0.296473,N8159|14322|1.114167,0.0116404
N8135|9281|0.296473,N8169|2006|2.061169,0.0139617
N8135|9281|0.296473,N8156|9303|2.047012,0.0124059
N8135|9281|0.296473,N8163|5056|0.324114,0.0108314
N10500|15192|0.972975,N10493|3189|0.684653,0.0139928
N10500|15192|0.972975,N10491|10314|2.891016,0.0139897
N10500|15192|0.972975,N10482|5922|0.535341,0.0139724
N10500|15192|0.972975,N10501|6935|3.339859,0.00849623
N10500|15192|0.972975,N10504|14885|0.410614,0.00461515
N10500|15192|0.972975,N10505|8617|0.171908,0.00539017
N10500|15192|0.972975,N10503|8171|1.286944,0.00694789
N11141|15381|2.233531,N11151|1794|2.061064,0.00931064
N11141|15381|2.233531,N11143|8334|1.175301,0.01007
N11141|15381|2.233531,N11140|13489|0.899006,0.00694112
N11141|15381|2.233531,N11148|2051|2.162953,0.0100701
N11141|15381|2.233531,N11144|8436|2.672286,0.0147786
N11347|2446|1.827773,N11345|10231|0.07044,0.0148103
N11347|2446|1.827773,N11344|5304|0.017475,0.0148103
N11347|2446|1.827773,N11337|14009|3.192114,0.0124419
N11347|2446|1.827773,N11336|1750|1.140954,0.0132012
N11347|2446|1.827773,N11334|12468|1.530882,0.0131907
N11486|3601|0.026846,N11481|4836|0.074316,0.00385149
N11486|3601|0.026846,N11420|5326|2.154032,0.0148144
N11486|3601|0.026846,N11480|4799|0.732079,0.00385149
N11486|3601|0.026846,N11484|8902|3.837903,0.0061674
N11486|3601|0.026846,N11417|2611|2.032126,0.013201
N8287|3791|6.88409,N8295|11083|0.439892,0.0139937
N8287|3791|6.88409,N8272|10761|0.822104,0.0147585
N12633|3813|0.796225,N12634|12323|0.562584,0.0046162
N11919|5664|0.375667,N11920|6056|2.941989,0.00693889
N11862|13421|2.727201,N11896|7098|0.209161,0.0140344
N11862|13421|2.727201,N11897|9610|0.038403,0.0132369
N11862|13421|2.727201,N11859|10707|1.084598,0.0147765
N11862|13421|2.727201,N11903|5159|0.285236,0.0132607
N11862|13421|2.727201,N11863|6226|0.321138,0.0147915
N11862|13421|2.727201,N11864|12078|0.107577,0.0140342
N11862|13421|2.727201,N11861|11381|2.689023,0.013968
N11862|13421|2.727201,N11866|9059|0.195271,0.0148105
N12821|14257|0.767312,N12832|10581|0.014099,0.0100581
N12821|14257|0.767312,N12817|13932|1.254999,0.0124243
N12821|14257|0.767312,N12835|5032|0.52659,0.0147628
N12821|14257|0.767312,N12831|6709|1.504096,0.0069552
N12821|14257|0.767312,N12827|7021|0.494991,0.00617758
N12821|14257|0.767312,N12839|3259|2.23288,0.0131951
N12821|14257|0.767312,N12822|1932|2.476291,0.00931018
N12821|14257|0.767312,N12829|15189|0.468004,0.00773796
N12821|14257|0.767312,N12826|10353|2.203998,0.00928401
N12821|14257|0.767312,N12819|6009|0.132923,0.0124243
N12821|14257|0.767312,N12824|13110|5.024155,0.0140533
N12821|14257|0.767312,N12837|3001|4.039749,0.01477
N12821|14257|0.767312,N12840|8247|1.106403,0.00850079
N12821|14257|0.767312,N12834|6657|0.028154,0.00694775
N12821|14257|0.767312,N12842|5983|3.233808,0.0100565
N12821|14257|0.767312,N12838|7539|1.101225,0.0124189
N12821|14257|0.767312,N12812|2089|1.926513,0.0108582
N9694|9636|0.433339,N9700|6604|0.797607,0.013202
N9694|9636|0.433339,N9701|8709|1.632406,0.0108332
N9694|9636|0.433339,N9702|13366|2.515764,0.0108332
N9694|9636|0.433339,N9703|6717|0.552307,0.0108449
N9694|9636|0.433339,N9699|7120|1.582618,0.0108333
N9694|9636|0.433339,N9696|14498|5.512639,0.00615822
N9694|9636|0.433339,N9697|11434|5.80288,0.0123848
N11651|13624|1.651375,N11657|12112|1.802905,0.0116113
N11651|13624|1.651375,N11643|10735|0.125534,0.00773855
N11651|13624|1.651375,N11644|8422|0.74399,0.00773855
N11651|13624|1.651375,N11655|12860|0.463801,0.0100842
N11651|13624|1.651375,N11653|13779|1.337948,0.00850444
N11651|13624|1.651375,N11654|7696|3.757235,0.0147786
N11651|13624|1.651375,N11649|15386|1.430713,0.0131872
N11651|13624|1.651375,N11645|4531|0.087086,0.00851155
N11651|13624|1.651375,N11660|13089|0.382191,0.0139859
N11651|13624|1.651375,N11646|7298|2.906628,0.0108584
N11651|13624|1.651375,N11648|14770|4.004292,0.014832
N11457|3440|2.050117,N11461|2877|0.897368,0.00694637
N11457|3440|2.050117,N11453|2357|5.047169,0.0147853
N11457|3440|2.050117,N11462|14660|0.116968,0.00772757
N11457|3440|2.050117,N11459|5137|0.887993,0.00926996
N11457|3440|2.050117,N11420|5326|2.154032,0.0139716
N11457|3440|2.050117,N11436|8642|2.737344,0.0100528
N11457|3440|2.050117,N11465|1674|3.954232,0.00928448
N11457|3440|2.050117,N11444|2905|0.625784,0.0139611
N11457|3440|2.050117,N11476|7720|0.188723,0.0108386
N11457|3440|2.050117,N11466|6960|0.69333,0.0100574
N11457|3440|2.050117,N11439|4031|5.949013,0.00928901
N11457|3440|2.050117,N11432|8564|1.106573,0.0123909
N11457|3440|2.050117,N11460|4546|1.523002,0.00849659
N11457|3440|2.050117,N11463|14878|1.463977,0.00927471
N11457|3440|2.050117,N11440|9498|2.349682,0.0139798
N11457|3440|2.050117,N11472|6578|0.483504,0.0108386
N11457|3440|2.050117,N11447|15071|0.379129,0.00927549
N11457|3440|2.050117,N11469|11377|1.277083,0.0132009
N11457|3440|2.050117,N11471|13768|0.711381,0.0116141
N11457|3440|2.050117,N11455|6968|3.156725,0.0100498
N11457|3440|2.050117,N11434|2008|6.10435,0.0132114
N11457|3440|2.050117,N11452|2698|0.399768,0.00694106
N11457|3440|2.050117,N11416|9551|0.424175,0.0147579
N11457|3440|2.050117,N11417|2611|2.032126,0.0124174
N11493|6449|0.513576,N11420|5326|2.154032,0.013175
N11493|6449|0.513576,N11476|7720|0.188723,0.0139609
N11493|6449|0.513576,N11417|2611|2.032126,0.0131687
N8795|13854|0.477026,N8797|7822|0.967216,0.00849652
N8795|13854|0.477026,N8798|10092|1.601613,0.00771979
N8795|13854|0.477026,N8802|11494|0.339611,0.0147635
N8795|13854|0.477026,N8799|11668|1.481135,0.00695962
N8795|13854|0.477026,N8801|3206|0.419781,0.0147635
N8795|13854|0.477026,N8791|10412|2.069768,0.0116774
N9579|13228|0.364303,N9578|1815|7.096758,0.0077434
N9579|13228|0.364303,N9568|6979|2.778294,0.012418
N9579|13228|0.364303,N9582|12847|0.091103,0.00307298
N9579|13228|0.364303,N9560|8544|0.447709,0.01166
N9579|13228|0.364303,N9565|9084|0.859842,0.0147539
N9579|13228|0.364303,N9584|14832|6.221778,0.0131841
N9579|13228|0.364303,N9566|1874|1.386538,0.0124176
N9579|13228|0.364303,N9583|9172|0.762913,0.00927542
N9579|13228|0.364303,N9580|11726|1.403425,0.00307298
N9578|1815|7.096758,N9582|12847|0.091103,0.00928586
N9578|1815|7.096758,N9580|11726|1.403425,0.00928586
N9812|6933|1.334038,N9811|5228|1.572176,0.00539017
N9812|6933|1.334038,N9813|3730|2.560596,0.00693615
N9812|6933|1.334038,N9814|2184|0.347172,0.00926662
N9812|6933|1.334038,N9810|11054|3.991748,0.00693822
N10107|7721|1.979724,N10124|12667|2.251802,0.0139727
N10107|7721|1.979724,N10111|11577|0.639357,0.0108355
N10107|7721|1.979724,N10113|13294|0.443123,0.0124252
N10107|7721|1.979724,N10116|10026|2.262191,0.0139779
N10107|7721|1.979724,N10119|10803|0.316622,0.0108333
N10107|7721|1.979724,N10110|10994|0.926104,0.0116329
N10514|5041|4.568944,N10516|8786|3.901846,0.0131835
N10514|5041|4.568944,N10515|9957|1.828626,0.0131749
N10514|5041|4.568944,N10535|12368|0.523269,0.0131944
N8562|8126|2.727525,N8559|9534|0.094488,0.0131746
N8562|8126|2.727525,N8547|9642|2.033348,0.0139525
N8562|8126|2.727525,N8549|12863|1.403818,0.0147331
N13083|13545|0.854512,N13076|4891|0.725229,0.0147579
N13083|13545|0.854512,N13071|4238|1.966479,0.0139556
N10309|9762|0.882892,N10340|4232|1.303956,0.013197
N10309|9762|0.882892,N10295|1976|0.696104,0.0147529
N10309|9762|0.882892,N10306|5814|2.442278,0.00927014
N10309|9762|0.882892,N10308|7071|0.582151,0.00308676
N10309|9762|0.882892,N10307|14002|0.117948,0.00539408
N10309|9762|0.882892,N10313|9230|1.208993,0.00772046
N10309|9762|0.882892,N10339|3305|1.988433,0.0147497
N10309|9762|0.882892,N10326|9873|2.510876,0.0123848
N10309|9762|0.882892,N10325|4335|2.758753,0.0123848
N10309|9762|0.882892,N10316|9769|0.632086,0.0108322
N10309|9762|0.882892,N10324|6913|0.741067,0.0131764
N10309|9762|0.882892,N10331|14268|0.255619,0.0123902
N10309|9762|0.882892,N10304|10827|0.144852,0.0147438
N10309|9762|0.882892,N10314|1679|0.052918,0.00617325
N10309|9762|0.882892,N10317|11010|1.250049,0.0116296
N10309|9762|0.882892,N10320|2151|2.016699,0.0123942
N10309|9762|0.882892,N10329|13495|2.243571,0.0108371
N10309|9762|0.882892,N10327|6676|3.397759,0.0147395
N10309|9762|0.882892,N10299|10444|2.378877,0.0092792
N10309|9762|0.882892,N10315|6133|1.421078,0.00850183
N10647|13826|3.304107,N10650|2479|0.547464,0.0085234
N10647|13826|3.304107,N10640|12038|0.356222,0.0132167
N10647|13826|3.304107,N10638|8514|2.79233,0.0124014
N10647|13826|3.304107,N10641|13734|0.125994,0.0147562
N10647|13826|3.304107,N10649|4143|0.33077,0.00852336
N10647|13826|3.304107,N10651|6107|1.702862,0.0116344
N9244|3043|4.915487,N9242|4108|3.081762,0.0124089
N9244|3043|4.915487,N9248|4375|1.148923,0.0139559
N9244|3043|4.915487,N9241|8223|0.166378,0.0116338
N11545|12365|0.79407,N11549|2223|0.51089,0.00384235
N11545|12365|0.79407,N11546|4490|1.028815,0.00538597
N11545|12365|0.79407,N11551|2027|0.878688,0.0147459
N11545|12365|0.79407,N11524|6585|0.421476,0.013947
N11545|12365|0.79407,N11558|4971|0.648042,0.0123981
N11545|12365|0.79407,N11509|7537|0.30586,0.013947
N11545|12365|0.79407,N11526|15011|1.043239,0.0139677
N11545|12365|0.79407,N11543|4427|0.832731,0.0139459
N11545|12365|0.79407,N11552|14034|0.499465,0.0108334
N11545|12365|0.79407,N11555|3021|1.953023,0.0131739
N11545|12365|0.79407,N11548|11137|5.21459,0.00848241
N8088|10928|0.056422,N8093|5261|3.066135,0.00849283
N8088|10928|0.056422,N8083|9553|1.485977,0.00849165
N8088|10928|0.056422,N8095|5237|1.987944,0.0147575
N8088|10928|0.056422,N8091|6232|0.813067,0.00771215
N8088|10928|0.056422,N8090|5485|0.952618,0.006941
N8088|10928|0.056422,N8087|13268|0.069492,0.00307298
N8088|10928|0.056422,N8075|9102|0.980192,0.0132011
N8088|10928|0.056422,N8089|12579|1.42331,0.00538676
N8088|10928|0.056422,N8084|15213|0.362241,0.0100406
N8088|10928|0.056422,N8077|7225|1.930592,0.0116218
N8088|10928|0.056422,N8082|8867|2.053827,0.0147458
N8088|10928|0.056422,N8092|9654|0.063226,0.00771855
N10685|8923|2.300742,N10688|7798|1.722135,0.0108354
N10685|8923|2.300742,N10687|6769|3.199566,0.0108322
N10685|8923|2.300742,N10692|3701|1.468518,0.0131764
N12566|9121|0.08259,N12498|9476|0.063085,0.0123941
N12566|9121|0.08259,N12488|12101|1.121635,0.013984
N12566|9121|0.08259,N12459|10633|0.178368,0.0147691
N12566|9121|0.08259,N12564|8090|2.029125,0.00927561
N12566|9121|0.08259,N12563|8865|1.422802,0.010838
N12566|9121|0.08259,N12535|11736|0.394495,0.0147672
N12566|9121|0.08259,N12508|14807|0.41106,0.0139712
N12566|9121|0.08259,N12555|4208|2.598968,0.0100419
N12566|9121|0.08259,N12562|4529|0.61832,0.0131872
N12566|9121|0.08259,N12524|7348|0.12227,0.0123976
N12566|9121|0.08259,N12603|6671|3.050434,0.0139906
N12566|9121|0.08259,N12465|9663|3.510964,0.01481
N12566|9121|0.08259,N12571|8941|1.241029,0.0131873
N12566|9121|0.08259,N12599|8353|1.454529,0.014008
N12566|9121|0.08259,N12586|9119|0.317787,0.0147623
N12566|9121|0.08259,N12553|5590|1.684612,0.0108321
N12566|9121|0.08259,N12482|15143|0.193936,0.0147723
N12566|9121|0.08259,N12527|9237|0.448218,0.0147694
N12566|9121|0.08259,N12518|9895|2.414444,0.0139994
N12566|9121|0.08259,N12504|8693|0.601243,0.0147723
N12566|9121|0.08259,N12589|4455|2.489465,0.0147495
N12566|9121|0.08259,N12519|10480|2.16617,0.0124173
N12566|9121|0.08259,N12550|8083|0.027918,0.00772883
N12566|9121|0.08259,N12602|14045|0.864212,0.0124057
N12566|9121|0.08259,N12588|14367|1.187912,0.0108419
N12566|9121|0.08259,N12600|4349|1.436957,0.0139908
N12566|9121|0.08259,N12554|10454|0.637343,0.00772721
N12566|9121|0.08259,N12565|3942|2.216347,0.00461761
N12566|9121|0.08259,N12534|12395|1.442349,0.013994
N12566|9121|0.08259,N12569|10700|0.180908,0.00384754
N12566|9121|0.08259,N12497|5875|0.074333,0.012394
N12566|9121|0.08259,N12545|9734|2.533836,0.0124062
N12566|9121|0.08259,N12513|6383|0.180784,0.0147792
N12566|9121|0.08259,N12574|12439|0.14536,0.0116132
N12566|9121|0.08259,N12517|2545|1.034848,0.0132023
N12566|9121|0.08259,N12529|4469|3.56161,0.0147845
N12566|9121|0.08259,N12546|6374|0.291382,0.0124105
N12566|9121|0.08259,N12543|10805|3.530949,0.0139937
N12858|10261|0.161876,N12851|11893|0.472655,0.00926583
N12858|10261|0.161876,N12855|12932|0.121879,0.00307624
N12858|10261|0.161876,N12860|14526|0.857363,0.00462388
N12858|10261|0.161876,N12854|10321|0.961383,0.00616177
N12858|10261|0.161876,N12846|4291|6.168948,0.0108313
N12858|10261|0.161876,N12847|11170|0.171541,0.00539068
N12858|10261|0.161876,N12849|2927|0.153846,0.00771791
N9568|6979|2.778294,N9582|12847|0.091103,0.0139901
N9568|6979|2.778294,N9560|8544|0.447709,0.00384792
N9568|6979|2.778294,N9565|9084|0.859842,0.00616115
N9568|6979|2.778294,N9566|1874|1.386538,0.00384763
N9568|6979|2.778294,N9583|9172|0.762913,0.0139655
N9568|6979|2.778294,N9580|11726|1.403425,0.0139901
N12156|2878|2.939164,N12206|12333|0.381509,0.0147676
N12156|2878|2.939164,N12152|9135|0.239371,0.00539055
N9190|11189|0.636114,N9192|8439|1.719298,0.00461395
N9190|11189|0.636114,N9212|11276|1.009717,0.013175
N9190|11189|0.636114,N9195|9968|2.978135,0.010049
N9190|11189|0.636114,N9209|13816|0.419325,0.0147479
N9190|11189|0.636114,N9194|1677|2.533542,0.0147726
N9188|5682|1.597781,N9181|12474|1.057967,0.0132167
N9188|5682|1.597781,N9186|9758|3.259599,0.0147426
N9188|5682|1.597781,N9182|12799|2.199459,0.0132007
N9188|5682|1.597781,N9189|7492|1.163304,0.0108776
N9679|13209|1.647138,N9683|1797|0.131262,0.0123916
N9679|13209|1.647138,N9675|8632|0.033619,0.00153688
N9679|13209|1.647138,N9686|7587|6.338327,0.0131898
N9679|13209|1.647138,N9689|1644|1.081532,0.0123976
N9679|13209|1.647138,N9674|1606|0.378322,0.00852311
N9679|13209|1.647138,N9688|5711|1.910705,0.0131866
N9679|13209|1.647138,N9684|6273|0.64384,0.0131835
N9679|13209|1.647138,N9677|2452|3.425616,0.00695613
N9679|13209|1.647138,N9685|7705|1.114641,0.0123977
N9890|8007|0.071833,N9888|3283|0.659774,0.0124243
N9890|8007|0.071833,N9889|2880|1.405975,0.0100582
N9890|8007|0.071833,N9885|14109|0.537034,0.0139937
N9890|8007|0.071833,N9887|14244|0.530702,0.0131781
N9890|8007|0.071833,N9893|5859|2.046382,0.0147735
N12456|8471|1.772935,N12446|14104|5.533263,0.0116199
N12456|8471|1.772935,N12457|9305|1.04784,0.0116228
N12456|8471|1.772935,N12451|7630|2.06956,0.00693601
N12456|8471|1.772935,N12433|4451|2.477759,0.0131839
N12456|8471|1.772935,N12453|9718|1.313521,0.00384522
N12456|8471|1.772935,N12455|8365|0.335368,0.00384232
N12456|8471|1.772935,N12435|2899|0.967227,0.0131827
N12456|8471|1.772935,N12452|14869|3.860011,0.0100563
N12456|8471|1.772935,N12443|9845|0.533965,0.00926968
N12456|8471|1.772935,N12444|4137|0.107218,0.00848635
N12456|8471|1.772935,N12454|9739|0.606509,0.00307171
N12456|8471|1.772935,N12428|3118|1.22185,0.0108359
N12456|8471|1.772935,N12432|11765|4.38801,0.0139779
N12456|8471|1.772935,N12447|13631|1.752321,0.00461753
N12456|8471|1.772935,N12441|15258|0.530176,0.011609
N12456|8471|1.772935,N12430|11924|0.617032,0.0123901
N8932|5751|0.944335,N8930|12431|0.095986,0.00230471
N8932|5751|0.944335,N8929|11852|1.588682,0.0100483
N12691|6502|0.10801,N12693|7887|0.664224,0.00615581
N12691|6502|0.10801,N12694|6225|2.745483,0.00848647
N12691|6502|0.10801,N12690|14282|1.295333,0.00153498
N11941|11975|0.338174,N11945|6754|0.994805,0.0147187
N11941|11975|0.338174,N11938|2212|0.234243,0.0139558
N11941|11975|0.338174,N11944|13179|1.299423,0.0139341
N11941|11975|0.338174,N11943|13571|0.293141,0.0023047
N11941|11975|0.338174,N11947|8372|0.072972,0.0147246
N11941|11975|0.338174,N11942|13263|1.774592,0.00539633
N8295|11083|0.439892,N8274|11759|1.247002,0.0124407
N8295|11083|0.439892,N8286|9640|2.704707,0.0147776
N8295|11083|0.439892,N8292|6296|4.341422,0.0100654
N8295|11083|0.439892,N8272|10761|0.822104,0.0100564
N8295|11083|0.439892,N8281|15228|0.040968,0.0124099
N8295|11083|0.439892,N8280|5972|1.604295,0.0108263
N8295|11083|0.439892,N8289|1508|1.847277,0.0084962
N8295|11083|0.439892,N8266|9494|2.242049,0.0116316
N8295|11083|0.439892,N8285|13409|1.135024,0.0140355
N8856|1379|0.777535,N8857|13223|6.916342,0.00461622
N8856|1379|0.777535,N8811|9539|0.100221,0.0139526
N8856|1379|0.777535,N8833|5470|0.043663,0.0131522
N8856|1379|0.777535,N8870|4132|3.188034,0.0131785
N8856|1379|0.777535,N8871|11941|0.282747,0.00927388
N8856|1379|0.777535,N8860|10099|1.374133,0.00617542
N8856|1379|0.777535,N8859|4263|0.786852,0.00153463
N8856|1379|0.777535,N8861|1846|2.103312,0.00772748
N8856|1379|0.777535,N8809|7652|0.05461,0.0139527
N8856|1379|0.777535,N8876|4101|0.779135,0.0147459
N8856|1379|0.777535,N8868|14599|0.735291,0.00694634
N8857|13223|6.916342,N8871|11941|0.282747,0.0123876
N8857|13223|6.916342,N8860|10099|1.374133,0.010845
N8857|13223|6.916342,N8859|4263|0.786852,0.00616181
N8857|13223|6.916342,N8861|1846|2.103312,0.0124105
N8857|13223|6.916342,N8868|14599|0.735291,0.011622
N12229|14358|1.917369,N12228|4219|2.536244,0.00616724
N12229|14358|1.917369,N12231|14902|1.058481,0.00850078
N12229|14358|1.917369,N12227|6097|1.698065,0.00617517
N12229|14358|1.917369,N12233|14714|1.905567,0.0124233
N12229|14358|1.917369,N12232|5012|6.374938,0.0148096
N10717|5155|1.713998,N10718|7313|0.915261,0.0077529
N10717|5155|1.713998,N10716|5404|0.583346,0.0131747
N10717|5155|1.713998,N10724|3500|0.101707,0.0139643
N10717|5155|1.713998,N10732|12967|0.670641,0.0116108
N10717|5155|1.713998,N10726|6909|1.102324,0.0139643
N10717|5155|1.713998,N10727|11162|3.195729,0.0147503
N10717|5155|1.713998,N10740|14410|2.284142,0.0139778
N9269|3551|0.831065,N9259|8520|0.048263,0.0116338
N9269|3551|0.831065,N9256|2757|2.040753,0.0123961
N9269|3551|0.831065,N9257|6339|0.058928,0.0108448
N9269|3551|0.831065,N9268|8263|0.021383,0.00926964
N9269|3551|0.831065,N9255|14771|0.350205,0.0108448
N9269|3551|0.831065,N9273|13046|0.2787,0.00849262
N9269|3551|0.831065,N9272|7257|0.692674,0.00694606
N12951|4406|1.578863,N12965|13931|0.983906,0.0139616
N12951|4406|1.578863,N12964|4724|0.75088,0.0131733
N12951|4406|1.578863,N12954|6858|0.200818,0.0108284
N12951|4406|1.578863,N12955|13174|0.357512,0.010045
N12951|4406|1.578863,N12959|8746|0.330462,0.0100414
N12951|4406|1.578863,N12960|14118|2.91166,0.00849228
N12951|4406|1.578863,N12957|3908|1.355432,0.0123836
N12951|4406|1.578863,N12956|11123|9.085021,0.0123904
N10042|5925|5.419366,N10043|4898|1.58554,0.0147588
N12995|3030|0.832701,N12994|3856|13.449074,0.010833
N12995|3030|0.832701,N12978|8669|5.795832,0.0100698
N12995|3030|0.832701,N12985|2038|1.072247,0.0100481
N12995|3030|0.832701,N12988|5294|0.324096,0.00384396
N12995|3030|0.832701,N12998|8221|0.848825,0.00771907
N12995|3030|0.832701,N12996|11426|0.862639,0.00771823
N12995|3030|0.832701,N12987|13617|0.236659,0.00694944
N12995|3030|0.832701,N12992|10856|1.925319,0.00384519
N12995|3030|0.832701,N12993|8275|7.786782,0.0132161
N12995|3030|0.832701,N12986|8658|4.09695,0.00771823
N12995|3030|0.832701,N12984|4889|4.234202,0.0132179
N12995|3030|0.832701,N12997|12399|1.005863,0.00928368
N12995|3030|0.832701,N12977|12673|1.17305,0.00616721
N12994|3856|13.449074,N12988|5294|0.324096,0.0131685
N12994|3856|13.449074,N12992|10856|1.925319,0.0131744
N12302|5658|0.862584,N12326|10017|0.968429,0.0147695
N12302|5658|0.862584,N12305|3700|0.084977,0.00616906
N12302|5658|0.862584,N12311|3713|2.175775,0.00772347
N12302|5658|0.862584,N12304|2562|0.235725,0.00539519
N12302|5658|0.862584,N12319|7679|1.193238,0.0139612
N12302|5658|0.862584,N12308|5775|1.252486,0.00850401
N12302|5658|0.862584,N12315|15139|2.647388,0.0139894
N12302|5658|0.862584,N12309|10166|0.928832,0.00694517
N10564|9167|0.031544,N10561|10883|2.090603,0.00538674
N10564|9167|0.031544,N10563|4241|1.218765,0.00693888
N10564|9167|0.031544,N10549|6129|2.090029,0.0139694
N10564|9167|0.031544,N10562|10470|0.557657,0.0046151
N10564|9167|0.031544,N10547|7175|0.207334,0.0131878
N10564|9167|0.031544,N10545|2003|0.042819,0.0147577
N10564|9167|0.031544,N10555|15365|0.330492,0.0108352
N10564|9167|0.031544,N10560|4175|0.28726,0.0061617
N10564|9167|0.031544,N10554|6501|1.169808,0.0116108
N10564|9167|0.031544,N10558|12714|0.308784,0.00693888
N8717|4992|0.866765,N8704|9619|1.62264,0.0100626
N8717|4992|0.866765,N8720|9937|1.95449,0.0123799
N8717|4992|0.866765,N8705|9482|2.595467,0.00927482
N8717|4992|0.866765,N8714|6465|3.4464,0.0123793
N8717|4992|0.866765,N8718|4679|0.041973,0.0123978
N8717|4992|0.866765,N8711|2976|0.067598,0.00850148
N8717|4992|0.866765,N8715|1711|0.13758,0.0061611
N8717|4992|0.866765,N8712|8641|0.234128,0.00926077
N8717|4992|0.866765,N8713|12991|2.122045,0.0131623
N8717|4992|0.866765,N8719|4916|3.015596,0.0139472
N8717|4992|0.866765,N8728|8836|1.084428,0.0123994
N8717|4992|0.866765,N8721|12798|0.181439,0.014725
N8717|4992|0.866765,N8706|10211|1.95804,0.0123901
N8717|4992|0.866765,N8724|1934|0.376952,0.0124365
N12560|12588|6.98156,N12563|8865|1.422802,0.0123706
N12560|12588|6.98156,N12562|4529|0.61832,0.0147221
N12560|12588|6.98156,N12559|3859|4.121142,0.0100481
N11200|9936|3.798424,N11204|14459|1.246016,0.0147586
N11200|9936|3.798424,N11199|2139|0.525467,0.0140117
N10250|6209|2.04075,N10246|9286|1.006998,0.00771331
N10250|6209|2.04075,N10254|5148|2.583065,0.0147345
N10250|6209|2.04075,N10251|4593|1.663771,0.0124066
N10250|6209|2.04075,N10253|13358|0.566741,0.0100575
N12004|5267|0.46426,N12005|3505|0.671055,0.00307296
N12004|5267|0.46426,N12010|8885|0.16324,0.0139723
N12004|5267|0.46426,N11971|12636|0.690138,0.0147566
N11281|13364|0.185494,N11288|13108|0.384806,0.00462365
N11281|13364|0.185494,N11278|7842|1.936678,0.01318
N11281|13364|0.185494,N11272|7605|0.463027,0.0131803
N11281|13364|0.185494,N11284|8731|0.171845,0.00153501
N11281|13364|0.185494,N11282|15176|0.441175,0.000767625
N11281|13364|0.185494,N11279|13880|0.575043,0.0147401
N11281|13364|0.185494,N11298|1906|1.368261,0.00849663
N11281|13364|0.185494,N11276|2917|0.721746,0.013941
N11281|13364|0.185494,N11285|11733|3.987936,0.0116082
N11281|13364|0.185494,N11297|9919|1.01418,0.00927866
N11281|13364|0.185494,N11295|8972|0.955216,0.00927866
N11281|13364|0.185494,N11294|5556|0.119875,0.00849309
N11281|13364|0.185494,N11289|6772|3.546387,0.00849046
N11281|13364|0.185494,N11287|1604|0.798294,0.00462367
N7646|5786|0.234901,N7640|6166|5.066258,0.0092752
N7646|5786|0.234901,N7647|13933|0.193721,0.000767607
N7646|5786|0.234901,N7638|8873|0.944734,0.00849632
N7646|5786|0.234901,N7644|8904|0.512647,0.00771726
N10437|15110|0.575782,N10436|2703|0.383166,0.00694615
N10437|15110|0.575782,N10435|14161|2.34167,0.0116481
N10437|15110|0.575782,N10429|13739|0.934834,0.0131919
N10437|15110|0.575782,N10416|11369|0.698039,0.0123835
N10437|15110|0.575782,N10427|3970|0.156468,0.0139797
N10437|15110|0.575782,N10418|7026|0.951921,0.0147494
N10437|15110|0.575782,N10440|6346|0.732477,0.00462041
N10437|15110|0.575782,N10420|12519|2.497745,0.013194
N10437|15110|0.575782,N10421|1621|0.185784,0.0108398
N10437|15110|0.575782,N10432|5320|1.445576,0.0124098
N10437|15110|0.575782,N10434|6544|1.236147,0.0116489
N10437|15110|0.575782,N10414|11960|1.623667,0.0131897
N9836|14572|0.300345,N9837|14227|0.324336,0.00693374
N13063|12606|0.037579,N13067|12459|0.550295,0.0108351
N13063|12606|0.037579,N13049|2463|0.241606,0.0116253
N13063|12606|0.037579,N13062|8226|0.442183,0.00230601
N13063|12606|0.037579,N13050|8552|0.300629,0.0124073
N13063|12606|0.037579,N13066|11539|2.641891,0.0139694
N13063|12606|0.037579,N13057|8415|0.620575,0.0116338
N13063|12606|0.037579,N13035|2966|0.267509,0.013192
N13063|12606|0.037579,N13044|14894|0.279795,0.0116232
N13063|12606|0.037579,N13058|11167|1.17044,0.00386531
N13063|12606|0.037579,N13052|14348|1.81875,0.0147578
N13063|12606|0.037579,N13053|4954|0.008268,0.00927722
N13063|12606|0.037579,N13061|14477|9.561084,0.0108495
N13063|12606|0.037579,N13046|7586|0.27506,0.0124065
N10388|9945|4.627814,N10394|7361|0.277432,0.0115933
N10388|9945|4.627814,N10389|10520|0.887805,0.0123709
N8164|13913|2.676586,N8166|3733|1.199072,0.009274
N8164|13913|2.676586,N8116|12088|0.208523,0.0147258
N8164|13913|2.676586,N8146|6310|1.682245,0.0131871
N8164|13913|2.676586,N8167|9413|2.896965,0.00849287
N8164|13913|2.676586,N8147|6853|1.322031,0.0116496
N8164|13913|2.676586,N8137|12331|1.746135,0.0108149
N8164|13913|2.676586,N8136|9622|3.642271,0.0108149
N8164|13913|2.676586,N8168|6876|0.395138,0.00771854
N8164|13913|2.676586,N8161|5815|2.657205,0.0124065
N8164|13913|2.676586,N8133|7958|2.065495,0.0139676
N8164|13913|2.676586,N8148|6205|0.019809,0.0131784
N8164|13913|2.676586,N8149|3784|0.221216,0.0123979
N8164|13913|2.676586,N8139|6836|1.288953,0.0124256
N8164|13913|2.676586,N8170|12462|1.287377,0.00616113
N8164|13913|2.676586,N8155|8047|3.74703,0.0147905
N8164|13913|2.676586,N8154|11693|1.349062,0.010859
N8164|13913|2.676586,N8159|14322|1.114167,0.0100574
N8164|13913|2.676586,N8169|2006|2.061169,0.0124017
N8164|13913|2.676586,N8156|9303|2.047012,0.0108401
N8164|13913|2.676586,N8163|5056|0.324114,0.00929652
N10472|15362|0.90256,N10476|3950|0.968594,0.0139786
N10472|15362|0.90256,N10477|13531|0.072022,0.0100565
N10472|15362|0.90256,N10469|5588|0.391991,0.0053965
N10472|15362|0.90256,N10473|6076|3.435552,0.00461952
N10472|15362|0.90256,N10478|10044|0.490332,0.0116264
N11184|14731|1.232925,N11186|8117|0.703739,0.0108249
N11184|14731|1.232925,N11182|8257|0.643248,0.00616628
N11184|14731|1.232925,N11185|3623|0.186886,0.00230528
N11184|14731|1.232925,N11174|7612|0.80396,0.0123849
N11184|14731|1.232925,N11183|8654|3.544745,0.00848023
N11184|14731|1.232925,N11180|1876|0.387964,0.00615988
N11184|14731|1.232925,N11173|12964|0.86605,0.0139613
N10959|14583|1.798967,N10961|1854|3.770455,0.0061662
N10959|14583|1.798967,N10957|7904|0.350226,0.00929658
N9164|4249|1.431672,N9162|11491|2.13492,0.00461956
N9571|5575|4.612054,N9560|8544|0.447709,0.0147478
N12078|9343|0.596771,N12064|12188|2.046563,0.0132132
N12078|9343|0.596771,N12063|8845|0.246638,0.0139724
N12078|9343|0.596771,N12051|4854|0.440591,0.0131952
N12078|9343|0.596771,N12069|14335|0.683639,0.0131952
N12078|9343|0.596771,N12054|11742|8.2643,0.013219
N12078|9343|0.596771,N12074|9368|0.993391,0.00539345
N12078|9343|0.596771,N12050|1425|0.06447,0.0131952
N12078|9343|0.596771,N12080|11680|3.058156,0.0139558
N12078|9343|0.596771,N12067|15033|0.850597,0.0124098
N12078|9343|0.596771,N12062|10982|1.689488,0.0139853
N7513|4821|2.200626,N7507|11063|0.809837,0.0139959
N10977|12075|0.613135,N10970|10530|0.525396,0.00616184
N10977|12075|0.613135,N10982|11914|1.803269,0.00927754
N10977|12075|0.613135,N10975|10794|2.249125,0.00307702
N10977|12075|0.613135,N10979|12278|3.152954,0.00928448
N10977|12075|0.613135,N10981|2731|0.266376,0.00772375
N10977|12075|0.613135,N10984|9782|0.397387,0.00770883
N10977|12075|0.613135,N10973|10114|1.49298,0.00772386
N10561|10883|2.090603,N10563|4241|1.218765,0.00617479
N10561|10883|2.090603,N10549|6129|2.090029,0.013203
N10561|10883|2.090603,N10562|10470|0.557657,0.00385009
N10561|10883|2.090603,N10547|7175|0.207334,0.0139899
N10561|10883|2.090603,N10545|2003|0.042819,0.0139899
N10561|10883|2.090603,N10555|15365|0.330492,0.0100719
N10561|10883|2.090603,N10560|4175|0.28726,0.00539648
N10561|10883|2.090603,N10554|6501|1.169808,0.0108461
N10561|10883|2.090603,N10558|12714|0.308784,0.00617478
N11049|11978|0.793006,N11050|8626|2.343972,0.0100516
N11049|11978|0.793006,N11052|3771|2.234426,0.00927556
N11049|11978|0.793006,N11046|4421|1.078292,0.00694802
N11049|11978|0.793006,N11047|6258|0.08308,0.00539354
N11049|11978|0.793006,N11051|13838|0.533166,0.00772383
N11049|11978|0.793006,N11048|3370|1.599257,0.00384657
N8826|10845|0.935953,N8829|7668|1.400188,0.00384657
N8826|10845|0.935953,N8811|9539|0.100221,0.0131922
N8826|10845|0.935953,N8828|2039|1.535477,0
N8826|10845|0.935953,N8818|15382|2.100998,0.0100612
N8826|10845|0.935953,N8808|7597|2.501861,0.0147581
N8826|10845|0.935953,N8823|4658|8.87833,0.0116082
N8826|10845|0.935953,N8822|2710|4.614096,0.0100499
N8826|10845|0.935953,N8809|7652|0.05461,0.0131923
N8826|10845|0.935953,N8830|13127|0.348201,0.00539074
N8826|10845|0.935953,N8821|12006|0.782773,0.00694542
N10097|5491|2.120387,N10098|1882|0.259388,0.00771838
N9582|12847|0.091103,N9560|8544|0.447709,0.0132346
N9582|12847|0.091103,N9584|14832|6.221778,0.0147476
N9582|12847|0.091103,N9566|1874|1.386538,0.0139907
N9582|12847|0.091103,N9583|9172|0.762913,0.0108323
N9582|12847|0.091103,N9580|11726|1.403425,0
N11595|5624|0.527232,N11596|10816|0.692399,0.00462052
N11595|5624|0.527232,N11592|6662|0.082858,0.0132203
N11595|5624|0.527232,N11606|7388|0.162691,0.00849292
N11595|5624|0.527232,N11613|13304|1.663156,0.0108243
N11595|5624|0.527232,N11611|3842|2.309476,0.0092667
N11595|5624|0.527232,N11600|4625|0.576178,0.00539668
N11595|5624|0.527232,N11593|9226|1.599335,0.003073
N11595|5624|0.527232,N11594|13251|3.400311,0.0124019
N11595|5624|0.527232,N11607|13674|2.220092,0.0108358
N11595|5624|0.527232,N11614|15324|0.132472,0.0108358
N11595|5624|0.527232,N11620|14204|1.80573,0.0147734
N9599|5063|0.873041,N9598|15055|3.481886,0.0123979
N9954|14219|0.429237,N9951|10255|1.515199,0.00616734
N9954|14219|0.429237,N9939|3554|0.826545,0.0116342
N9954|14219|0.429237,N9958|1480|0.111606,0.00849271
N9954|14219|0.429237,N9947|2373|1.334517,0.0147909
N9954|14219|0.429237,N9957|8145|4.00704,0.0116178
N9007|2131|5.503589,N9005|9621|0.184888,0.0124239
N7962|5303|0.094404,N7954|2296|1.139415,0.00850153
N7962|5303|0.094404,N7961|4472|1.770793,0.0131779
N7962|5303|0.094404,N7956|5213|0.684995,0.0100494
N12832|10581|0.014099,N12817|13932|1.254999,0.0147342
N12832|10581|0.014099,N12831|6709|1.504096,0.00616722
N12832|10581|0.014099,N12827|7021|0.494991,0.00848236
N12832|10581|0.014099,N12839|3259|2.23288,0.0139609
N12832|10581|0.014099,N12822|1932|2.476291,0.0116151
N12832|10581|0.014099,N12829|15189|0.468004,0.00694663
N12832|10581|0.014099,N12826|10353|2.203998,0.0116082
N12832|10581|0.014099,N12819|6009|0.132923,0.0147342
N12832|10581|0.014099,N12840|8247|1.106403,0.00926425
N12832|10581|0.014099,N12834|6657|0.028154,0.00771317
N12832|10581|0.014099,N12842|5983|3.233808,0.00927507
N12832|10581|0.014099,N12838|7539|1.101225,0.0131834
N12832|10581|0.014099,N12812|2089|1.926513,0.0131685
N11040|6855|0.068299,N11037|10427|1.344395,0.0131686
N11040|6855|0.068299,N11038|3655|2.842513,0.0131691
N11040|6855|0.068299,N11035|11762|2.842885,0.0147408
N11040|6855|0.068299,N11036|4167|1.631939,0.0123801
N11040|6855|0.068299,N11043|12889|1.207492,0.0123838
N11040|6855|0.068299,N11041|10839|3.014523,0.00694544
N11040|6855|0.068299,N11031|10429|0.063655,0.00926078
N11040|6855|0.068299,N11034|10822|0.322623,0.0131597
N13067|12459|0.550295,N13049|2463|0.241606,0.010072
N13067|12459|0.550295,N13062|8226|0.442183,0.0100578
N13067|12459|0.550295,N13050|8552|0.300629,0.0108444
N13067|12459|0.550295,N13013|13077|0.990917,0.0123834
N13067|12459|0.550295,N13066|11539|2.641891,0.00927409
N13067|12459|0.550295,N13057|8415|0.620575,0.0100913
N13067|12459|0.550295,N13019|3661|1.485851,0.0139786
N13067|12459|0.550295,N13035|2966|0.267509,0.0100485
N13067|12459|0.550295,N13017|10320|2.923302,0.0147574
N13067|12459|0.550295,N13044|14894|0.279795,0.00848643
N13067|12459|0.550295,N13058|11167|1.17044,0.00851192
N13067|12459|0.550295,N13021|2121|0.427363,0.0139611
N13067|12459|0.550295,N13052|14348|1.81875,0.0116086
N13067|12459|0.550295,N13027|10423|1.107882,0.0139605
N13067|12459|0.550295,N13026|9197|0.544685,0.0123847
N13067|12459|0.550295,N13053|4954|0.008268,0.00773143
N13067|12459|0.550295,N13031|1964|2.547926,0.0123834
N13067|12459|0.550295,N13071|4238|1.966479,0.0139464
N13067|12459|0.550295,N13043|6617|8.289705,0.014731
N13067|12459|0.550295,N13036|14781|2.59123,0.0147579
N13067|12459|0.550295,N13014|4486|3.492421,0.0147448
N13067|12459|0.550295,N13046|7586|0.27506,0.00926634
N13067|12459|0.550295,N13023|9255|2.431417,0.0123942
N10191|3426|0.515478,N10186|3935|2.504237,0.00770703
N10191|3426|0.515478,N10188|3411|2.150762,0.00693938
N10436|2703|0.383166,N10435|14161|2.34167,0.00772858
N10436|2703|0.383166,N10463|6162|0.183799,0.0123836
N10436|2703|0.383166,N10429|13739|0.934834,0.0124013
N10436|2703|0.383166,N10416|11369|0.698039,0.0100357
N10436|2703|0.383166,N10427|3970|0.156468,0.0131897
N10436|2703|0.383166,N10418|7026|0.951921,0.0123847
N10436|2703|0.383166,N10440|6346|0.732477,0.0023047
N10436|2703|0.383166,N10420|12519|2.497745,0.0108323
N10436|2703|0.383166,N10441|12065|2.54058,0.0131763
N10436|2703|0.383166,N10421|1621|0.185784,0.00849274
N10436|2703|0.383166,N10432|5320|1.445576,0.0100582
N10436|2703|0.383166,N10422|3726|1.772569,0.0147633
N10436|2703|0.383166,N10459|13491|0.273509,0.0131749
N10436|2703|0.383166,N10434|6544|1.236147,0.00772735
N10436|2703|0.383166,N10414|11960|1.623667,0.0108332
N8127|6573|4.039577,N8129|11328|0.494628,0.0139725
N7257|6534|4.963021,N7241|9295|0.149992,0.0139614
N7257|6534|4.963021,N7224|9525|1.63289,0.0139945
N7257|6534|4.963021,N7258|10758|0.581307,0.0100569
N7257|6534|4.963021,N7239|8793|0.289335,0.0131753
N7257|6534|4.963021,N7228|2074|1.066336,0.0147905
N7257|6534|4.963021,N7255|4944|0.47656,0.0108335
N7257|6534|4.963021,N7254|6299|0.918044,0.013201
N7257|6534|4.963021,N7262|2821|1.430439,0.0100614
N12086|13291|1.417129,N12088|1729|0.444098,0.0115959
N12086|13291|1.417129,N12094|8684|0.190719,0.0131557
N12086|13291|1.417129,N12091|4328|0.976929,0.0147188
N8455|15058|2.709482,N8462|1940|0.260636,0.0108399
N8455|15058|2.709482,N8451|1803|4.723301,0.00928276
N8455|15058|2.709482,N8460|14148|1.728008,0.0100515
N8455|15058|2.709482,N8459|13625|6.312552,0.0139726
N8455|15058|2.709482,N8452|11623|1.6017,0.00694789
N8455|15058|2.709482,N8453|3056|0.990996,0.0100531
N8455|15058|2.709482,N8461|4708|0.70719,0.00849634
N10132|2134|1.801975,N10131|5890|0.363928,0.0116141
N10132|2134|1.801975,N10133|8848|1.209366,0.00307839
N9357|4652|3.570201,N9359|13859|0.138749,0.0108593
N9357|4652|3.570201,N9358|15303|1.043357,0.0116377
N7821|10598|7.511677,N7822|9360|0.510657,0.0084805
N7821|10598|7.511677,N7814|5279|0.380088,0.0147256
N9985|13714|0.207087,N9994|3985|0.298694,0.00538676
N9985|13714|0.207087,N9984|15144|3.31279,0.00694689
N9985|13714|0.207087,N9982|6452|0.30047,0.00307298
N9985|13714|0.207087,N9979|13090|1.524267,0.00538984
N9985|13714|0.207087,N9995|11169|0.095018,0.00848654
N9985|13714|0.207087,N9996|9280|2.587202,0.00849157
N9985|13714|0.207087,N10008|2048|0.176038,0.0131512
N9985|13714|0.207087,N9980|6926|0.811684,0.00616618
N9985|13714|0.207087,N9977|8185|2.44994,0.0147247
N9985|13714|0.207087,N10000|3571|1.200374,0.0100585
N9985|13714|0.207087,N9990|8796|0.29883,0.00850164
N9985|13714|0.207087,N9981|8343|4.943194,0.0131749
N9985|13714|0.207087,N9997|9473|1.575147,0.0124106
N9985|13714|0.207087,N9986|3239|0.136725,0.00927549
N9985|13714|0.207087,N9989|12587|5.539199,0.0108493
N9985|13714|0.207087,N9991|3356|4.003899,0.0139713
N9985|13714|0.207087,N9998|13481|1.227033,0.00770876
N10298|7700|1.966895,N10295|1976|0.696104,0.00538829
N10298|7700|1.966895,N10308|7071|0.582151,0.0139409
N10298|7700|1.966895,N10307|14002|0.117948,0.0147311
N11345|10231|0.07044,N11357|7423|1.888211,0.0140134
N11345|10231|0.07044,N11344|5304|0.017475,0
N11345|10231|0.07044,N11353|6988|0.241705,0.0139791
N11345|10231|0.07044,N11337|14009|3.192114,0.00851101
N11345|10231|0.07044,N11356|6647|1.107781,0.0132017
N11345|10231|0.07044,N11336|1750|1.140954,0.0092757
N11345|10231|0.07044,N11333|15173|0.298044,0.0123982
N11345|10231|0.07044,N11334|12468|1.530882,0.00926677
N11345|10231|0.07044,N11346|13045|2.514867,0.0147708
N11461|2877|0.897368,N11462|14660|0.116968,0.00385874
N11461|2877|0.897368,N11459|5137|0.887993,0.00693385
N11461|2877|0.897368,N11436|8642|2.737344,0.0123904
N11461|2877|0.897368,N11465|1674|3.954232,0.00849176
N11461|2877|0.897368,N11476|7720|0.188723,0.0131843
N11461|2877|0.897368,N11466|6960|0.69333,0.012398
N11461|2877|0.897368,N11439|4031|5.949013,0.0116232
N11461|2877|0.897368,N11432|8564|1.106573,0.0139499
N11461|2877|0.897368,N11460|4546|1.523002,0.00616111
N11461|2877|0.897368,N11463|14878|1.463977,0.00539649
N11461|2877|0.897368,N11440|9498|2.349682,0.0147577
N11461|2877|0.897368,N11472|6578|0.483504,0.0131843
N11461|2877|0.897368,N11447|15071|0.379129,0.0100497
N11461|2877|0.897368,N11471|13768|0.711381,0.0139618
N11461|2877|0.897368,N11455|6968|3.156725,0.0108249
N11461|2877|0.897368,N11452|2698|0.399768,0.0092746
N11461|2877|0.897368,N11417|2611|2.032126,0.014757
N8543|5534|1.731312,N8625|3854|0.755222,0.0147315
N8543|5534|1.731312,N8541|13638|8.498028,0.00771787
N8543|5534|1.731312,N8545|8408|2.651616,0.00539342
N8543|5534|1.731312,N8540|5827|5.462183,0.0108263
N8543|5534|1.731312,N8532|3610|2.520584,0.0108398
N8543|5534|1.731312,N8529|2948|0.719877,0.0139394
N8543|5534|1.731312,N8557|3708|1.262066,0.0147329
N8543|5534|1.731312,N8544|7232|0.87161,0.00616626
N8543|5534|1.731312,N8542|14167|3.9748,0.00538982
N8543|5534|1.731312,N8547|9642|2.033348,0.0115885
N8543|5534|1.731312,N8535|9122|0.13603,0.00771976
N8543|5534|1.731312,N8537|12736|0.793561,0.0100698
N8543|5534|1.731312,N8539|10972|3.907177,0.00616725
N8543|5534|1.731312,N8549|12863|1.403818,0.0131474
N12717|9925|0.465435,N12709|14585|1.050716,0.0115885
N12717|9925|0.465435,N12701|2282|0.18295,0.0115966
N12717|9925|0.465435,N12714|10751|1.147907,0.0116088
N12717|9925|0.465435,N12704|5082|0.077263,0.00926058
N12717|9925|0.465435,N12713|9021|0.783928,0.0108447
N12717|9925|0.465435,N12706|2094|2.755776,0.0131551
N12717|9925|0.465435,N12698|2168|0.184657,0.00849137
N12717|9925|0.465435,N12703|7544|2.064741,0.0123969
N12717|9925|0.465435,N12696|6059|0.392814,0.00848645
N9830|6964|0.640338,N9832|1525|1.122397,0.0108732
N9830|6964|0.640338,N9820|3484|0.38852,0.0108398
N9830|6964|0.640338,N9829|13984|2.773599,0.0061673
N9830|6964|0.640338,N9831|5311|1.423124,0.00153689
N9830|6964|0.640338,N9827|9083|2.365915,0.00461953
N9830|6964|0.640338,N9819|3524|3.039385,0.0116151
N9830|6964|0.640338,N9822|10407|0.064502,0.0084962
N10340|4232|1.303956,N10306|5814|2.442278,0.0147627
N10340|4232|1.303956,N10308|7071|0.582151,0.0100495
N10340|4232|1.303956,N10307|14002|0.117948,0.0108396
N10340|4232|1.303956,N10313|9230|1.208993,0.0131675
N10340|4232|1.303956,N10339|3305|1.988433,0.0139932
N10340|4232|1.303956,N10314|1679|0.052918,0.0116216
N10340|4232|1.303956,N10299|10444|2.378877,0.0147332
N10340|4232|1.303956,N10315|6133|1.421078,0.0139796
N8209|13205|2.961121,N8207|3966|1.218216,0.00693886
N8209|13205|2.961121,N8211|8123|0.377723,0.0123905
N8209|13205|2.961121,N8208|6083|2.403218,0.00848662
N11927|6594|5.927884,N11928|9652|0.075206,0.00616535
N10279|13227|1.228725,N10278|13801|0.829834,0.00693245
N10279|13227|1.228725,N10280|3070|1.573909,0.00615674
N10279|13227|1.228725,N10282|11059|0.381994,0.00848503
N10364|9025|0.732719,N10365|14245|1.181506,0.0108386
N10938|7310|0.422031,N10933|1640|1.358356,0.0108615
N10938|7310|0.422031,N10953|13733|0.631549,0.0131841
N10938|7310|0.422031,N10942|12337|1.821038,0.0147428
N10938|7310|0.422031,N10948|2336|1.56205,0.0131856
N10938|7310|0.422031,N10932|10182|2.090259,0.00929842
N10938|7310|0.422031,N10950|13305|2.123607,0.0131831
N10938|7310|0.422031,N10934|13815|0.189545,0.00307297
N10938|7310|0.422031,N10952|8842|2.528475,0.0147677
N10938|7310|0.422031,N10936|3645|4.274939,0.00617781
N10938|7310|0.422031,N10937|7754|3.135998,0.00693924
N10938|7310|0.422031,N10939|4559|0.840806,0.0038514
N12909|9940|2.619268,N12910|9913|0.973343,0.00693915
N12909|9940|2.619268,N12914|11168|0.355507,0.0092736
N12909|9940|2.619268,N12920|5874|3.240712,0.0108195
N12909|9940|2.619268,N12908|6786|1.944159,0.0108355
N12909|9940|2.619268,N12919|9151|0.917177,0.0108195
N12909|9940|2.619268,N12912|6916|0.539543,0.0108167
N12909|9940|2.619268,N12918|10244|5.925615,0.0139301
N10053|7659|0.406937,N10065|8060|1.039306,0.013978
N10053|7659|0.406937,N10094|7322|3.27339,0.0131874
N10053|7659|0.406937,N10054|3102|1.294006,0.0038514
N10053|7659|0.406937,N10096|4634|3.033585,0.0131873
N10053|7659|0.406937,N10052|2635|1.577136,0.008485
N10053|7659|0.406937,N10061|3384|0.179959,0.0116339
N10053|7659|0.406937,N10057|13681|0.686815,0.0140121
N12446|14104|5.533263,N12451|7630|2.06956,0.0139778
N12446|14104|5.533263,N12453|9718|1.313521,0.0108585
N12446|14104|5.533263,N12455|8365|0.335368,0.0108448
N12446|14104|5.533263,N12443|9845|0.533965,0.0132003
N12446|14104|5.533263,N12444|4137|0.107218,0.0123963
N12446|14104|5.533263,N12454|9739|0.606509,0.0100582
N12446|14104|5.533263,N12428|3118|1.22185,0.0147396
N12446|14104|5.533263,N12447|13631|1.752321,0.00849999
N12446|14104|5.533263,N12441|15258|0.530176,0.0139799
N8093|5261|3.066135,N8083|9553|1.485977,0.00770877
N8093|5261|3.066135,N8095|5237|1.987944,0.0139781
N8093|5261|3.066135,N8091|6232|0.813067,0.00538676
N8093|5261|3.066135,N8090|5485|0.952618,0.00927745
N8093|5261|3.066135,N8087|13268|0.069492,0.00694064
N8093|5261|3.066135,N8075|9102|0.980192,0.0124016
N8093|5261|3.066135,N8089|12579|1.42331,0.00771333
N8093|5261|3.066135,N8084|15213|0.362241,0.00925685
N8093|5261|3.066135,N8077|7225|1.930592,0.0108313
N8093|5261|3.066135,N8082|8867|2.053827,0.0139526
N8093|5261|3.066135,N8072|3618|3.874166,0.0147393
N8093|5261|3.066135,N8115|7316|3.675933,0.0147437
N8093|5261|3.066135,N8092|9654|0.063226,0.00384777
N10933|1640|1.358356,N10953|13733|0.631549,0.0147584
N10933|1640|1.358356,N10948|2336|1.56205,0.014774
N10933|1640|1.358356,N10932|10182|2.090259,0.00153463
N10933|1640|1.358356,N10950|13305|2.123607,0.0147504
N10933|1640|1.358356,N10934|13815|0.189545,0.00928386
N10933|1640|1.358356,N10936|3645|4.274939,0.0124463
N10933|1640|1.358356,N10937|7754|3.135998,0.013202
N10933|1640|1.358356,N10939|4559|0.840806,0.00851227
N8829|7668|1.400188,N8811|9539|0.100221,0.0139802
N8829|7668|1.400188,N8828|2039|1.535477,0.00384657
N8829|7668|1.400188,N8818|15382|2.100998,0.0108469
N8829|7668|1.400188,N8823|4658|8.87833,0.0123905
N8829|7668|1.400188,N8822|2710|4.614096,0.0100498
N8829|7668|1.400188,N8809|7652|0.05461,0.0139802
N8829|7668|1.400188,N8830|13127|0.348201,0.00616745
N8829|7668|1.400188,N8821|12006|0.782773,0.00772378
N11250|10513|2.717306,N11239|2706|0.06103,0.0100632
N11250|10513|2.717306,N11257|10396|3.68508,0.0139787
N11250|10513|2.717306,N11255|3313|1.707005,0.0108545
N11250|10513|2.717306,N11249|12952|0.190843,0.00461955
N11250|10513|2.717306,N11254|2673|4.351879,0.0132075
N11250|10513|2.717306,N11242|14132|0.054995,0.0100574
N11250|10513|2.717306,N11251|10061|0.941611,0.00385405
N11250|10513|2.717306,N11253|10802|1.437638,0.00617379
N11250|10513|2.717306,N11241|3858|0.478726,0.0131954
N11250|10513|2.717306,N11259|13651|4.526962,0.01477
N11250|10513|2.717306,N11256|8782|2.978578,0.0108422
N12498|9476|0.063085,N12488|12101|1.121635,0.00616538
N12498|9476|0.063085,N12475|4624|0.137927,0.0131685
N12498|9476|0.063085,N12459|10633|0.178368,0.0100322
N12498|9476|0.063085,N12495|13566|3.461848,0.00927025
N12498|9476|0.063085,N12421|5900|0.599175,0.0147139
N12498|9476|0.063085,N12530|10028|0.70269,0.0139639
N12498|9476|0.063085,N12564|8090|2.029125,0.0116
N12498|9476|0.063085,N12507|9063|0.371893,0.00929126
N12498|9476|0.063085,N12486|7707|0.199262,0.0108116
N12498|9476|0.063085,N12563|8865|1.422802,0.012379
N12498|9476|0.063085,N12535|11736|0.394495,0.0108238
N12498|9476|0.063085,N12541|4819|2.172499,0.0131807
N12498|9476|0.063085,N12508|14807|0.41106,0.00615991
N12498|9476|0.063085,N12555|4208|2.598968,0.0115929
N12498|9476|0.063085,N12562|4529|0.61832,0.0147343
N12498|9476|0.063085,N12524|7348|0.12227,0.0108166
N12498|9476|0.063085,N12603|6671|3.050434,0.0139465
N12498|9476|0.063085,N12531|6368|0.808906,0.0123974
N12498|9476|0.063085,N12465|9663|3.510964,0.0116141
N12498|9476|0.063085,N12462|6718|0.293305,0.012373
N12498|9476|0.063085,N12473|13030|2.051846,0.0123902
N12498|9476|0.063085,N12472|2949|0.315673,0.0139457
N12498|9476|0.063085,N12481|5745|0.140218,0.0131732
N12498|9476|0.063085,N12553|5590|1.684612,0.0123855
N12498|9476|0.063085,N12482|15143|0.193936,0.00694708
N12498|9476|0.063085,N12506|14424|6.30597,0.0124029
N12498|9476|0.063085,N12527|9237|0.448218,0.0115947
N12498|9476|0.063085,N12518|9895|2.414444,0.0123941
N12498|9476|0.063085,N12504|8693|0.601243,0.00384758
N12498|9476|0.063085,N12519|10480|2.16617,0.0108247
N12498|9476|0.063085,N12550|8083|0.027918,0.00926638
N12498|9476|0.063085,N12514|10912|1.103138,0.0147453
N12498|9476|0.063085,N12602|14045|0.864212,0.0139466
N12498|9476|0.063085,N12489|10602|3.074326,0.0124012
N12498|9476|0.063085,N12588|14367|1.187912,0.0123873
N12498|9476|0.063085,N12491|14941|6.537729,0.0100631
N12498|9476|0.063085,N12492|6139|1.973109,0.00461509
N12498|9476|0.063085,N12600|4349|1.436957,0.0139466
N12498|9476|0.063085,N12554|10454|0.637343,0.0084849
N12498|9476|0.063085,N12500|10430|1.273377,0.00461397
N12498|9476|0.063085,N12534|12395|1.442349,0.0108203
N12498|9476|0.063085,N12505|6802|1.904995,0.00616338
N12498|9476|0.063085,N12569|10700|0.180908,0.0131674
N12498|9476|0.063085,N12497|5875|0.074333,0.00153436
N12498|9476|0.063085,N12545|9734|2.533836,0.0139641
N12498|9476|0.063085,N12483|3059|1.085798,0.00926589
N12498|9476|0.063085,N12513|6383|0.180784,0.013178
N12498|9476|0.063085,N12480|6588|1.156968,0.013163
N12498|9476|0.063085,N12574|12439|0.14536,0.0147181
N12498|9476|0.063085,N12517|2545|1.034848,0.0116069
N12498|9476|0.063085,N12529|4469|3.56161,0.0116069
N12498|9476|0.063085,N12528|11921|2.139033,0.011608
N12498|9476|0.063085,N12461|3483|0.725069,0.012369
N12498|9476|0.063085,N12546|6374|0.291382,0.0139557
N12498|9476|0.063085,N12487|6538|4.703612,0.0108264
N12498|9476|0.063085,N12424|10163|0.680695,0.0139348
N12680|14791|2.936279,N12681|8571|6.803347,0.0108781
N12680|14791|2.936279,N12687|3549|0.172949,0.0139527
N12680|14791|2.936279,N12673|4752|1.088216,0.0139674
N12680|14791|2.936279,N12668|15202|0.179902,0.0123915
N12680|14791|2.936279,N12670|10894|2.37048,0.0131783
N12680|14791|2.936279,N12684|5768|0.171538,0.0123965
N7482|1963|3.70787,N7483|6020|4.771817,0.0147517
N8907|13265|0.444632,N8908|2462|2.130722,0.00307623
N8907|13265|0.444632,N8910|1624|0.190386,0.0108587
N8907|13265|0.444632,N8905|9682|0.829139,0.0116329
N9504|4699|0.169281,N9490|3199|3.288106,0.0139515
N9504|4699|0.169281,N9510|12778|1.414192,0.0131781
N9504|4699|0.169281,N9525|10317|1.701035,0.0123812
N9504|4699|0.169281,N9492|8720|1.571976,0.0100391
N9504|4699|0.169281,N9502|12775|0.091182,0.00771326
N9504|4699|0.169281,N9495|7893|0.163381,0.00693608
N9504|4699|0.169281,N9500|2227|1.218307,0.00926715
N9504|4699|0.169281,N9501|12957|4.881441,0.0139695
N9504|4699|0.169281,N9503|4006|0.215152,0.00384395
N9504|4699|0.169281,N9542|13337|0.791992,0.0139375
N9504|4699|0.169281,N9491|12440|0.015674,0.00770665
N9504|4699|0.169281,N9511|4037|0.11695,0.00693889
N9504|4699|0.169281,N9484|8231|2.243047,0.0147272
N9504|4699|0.169281,N9508|3512|0.122202,0.00616171
N9504|4699|0.169281,N9507|10649|0.049628,0.00230291
N11288|13108|0.384806,N11278|7842|1.936678,0.01318
N11288|13108|0.384806,N11272|7605|0.463027,0.0131803
N11288|13108|0.384806,N11284|8731|0.171845,0.00461766
N11288|13108|0.384806,N11282|15176|0.441175,0.00384787
N11288|13108|0.384806,N11277|3094|1.405953,0.0147142
N11288|13108|0.384806,N11279|13880|0.575043,0.0147401
N11288|13108|0.384806,N11298|1906|1.368261,0.00849663
N11288|13108|0.384806,N11276|2917|0.721746,0.013941
N11288|13108|0.384806,N11285|11733|3.987936,0.00848658
N11288|13108|0.384806,N11297|9919|1.01418,0.00927866
N11288|13108|0.384806,N11295|8972|0.955216,0.00927866
N11288|13108|0.384806,N11294|5556|0.119875,0.00849309
N11288|13108|0.384806,N11289|6772|3.546387,0.00538677
N11288|13108|0.384806,N11287|1604|0.798294,0.00153795
N7274|1460|0.085973,N7275|4384|1.960031,0.00462816
N7274|1460|0.085973,N7279|7315|1.926241,0.0148107
N7274|1460|0.085973,N7280|3585|1.516432,0.0132387
N7717|7342|4.825677,N7718|9076|4.496712,0.0132172
N8061|15354|0.193959,N8051|12609|3.009373,0.0139991
N8061|15354|0.193959,N8063|14653|0.561861,0.00775363
N8061|15354|0.193959,N8064|7862|3.785997,0.0108638
N8061|15354|0.193959,N8050|12356|0.711973,0.0132297
N8061|15354|0.193959,N8062|4565|0.295967,0.00933973
N8061|15354|0.193959,N8068|9245|1.768072,0.0085267
N9700|6604|0.797607,N9701|8709|1.632406,0.00539634
N9700|6604|0.797607,N9702|13366|2.515764,0.00539634
N9700|6604|0.797607,N9703|6717|0.552307,0.00618808
N9700|6604|0.797607,N9699|7120|1.582618,0.00617784
N9700|6604|0.797607,N9696|14498|5.512639,0.0147715
N7887|15247|1.195676,N7878|13273|0.48581,0.0147562
N7887|15247|1.195676,N7886|11490|0.911306,0.0023047
N7887|15247|1.195676,N7877|6834|2.985305,0.0139643
N9398|2413|1.127416,N9394|7196|2.769976,0.00771202
N9398|2413|1.127416,N9416|3982|2.127591,0.0100607
N9398|2413|1.127416,N9393|2307|0.682241,0.0147702
N9398|2413|1.127416,N9359|13859|0.138749,0.0108445
N9398|2413|1.127416,N9429|6293|0.044463,0.00851071
N9398|2413|1.127416,N9368|5528|1.847757,0.0147716
N9398|2413|1.127416,N9419|8042|1.209773,0.0116331
N9398|2413|1.127416,N9432|6316|2.40081,0.0139558
N9398|2413|1.127416,N9420|3100|3.388402,0.01241
N9398|2413|1.127416,N9382|3614|0.131365,0.0147577
N9398|2413|1.127416,N9413|7854|2.302913,0.01241
N9398|2413|1.127416,N9370|6191|0.044663,0.0139939
N9398|2413|1.127416,N9411|12961|0.776325,0.00694683
N9398|2413|1.127416,N9414|3729|3.038117,0.0124239
N9398|2413|1.127416,N9405|11433|2.621768,0.0100496
N9398|2413|1.127416,N9433|9770|1.952284,0.0147675
N9398|2413|1.127416,N9426|2312|2.112556,0.0131781
N9398|2413|1.127416,N9417|14062|0.337818,0.00927734
N9398|2413|1.127416,N9425|10731|0.354384,0.0108383
N9398|2413|1.127416,N9358|15303|1.043357,0.0116215
N9398|2413|1.127416,N9399|10757|3.06532,0.0061643
N9398|2413|1.127416,N9404|11969|0.138192,0.00770669
N9398|2413|1.127416,N9410|13851|2.199643,0.0092841
N12932|9674|3.038028,N12930|8008|1.657687,0.0053901
N7723|10507|2.937403,N7726|9736|0.783632,0.0131685
N7723|10507|2.937403,N7719|3155|0.90712,0.0069407
N12759|12675|0.102362,N12770|5861|0.616059,0.0131826
N12759|12675|0.102362,N12751|14883|0.545789,0.00927736
N12759|12675|0.102362,N12756|2309|1.276595,0.00771788
N12759|12675|0.102362,N12718|13208|0.414143,0.0147287
N12759|12675|0.102362,N12755|12020|0.149553,0.00694528
N12759|12675|0.102362,N12803|2064|0.265817,0.0123908
N12759|12675|0.102362,N12773|4711|4.266417,0.0147247
N12759|12675|0.102362,N12720|1572|0.182671,0.0147435
N12759|12675|0.102362,N12804|2693|0.587741,0.0131648
N12759|12675|0.102362,N12795|4574|2.553366,0.0124025
N12759|12675|0.102362,N12805|7599|5.251764,0.0116023
N12759|12675|0.102362,N12760|3800|0.656399,0.0131674
N12759|12675|0.102362,N12769|13527|0.825958,0.01239
N12759|12675|0.102362,N12754|12915|1.230618,0.00927531
N12759|12675|0.102362,N12802|8143|0.716222,0.0139609
N12759|12675|0.102362,N12797|2791|0.77827,0.0116138
N12759|12675|0.102362,N12747|10085|0.02083,0.00849622
N12759|12675|0.102362,N12765|5223|0.290977,0.0131745
N12759|12675|0.102362,N12763|9214|0.250753,0.00849271
N12759|12675|0.102362,N12794|1915|0.264954,0.0116123
N12759|12675|0.102362,N12748|6117|1.604552,0.0116091
N12759|12675|0.102362,N12735|13411|1.300204,0.0123845
N12759|12675|0.102362,N12782|13348|2.56449,0.0139394
N12759|12675|0.102362,N12762|13412|1.090735,0.0115958
N8763|14338|6.18668,N8757|4441|2.75974,0.00848651
N8763|14338|6.18668,N8759|4690|2.319409,0.00928597
N8763|14338|6.18668,N8758|8777|0.09301,0.00771098
N8763|14338|6.18668,N8764|12685|0.934665,0.00461259
N8763|14338|6.18668,N8760|12347|3.160725,0.00849274
N8763|14338|6.18668,N8761|11781|3.509813,0.00926426
N12190|2161|1.550777,N12192|4991|1.889422,0.00307626
N12190|2161|1.550777,N12191|8703|2.557036,0.00385019
N12190|2161|1.550777,N12188|2519|1.158587,0.0100671
N12190|2161|1.550777,N12180|2451|2.75645,0.0147894
N9146|8745|1.619494,N9148|6263|0.734975,0.00539067
N9146|8745|1.619494,N9142|8205|1.127885,0.00927045
N9146|8745|1.619494,N9143|9789|0.150846,0.00849051
N9146|8745|1.619494,N9150|13941|2.000419,0.0131899
N9146|8745|1.619494,N9145|12677|0.169826,0.00693616
N9146|8745|1.619494,N9147|11226|3.773725,0.00616554
N9146|8745|1.619494,N9144|4756|1.186141,0.00926652
N8143|6918|0.428745,N8144|9528|3.592328,0.0124138
N8143|6918|0.428745,N8147|6853|1.322031,0.0147741
N8143|6918|0.428745,N8145|13936|3.470108,0.0147591
N8143|6918|0.428745,N8170|12462|1.287377,0.013973
N8143|6918|0.428745,N8142|5696|3.433193,0.0030739
N8143|6918|0.428745,N8159|14322|1.114167,0.0147706
N8143|6918|0.428745,N8163|5056|0.324114,0.0132174
N8508|9851|0.401994,N8503|15242|1.051186,0.0139614
N8508|9851|0.401994,N8512|14353|0.054117,0.0100513
N8508|9851|0.401994,N8504|14509|1.010982,0.00461951
N8508|9851|0.401994,N8510|1909|0.102184,0.00384781
N12360|4271|6.1277,N12363|7097|1.341347,0.0147564
N12360|4271|6.1277,N12362|2705|2.227795,0.0139558
N8376|8702|4.226601,N8379|3450|0.362307,0.0124137
N8376|8702|4.226601,N8375|12452|2.482685,0.0147914
N8376|8702|4.226601,N8382|11492|1.764649,0.012441
N8376|8702|4.226601,N8377|4310|0.039595,0.0108582
N8376|8702|4.226601,N8381|9511|0.167241,0.0116673
N8376|8702|4.226601,N8373|6621|4.001402,0.0116333
N8376|8702|4.226601,N8374|10238|9.3E-5,0.0108447
N9585|15198|1.129819,N9586|7161|3.918879,0.0085001
N7916|5644|3.131665,N7918|3940|1.356108,0.0147396
N7916|5644|3.131665,N7915|10867|3.088435,0.0108266
N7916|5644|3.131665,N7909|4014|2.262508,0.0116071
N7916|5644|3.131665,N7910|2934|1.169772,0.0139561
N7916|5644|3.131665,N7914|14725|2.388759,0.012398
N7916|5644|3.131665,N7912|10772|0.239024,0.0108241
N8470|5934|3.397941,N8469|11656|0.733795,0.00616949
N8470|5934|3.397941,N8473|12230|1.783264,0.0147499
N8470|5934|3.397941,N8474|13424|0.489979,0.0147505
N8470|5934|3.397941,N8480|13341|0.082904,0.0147332
N8470|5934|3.397941,N8487|11714|0.291764,0.0139526
N8470|5934|3.397941,N8464|6997|0.845618,0.0131747
N9394|7196|2.769976,N9416|3982|2.127591,0.0132001
N9394|7196|2.769976,N9429|6293|0.044463,0.0116528
N9394|7196|2.769976,N9419|8042|1.209773,0.0147927
N9394|7196|2.769976,N9411|12961|0.776325,0.00850509
N9394|7196|2.769976,N9405|11433|2.621768,0.0131746
N9394|7196|2.769976,N9417|14062|0.337818,0.0124088
N9394|7196|2.769976,N9425|10731|0.354384,0.013967
N9394|7196|2.769976,N9399|10757|3.06532,0.00927367
N9394|7196|2.769976,N9404|11969|0.138192,0.0108258
N9394|7196|2.769976,N9410|13851|2.199643,0.0108477
N11538|11013|1.022348,N11530|12697|1.748775,0.00617333
N11538|11013|1.022348,N11535|7769|2.633978,0.0100576
N11538|11013|1.022348,N11524|6585|0.421476,0.0140095
N11538|11013|1.022348,N11532|1790|5.236862,0.0108384
N11538|11013|1.022348,N11534|10703|0.757553,0.0077182
N11538|11013|1.022348,N11539|11393|0.198572,0.00153795
N11538|11013|1.022348,N11531|8005|0.409323,0.00780026
N11538|11013|1.022348,N11537|9896|5.27525,0.0139613
N11538|11013|1.022348,N11509|7537|0.30586,0.01401
N11538|11013|1.022348,N11536|8711|0.193032,0.0061739
N11538|11013|1.022348,N11526|15011|1.043239,0.0140096
N8469|11656|0.733795,N8486|8715|1.616419,0.0115959
N8469|11656|0.733795,N8479|14258|4.666982,0.0147693
N8469|11656|0.733795,N8473|12230|1.783264,0.0100449
N8469|11656|0.733795,N8474|13424|0.489979,0.0100486
N8469|11656|0.733795,N8480|13341|0.082904,0.010036
N8469|11656|0.733795,N8485|1558|3.936767,0.0147256
N8469|11656|0.733795,N8482|6029|0.305383,0.0108196
N8469|11656|0.733795,N8483|13013|1.452695,0.0123731
N8469|11656|0.733795,N8471|4558|4.386056,0.0139614
N8469|11656|0.733795,N8487|11714|0.291764,0.00926064
N8469|11656|0.733795,N8464|6997|0.845618,0.0084865
N8998|14098|3.332041,N9005|9621|0.184888,0.0108509
N8998|14098|3.332041,N8997|12760|0.707051,0.00384659
N8224|7304|1.312538,N8231|2022|0.183436,0.0124075
N8224|7304|1.312538,N8226|13829|0.208442,0.00616922
N8224|7304|1.312538,N8228|7326|1.080997,0.00850509
N8224|7304|1.312538,N8227|6831|3.380801,0.014758
N8224|7304|1.312538,N8230|11367|1.090861,0.0108399
N8224|7304|1.312538,N8223|15199|0.150591,0.00617486
N8224|7304|1.312538,N8229|12704|0.376581,0.00539534
N11962|3096|5.201551,N11959|8119|0.89737,0.00925928
N11962|3096|5.201551,N11963|11284|0.294758,0.00693054
N9416|3982|2.127591,N9359|13859|0.138749,0.0132035
N9416|3982|2.127591,N9429|6293|0.044463,0.00462044
N9416|3982|2.127591,N9368|5528|1.847757,0.0139937
N9416|3982|2.127591,N9419|8042|1.209773,0.00771987
N9416|3982|2.127591,N9432|6316|2.40081,0.011614
N9416|3982|2.127591,N9420|3100|3.388402,0.00849625
N9416|3982|2.127591,N9413|7854|2.302913,0.00849624
N9416|3982|2.127591,N9370|6191|0.044663,0.0132168
N9416|3982|2.127591,N9411|12961|0.776325,0.00928435
N9416|3982|2.127591,N9414|3729|3.038117,0.008501
N9416|3982|2.127591,N9405|11433|2.621768,0.0116218
N9416|3982|2.127591,N9433|9770|1.952284,0.0124176
N9416|3982|2.127591,N9426|2312|2.112556,0.010838
N9416|3982|2.127591,N9417|14062|0.337818,0.00539524
N9416|3982|2.127591,N9425|10731|0.354384,0.0069549
N9416|3982|2.127591,N9358|15303|1.043357,0.0139854
N9416|3982|2.127591,N9399|10757|3.06532,0.0116378
N9416|3982|2.127591,N9404|11969|0.138192,0.00926651
N9416|3982|2.127591,N9410|13851|2.199643,0.0116343
N7595|2100|3.352798,N7605|9220|0.78423,0.0123918
N7595|2100|3.352798,N7613|2721|3.006235,0.0123778
N7595|2100|3.352798,N7612|1953|2.630362,0.0116072
N7595|2100|3.352798,N7604|7734|1.196841,0.0131844
N7595|2100|3.352798,N7600|10922|3.58875,0.0123983
N7595|2100|3.352798,N7597|8505|0.083789,0.0108268
N7595|2100|3.352798,N7603|12566|1.558334,0.0124018
N7595|2100|3.352798,N7599|5087|0.891603,0.0123909
N7595|2100|3.352798,N7623|1912|0.329254,0.0147395
N7595|2100|3.352798,N7618|8594|1.069863,0.0123903
N7595|2100|3.352798,N7616|10188|1.521941,0.0123904
N7595|2100|3.352798,N7620|13891|0.667006,0.014751
N9393|2307|0.682241,N9359|13859|0.138749,0.0116342
N9393|2307|0.682241,N9368|5528|1.847757,0.0124014
N9393|2307|0.682241,N9385|1958|3.873197,0.0139856
N9393|2307|0.682241,N9259|8520|0.048263,0.0139711
N9393|2307|0.682241,N9390|2933|0.66356,0.0139525
N9393|2307|0.682241,N9257|6339|0.058928,0.0147573
N9393|2307|0.682241,N9255|14771|0.350205,0.0147573
N9393|2307|0.682241,N9382|3614|0.131365,0.0124074
N9393|2307|0.682241,N9381|3359|1.575732,0.0139938
N9393|2307|0.682241,N9370|6191|0.044663,0.0116255
N9393|2307|0.682241,N9367|13918|2.215421,0.0147505
N9393|2307|0.682241,N9358|15303|1.043357,0.0124134
N9393|2307|0.682241,N9363|2727|3.279489,0.0147586
N10675|4253|0.455043,N10676|7794|14.231926,0.0139775
N10675|4253|0.455043,N10627|12509|0.164316,0.0147575
N10675|4253|0.455043,N10602|3429|0.531763,0.0147892
N10675|4253|0.455043,N10671|13240|0.540271,0.0100605
N10675|4253|0.455043,N10670|1806|0.129869,0.0100719
N10675|4253|0.455043,N10677|9282|1.543755,0.0131746
N8811|9539|0.100221,N8816|11877|6.49092,0.0131833
N8811|9539|0.100221,N8814|6773|4.388186,0.0123894
N8811|9539|0.100221,N8828|2039|1.535477,0.0131922
N8811|9539|0.100221,N8808|7597|2.501861,0.0046162
N8811|9539|0.100221,N8813|2637|0.544467,0.00927436
N8811|9539|0.100221,N8809|7652|0.05461,0.00307481
N8811|9539|0.100221,N8868|14599|0.735291,0.0147496
N9192|8439|1.719298,N9212|11276|1.009717,0.0147398
N9192|8439|1.719298,N9195|9968|2.978135,0.0115965
N7241|9295|0.149992,N7245|13271|0.815363,0.00307701
N7241|9295|0.149992,N7258|10758|0.581307,0.0131881
N7241|9295|0.149992,N7239|8793|0.289335,0.00694812
N7241|9295|0.149992,N7240|14437|5.997434,0.0116222
N7241|9295|0.149992,N7247|8006|0.155368,0.00230454
N7241|9295|0.149992,N7255|4944|0.47656,0.0139529
N7241|9295|0.149992,N7243|13845|6.779431,0.00848067
N7241|9295|0.149992,N7248|6507|2.903563,0.0046152
N7241|9295|0.149992,N7246|1982|0.640787,0.00461627
N7241|9295|0.149992,N7262|2821|1.430439,0.0132121
N8591|4533|1.628251,N8583|8725|2.629299,0.0131746
N8591|4533|1.628251,N8596|10492|1.664659,0.00539624
N8591|4533|1.628251,N8599|13315|1.800522,0.00695613
N8591|4533|1.628251,N8598|9678|4.893148,0.0100581
N8591|4533|1.628251,N8578|15099|0.090513,0.0116041
N8591|4533|1.628251,N8610|13391|2.668862,0.0139466
N8591|4533|1.628251,N8564|4408|0.742398,0.0139671
N8591|4533|1.628251,N8592|5055|2.510444,0.00462041
N8591|4533|1.628251,N8602|9185|4.229929,0.0139607
N8591|4533|1.628251,N8586|2351|0.429267,0.00771992
N8591|4533|1.628251,N8593|14066|6.884081,0.00307296
N8591|4533|1.628251,N8594|10280|0.478187,0.00230858
N8591|4533|1.628251,N8597|3589|2.374505,0.00928373
N8591|4533|1.628251,N8603|14859|1.315696,0.00849034
N8591|4533|1.628251,N8606|11109|4.121354,0.0123909
N8591|4533|1.628251,N8585|6747|4.03225,0.0131747
N8591|4533|1.628251,N8581|6371|0.050036,0.0100698
N8591|4533|1.628251,N8574|1551|0.966694,0.011608
N8591|4533|1.628251,N8600|9314|0.056536,0.00849034
N13049|2463|0.241606,N13062|8226|0.442183,0.0108441
N13049|2463|0.241606,N13050|8552|0.300629,0.0023045
N13049|2463|0.241606,N13066|11539|2.641891,0.0131862
N13049|2463|0.241606,N13057|8415|0.620575,0.00618483
N13049|2463|0.241606,N13054|12514|5.889927,0.0116661
N13049|2463|0.241606,N13035|2966|0.267509,0.0124096
N13049|2463|0.241606,N13044|14894|0.279795,0.0108352
N13049|2463|0.241606,N13058|11167|1.17044,0.00929588
N13049|2463|0.241606,N13052|14348|1.81875,0.00461618
N13049|2463|0.241606,N13053|4954|0.008268,0.00385004
N13049|2463|0.241606,N13031|1964|2.547926,0.0147502
N13049|2463|0.241606,N13046|7586|0.27506,0.0116212
N9242|4108|3.081762,N9248|4375|1.148923,0.00926438
N9242|4108|3.081762,N9239|14615|0.547723,0.0116129
N9242|4108|3.081762,N9241|8223|0.166378,0.00540456
N9242|4108|3.081762,N9250|11217|1.363665,0.0123978
N12488|12101|1.121635,N12475|4624|0.137927,0.0147576
N12488|12101|1.121635,N12459|10633|0.178368,0.0131714
N12488|12101|1.121635,N12495|13566|3.461848,0.0139786
N12488|12101|1.121635,N12564|8090|2.029125,0.0131781
N12488|12101|1.121635,N12507|9063|0.371893,0.0108653
N12488|12101|1.121635,N12486|7707|0.199262,0.0108202
N12488|12101|1.121635,N12563|8865|1.422802,0.0139612
N12488|12101|1.121635,N12535|11736|0.394495,0.0124012
N12488|12101|1.121635,N12541|4819|2.172499,0.0147722
N12488|12101|1.121635,N12508|14807|0.41106,0.00771983
N12488|12101|1.121635,N12555|4208|2.598968,0.0131646
N12488|12101|1.121635,N12524|7348|0.12227,0.0123912
N12488|12101|1.121635,N12531|6368|0.808906,0.0139852
N12488|12101|1.121635,N12465|9663|3.510964,0.0132007
N12488|12101|1.121635,N12462|6718|0.293305,0.0139524
N12488|12101|1.121635,N12473|13030|2.051846,0.0139794
N12488|12101|1.121635,N12481|5745|0.140218,0.0147582
N12488|12101|1.121635,N12553|5590|1.684612,0.013967
N12488|12101|1.121635,N12482|15143|0.193936,0.00851202
N12488|12101|1.121635,N12527|9237|0.448218,0.0131715
N12488|12101|1.121635,N12518|9895|2.414444,0.0139842
N12488|12101|1.121635,N12504|8693|0.601243,0.00851206
N12488|12101|1.121635,N12519|10480|2.16617,0.0124063
N12488|12101|1.121635,N12550|8083|0.027918,0.0108397
N12488|12101|1.121635,N12489|10602|3.074326,0.0124156
N12488|12101|1.121635,N12588|14367|1.187912,0.0139723
N12488|12101|1.121635,N12491|14941|6.537729,0.0116405
N12488|12101|1.121635,N12492|6139|1.973109,0.00927012
N12488|12101|1.121635,N12396|15125|0.104996,0.0147425
N12488|12101|1.121635,N12554|10454|0.637343,0.0108311
N12488|12101|1.121635,N12500|10430|1.273377,0.00927558
N12488|12101|1.121635,N12534|12395|1.442349,0.0123991
N12488|12101|1.121635,N12505|6802|1.904995,0.0108195
N12488|12101|1.121635,N12569|10700|0.180908,0.0131837
N12488|12101|1.121635,N12497|5875|0.074333,0.00616535
N12488|12101|1.121635,N12483|3059|1.085798,0.0108381
N12488|12101|1.121635,N12513|6383|0.180784,0.0147699
N12488|12101|1.121635,N12480|6588|1.156968,0.0147452
N12488|12101|1.121635,N12517|2545|1.034848,0.0131919
N12488|12101|1.121635,N12529|4469|3.56161,0.0131919
N12488|12101|1.121635,N12528|11921|2.139033,0.0139842
N12488|12101|1.121635,N12487|6538|4.703612,0.00771733
N8650|1933|1.332269,N8645|4038|0.360107,0.00153498
N8650|1933|1.332269,N8625|3854|0.755222,0.0139723
N8650|1933|1.332269,N8641|4497|0.145991,0.0124099
N8650|1933|1.332269,N8646|6837|1.216101,0.00230595
N8650|1933|1.332269,N8635|7231|0.13617,0.0147495
N8650|1933|1.332269,N8648|9583|0.937579,0.00153498
N8650|1933|1.332269,N8639|7321|1.594604,0.0147575
N10664|11331|0.274135,N10657|13538|1.741755,0.0131869
N12910|9913|0.973343,N12914|11168|0.355507,0.0085112
N12910|9913|0.973343,N12920|5874|3.240712,0.0100564
N12910|9913|0.973343,N12908|6786|1.944159,0.01007
N12910|9913|0.973343,N12919|9151|0.917177,0.0100564
N12910|9913|0.973343,N12912|6916|0.539543,0.0100514
N12910|9913|0.973343,N12918|10244|5.925615,0.0131609
N12111|12857|0.124219,N12095|6280|0.840689,0.0124242
N12111|12857|0.124219,N12109|6386|1.485353,0.0116249
N12111|12857|0.124219,N12101|8940|3.365213,0.0139992
N12111|12857|0.124219,N12112|3911|1.050978,0.00307295
N12111|12857|0.124219,N12096|4098|1.821324,0.0124362
N12111|12857|0.124219,N12110|11218|0.923665,0.00539051
N10336|10374|0.527444,N10338|11283|1.865322,0.00926541
N10336|10374|0.527444,N10308|7071|0.582151,0.0131716
N10336|10374|0.527444,N10307|14002|0.117948,0.0139607
N10336|10374|0.527444,N10314|1679|0.052918,0.0147496
N9771|1375|1.112466,N9786|6325|1.393156,0.013161
N9771|1375|1.112466,N9782|7673|0.145769,0.013956
N9771|1375|1.112466,N9770|2752|0.871925,0.00694099
N9771|1375|1.112466,N9772|13322|0.457933,0.00461619
N9771|1375|1.112466,N9769|6354|1.277459,0.00926649
N8176|6430|0.414331,N8172|14128|2.184422,0.0139725
N8176|6430|0.414331,N8214|11238|0.781893,0.0139615
N8176|6430|0.414331,N8188|1643|3.838888,0.00928262
N8176|6430|0.414331,N8186|2195|0.728828,0.0108467
N8176|6430|0.414331,N8194|3761|1.134226,0.0124273
N8176|6430|0.414331,N8219|11882|3.212392,0.0123915
N8176|6430|0.414331,N8220|1458|2.639699,0.0147585
N8176|6430|0.414331,N8180|1655|1.115515,0.0092704
N8176|6430|0.414331,N8189|11388|1.488916,0.0100582
N8176|6430|0.414331,N8205|11108|3.60963,0.0132346
N8176|6430|0.414331,N8204|8732|5.697496,0.0132003
N8176|6430|0.414331,N8179|5845|2.87042,0.0100565
N8176|6430|0.414331,N8178|6829|5.024306,0.0100487
N8176|6430|0.414331,N8230|11367|1.090861,0.0140121
N8176|6430|0.414331,N8200|14143|0.460304,0.0116152
N8176|6430|0.414331,N8206|5109|0.82291,0.0116859
N8176|6430|0.414331,N8174|6184|1.425553,0.0108265
N8176|6430|0.414331,N8203|11050|0.018259,0.00929612
N9351|2120|3.029378,N9350|15286|0.742999,0.0061582
N9351|2120|3.029378,N9340|13662|3.058796,0.0123776
N9351|2120|3.029378,N9349|10069|1.964609,0.00848459
N9351|2120|3.029378,N9331|12217|1.148734,0.0147247
N9351|2120|3.029378,N9333|13054|1.645774,0.012373
N9351|2120|3.029378,N9344|3471|0.361147,0.0116007
N9351|2120|3.029378,N9342|14450|0.850897,0.0108195
N9351|2120|3.029378,N9334|8076|0.202191,0.0108195
N11278|7842|1.936678,N11263|9326|0.863094,0.0116139
N11278|7842|1.936678,N11268|1588|0.835826,0.0131764
N11278|7842|1.936678,N11272|7605|0.463027,0.00772763
N11278|7842|1.936678,N11284|8731|0.171845,0.0131679
N11278|7842|1.936678,N11282|15176|0.441175,0.0123898
N11278|7842|1.936678,N11277|3094|1.405953,0.010817
N11278|7842|1.936678,N11279|13880|0.575043,0.00462131
N11278|7842|1.936678,N11265|11932|2.622816,0.010836
N11278|7842|1.936678,N11298|1906|1.368261,0.0139395
N11278|7842|1.936678,N11276|2917|0.721746,0.00848648
N11278|7842|1.936678,N11275|11561|4.666159,0.0147401
N11278|7842|1.936678,N11274|11186|2.075797,0.00849176
N11278|7842|1.936678,N11297|9919|1.01418,0.0147249
N11278|7842|1.936678,N11295|8972|0.955216,0.0147249
N11278|7842|1.936678,N11294|5556|0.119875,0.0139344
N11278|7842|1.936678,N11287|1604|0.798294,0.0131801
N12475|4624|0.137927,N12459|10633|0.178368,0.0108196
N12475|4624|0.137927,N12508|14807|0.41106,0.0131864
N12475|4624|0.137927,N12524|7348|0.12227,0.0139669
N12475|4624|0.137927,N12465|9663|3.510964,0.00772716
N12475|4624|0.137927,N12462|6718|0.293305,0.0116089
N12475|4624|0.137927,N12473|13030|2.051846,0.00694092
N12475|4624|0.137927,N12472|2949|0.315673,0.00848651
N12475|4624|0.137927,N12460|14159|2.404334,0.0147453
N12475|4624|0.137927,N12518|9895|2.414444,0.013194
N12475|4624|0.137927,N12519|10480|2.16617,0.0116217
N12475|4624|0.137927,N12550|8083|0.027918,0.013195
N12475|4624|0.137927,N12554|10454|0.637343,0.0131838
N12475|4624|0.137927,N12534|12395|1.442349,0.0147575
N12475|4624|0.137927,N12497|5875|0.074333,0.0131685
N12475|4624|0.137927,N12517|2545|1.034848,0.0124072
N12475|4624|0.137927,N12476|9967|1.35257,0.00852507
N12475|4624|0.137927,N12461|3483|0.725069,0.013161
N7370|13914|1.047754,N7372|14442|0.013095,0.00307701
N7370|13914|1.047754,N7368|6338|0.854409,0.0108623
N7370|13914|1.047754,N7366|4395|0.099439,0.0147754
N7370|13914|1.047754,N7364|14981|1.278328,0.0124107
N7370|13914|1.047754,N7361|4656|0.357697,0.0148142
N7370|13914|1.047754,N7358|8381|0.416148,0.0148143
N7370|13914|1.047754,N7365|6936|1.085228,0.0139702
N7370|13914|1.047754,N7363|2573|0.103245,0.0116536
N7318|3757|1.01854,N7319|5594|2.161117,0.00384301
N7318|3757|1.01854,N7320|6208|0.295982,0.0100582
N9781|9405|1.711988,N9786|6325|1.393156,0.0108357
N9781|9405|1.711988,N9782|7673|0.145769,0.00384234
N9781|9405|1.711988,N9772|13322|0.457933,0.0131874
N9781|9405|1.711988,N9784|14679|1.191138,0.0139428
N12366|13347|1.611815,N12365|7645|0.252699,0.00230593
N12366|13347|1.611815,N12370|4459|1.397163,0.0100524
N12366|13347|1.611815,N12371|13404|1.919869,0.0123843
N12366|13347|1.611815,N12353|8771|0.123274,0.0147585
N12366|13347|1.611815,N12369|13497|0.468312,0.0084902
N12366|13347|1.611815,N12373|12163|1.077838,0.0116067
N9110|13207|3.571455,N9134|1592|0.274906,0.0147893
N9110|13207|3.571455,N9115|2253|1.392066,0.00931074
N9110|13207|3.571455,N9114|12028|0.249049,0.00852337
N9110|13207|3.571455,N9133|10512|0.63993,0.0147738
N9110|13207|3.571455,N9112|10385|2.194996,0.0148106
N11239|2706|0.06103,N11257|10396|3.68508,0.0116255
N11239|2706|0.06103,N11255|3313|1.707005,0.0085123
N11239|2706|0.06103,N11249|12952|0.190843,0.0084962
N11239|2706|0.06103,N11254|2673|4.351879,0.0108509
N11239|2706|0.06103,N11242|14132|0.054995,0.00927021
N11239|2706|0.06103,N11251|10061|0.941611,0.00771986
N11239|2706|0.06103,N11253|10802|1.437638,0.0100573
N11239|2706|0.06103,N11241|3858|0.478726,0.0124013
N11239|2706|0.06103,N11259|13651|4.526962,0.0123976
N11239|2706|0.06103,N11174|7612|0.80396,0.0147333
N11239|2706|0.06103,N11173|12964|0.86605,0.0147334
N11239|2706|0.06103,N11256|8782|2.978578,0.00850071
N11749|5038|0.065333,N11724|2166|0.071798,0.0147531
N11749|5038|0.065333,N11751|3884|1.015471,0.00230474
N11749|5038|0.065333,N11752|3405|1.453127,0.00540183
N11749|5038|0.065333,N11739|8773|0.76672,0.0147496
N11749|5038|0.065333,N11755|7774|2.847504,0.00616947
N11749|5038|0.065333,N11753|8071|1.008932,0.0038539
N11749|5038|0.065333,N11742|13166|1.442792,0.0139713
N11749|5038|0.065333,N11750|6476|2.003128,0.00616756
N11749|5038|0.065333,N11740|12167|0.065432,0.0131827
N11749|5038|0.065333,N11756|13003|2.695778,0.00925967
N11798|12109|2.516336,N11794|15274|0.512393,0.0123985
N11798|12109|2.516336,N11839|7609|1.095137,0.0147751
N11798|12109|2.516336,N11806|8834|2.729095,0.012425
N11798|12109|2.516336,N11808|11992|1.485664,0.0132015
N11798|12109|2.516336,N11800|14940|1.058674,0.0092749
N11798|12109|2.516336,N11797|9811|2.536506,0.0053899
N11798|12109|2.516336,N11795|11647|0.638361,0.00461627
N11798|12109|2.516336,N11796|14497|1.160662,0.00771352
N11798|12109|2.516336,N11832|5076|0.375143,0.0131926
N11798|12109|2.516336,N11845|7795|0.316845,0.013202
N11798|12109|2.516336,N11805|9530|2.079066,0.0132183
N11798|12109|2.516336,N11799|11006|0.930139,0.00461627
N11798|12109|2.516336,N11801|13264|1.168057,0.0100492
N11798|12109|2.516336,N11844|10359|0.208095,0.0139818
N8172|14128|2.184422,N8188|1643|3.838888,0.0123993
N8172|14128|2.184422,N8186|2195|0.728828,0.0139715
N8172|14128|2.184422,N8231|2022|0.183436,0.0124411
N8172|14128|2.184422,N8226|13829|0.208442,0.0131941
N8172|14128|2.184422,N8189|11388|1.488916,0.0131686
N8172|14128|2.184422,N8230|11367|1.090861,0.00929637
N8172|14128|2.184422,N8200|14143|0.460304,0.0147395
N8172|14128|2.184422,N8223|15199|0.150591,0.0131954
N8172|14128|2.184422,N8206|5109|0.82291,0.014789
N8172|14128|2.184422,N8229|12704|0.376581,0.0139799
N8172|14128|2.184422,N8203|11050|0.018259,0.0124014
N8969|4867|1.87617,N8968|1807|1.211901,0.0085259
N8969|4867|1.87617,N8966|5713|0.015611,0.0139907
N9601|6691|0.91564,N9602|7738|0.577094,0.0100699
N9601|6691|0.91564,N9603|2026|1.840938,0.0139691
N9601|6691|0.91564,N9600|9231|0.625856,0.00307825
N11577|8822|2.670043,N11573|1867|3.053341,0.014758
N11577|8822|2.670043,N11578|6228|5.267792,0.0131842
N12790|10973|1.323233,N12789|12510|0.501974,0.00307699
N11758|13484|2.376071,N11761|13185|4.380745,0.00384237
N9148|6263|0.734975,N9134|1592|0.274906,0.0139781
N9148|6263|0.734975,N9142|8205|1.127885,0.00694107
N9148|6263|0.734975,N9115|2253|1.392066,0.014809
N9148|6263|0.734975,N9143|9789|0.150846,0.00616734
N9148|6263|0.734975,N9150|13941|2.000419,0.0108578
N9148|6263|0.734975,N9145|12677|0.169826,0.00461969
N9148|6263|0.734975,N9133|10512|0.63993,0.0139674
N9148|6263|0.734975,N9147|11226|3.773725,0.00384398
N9148|6263|0.734975,N9144|4756|1.186141,0.00694673
N7546|4592|0.931722,N7517|11346|0.636323,0.0147315
N7546|4592|0.931722,N7528|1998|1.594102,0.0131859
N7546|4592|0.931722,N7526|14207|0.370422,0.011609
N7546|4592|0.931722,N7542|2651|1.142831,0.00850089
N7546|4592|0.931722,N7543|1554|2.449295,0.00231107
N7546|4592|0.931722,N7555|11252|0.72638,0.0139468
N7546|4592|0.931722,N7545|8538|0.438066,0.00153499
N7546|4592|0.931722,N7544|11783|3.2608,0.00539547
N8051|12609|3.009373,N8063|14653|0.561861,0.0124189
N8051|12609|3.009373,N8013|7554|2.307135,0.0147895
N8051|12609|3.009373,N8060|11687|1.03275,0.0124404
N8051|12609|3.009373,N8009|14525|0.152579,0.0147564
N8051|12609|3.009373,N8056|1751|1.722997,0.00849274
N8051|12609|3.009373,N8050|12356|0.711973,0.00539633
N8051|12609|3.009373,N8055|9040|2.978766,0.0140577
N8051|12609|3.009373,N8071|11875|3.285836,0.0116771
N8051|12609|3.009373,N8070|13705|2.384628,0.0124255
N8051|12609|3.009373,N8020|4770|0.329201,0.0139807
N8051|12609|3.009373,N8062|4565|0.295967,0.0139793
N8051|12609|3.009373,N8011|6303|3.222924,0.0139674
N8051|12609|3.009373,N8012|12050|0.024109,0.0139941
N8051|12609|3.009373,N8068|9245|1.768072,0.0131952
N7473|6423|1.999291,N7490|8523|0.492729,0.0131748
N7473|6423|1.999291,N7475|7364|0.383068,0.00307621
N7473|6423|1.999291,N7489|2699|0.216451,0.013962
N7473|6423|1.999291,N7487|8500|1.973673,0.0147405
N7473|6423|1.999291,N7477|7514|11.084761,0.0116661
N11453|2357|5.047169,N11462|14660|0.116968,0.0147707
N11453|2357|5.047169,N11455|6968|3.156725,0.013973
N11453|2357|5.047169,N11452|2698|0.399768,0.0140125
N11728|6815|1.331359,N11724|2166|0.071798,0.00770621
N11728|6815|1.331359,N11720|8240|0.947399,0.0116155
N11728|6815|1.331359,N11726|3676|2.085945,0.0131675
N11728|6815|1.331359,N11723|6453|2.349299,0.0108248
N11728|6815|1.331359,N11718|9278|1.187955,0.0100497
N11728|6815|1.331359,N11722|14901|2.597424,0.0116123
N11728|6815|1.331359,N11721|7100|1.057761,0.0108315
N11728|6815|1.331359,N11719|14393|0.569167,0.0116155
N11728|6815|1.331359,N11729|11774|0.076808,0.00153498
N11728|6815|1.331359,N11715|9563|3.299773,0.0131761
N11728|6815|1.331359,N11727|3472|0.293825,0.00849297
N12729|3913|4.208075,N12723|13100|2.761022,0.0100446
N12729|3913|4.208075,N12718|13208|0.414143,0.0139606
N12729|3913|4.208075,N12720|1572|0.182671,0.013978
N12729|3913|4.208075,N12726|1522|2.240839,0.00771083
N9435|13975|6.018282,N9439|11474|4.241177,0.0139964
N12537|4468|2.635044,N12535|11736|0.394495,0.0100513
N12537|4468|2.635044,N12550|8083|0.027918,0.0139851
N12537|4468|2.635044,N12554|10454|0.637343,0.0147628
N9969|12749|2.080233,N9970|2143|1.880535,0.00384392
N7372|14442|0.013095,N7368|6338|0.854409,0.00772869
N7372|14442|0.013095,N7366|4395|0.099439,0.011621
N7372|14442|0.013095,N7357|12018|1.865211,0.0140157
N7372|14442|0.013095,N7359|12326|0.642363,0.0124245
N7372|14442|0.013095,N7364|14981|1.278328,0.00927394
N7372|14442|0.013095,N7361|4656|0.357697,0.01165
N7372|14442|0.013095,N7358|8381|0.416148,0.0116501
N7372|14442|0.013095,N7365|6936|1.085228,0.0108262
N7372|14442|0.013095,N7363|2573|0.103245,0.00851266
N11151|1794|2.061064,N11143|8334|1.175301,0.00538996
N11151|1794|2.061064,N11140|13489|0.899006,0.0084968
N11151|1794|2.061064,N11109|4048|0.697151,0.0139698
N11151|1794|2.061064,N11150|2180|2.985339,0.0116142
N11151|1794|2.061064,N11133|6995|1.108306,0.0147582
N11151|1794|2.061064,N11113|10029|0.854518,0.0147583
N11151|1794|2.061064,N11137|13604|0.261169,0.0139617
N11151|1794|2.061064,N11148|2051|2.162953,0.00694107
N11151|1794|2.061064,N11144|8436|2.672286,0.0100578
N11151|1794|2.061064,N11134|12224|0.192977,0.0139617
N11151|1794|2.061064,N11108|5884|0.77288,0.0139698
N11151|1794|2.061064,N11097|12564|1.398948,0.0147584
N8144|9528|3.592328,N8147|6853|1.322031,0.0147718
N8144|9528|3.592328,N8145|13936|3.470108,0.00926561
N8144|9528|3.592328,N8170|12462|1.287377,0.0139675
N8144|9528|3.592328,N8142|5696|3.433193,0.012424
N8144|9528|3.592328,N8159|14322|1.114167,0.0147579
N8144|9528|3.592328,N8163|5056|0.324114,0.013217
N12064|12188|2.046563,N12063|8845|0.246638,0.0131831
N12064|12188|2.046563,N12051|4854|0.440591,0.0124058
N12064|12188|2.046563,N12069|14335|0.683639,0.0139907
N12064|12188|2.046563,N12054|11742|8.2643,0.0124064
N12064|12188|2.046563,N12074|9368|0.993391,0.0108644
N12064|12188|2.046563,N12050|1425|0.06447,0.0124058
N12064|12188|2.046563,N12067|15033|0.850597,0.0123942
N12064|12188|2.046563,N12062|10982|1.689488,0.0131874
N12064|12188|2.046563,N12049|6519|2.771871,0.0147574
N7903|7046|0.315072,N7941|13715|0.321718,0.0147344
N7903|7046|0.315072,N7896|14707|2.438178,0.01398
N7903|7046|0.315072,N7908|9183|1.010926,0.00616951
N7903|7046|0.315072,N7905|2277|0.003783,0.00539343
N7903|7046|0.315072,N7893|4502|1.144069,0.0131747
N7903|7046|0.315072,N7894|14382|1.644205,0.0139543
N7903|7046|0.315072,N7889|13786|0.421545,0.0116255
N7903|7046|0.315072,N7907|15038|2.363248,0.00850204
N9179|14647|0.493683,N9181|12474|1.057967,0.0100565
N9179|14647|0.493683,N9180|5001|3.375613,0.00617375
N9179|14647|0.493683,N9182|12799|2.199459,0.0100573
N9179|14647|0.493683,N9189|7492|1.163304,0.0124133
N10489|14557|1.2079,N10493|3189|0.684653,0.0124138
N10489|14557|1.2079,N10491|10314|2.891016,0.0108466
N10489|14557|1.2079,N10482|5922|0.535341,0.0077116
N10489|14557|1.2079,N10486|7408|2.057458,0.00850169
N10489|14557|1.2079,N10483|12438|7.061558,0.0116499
N10489|14557|1.2079,N10487|12981|0.426877,0.00539643
N10278|13801|0.829834,N10280|3070|1.573909,0.00538832
N10278|13801|0.829834,N10282|11059|0.381994,0.00615992
N12185|9724|0.412091,N12186|10614|2.028488,0.0124015
N12185|9724|0.412091,N12184|14400|0.898302,0.00307625
N12185|9724|0.412091,N12180|2451|2.75645,0.0139527
N12168|15128|0.585706,N12167|10064|1.141168,0.00384389
N12168|15128|0.585706,N12169|3937|1.412796,0.00461964
N11313|1562|2.839803,N11310|5739|0.947455,0.0131691
N11313|1562|2.839803,N11312|5572|2.450101,0.0100446
N12259|3182|1.800763,N12260|4305|0.476477,0.0100441
N10839|7722|0.251771,N10837|4246|0.026761,0.00850498
N10839|7722|0.251771,N10840|8790|1.649109,0.00693374
N10839|7722|0.251771,N10844|10976|2.862646,0.00926969
N10839|7722|0.251771,N10843|5292|6.029104,0.0123908
N10839|7722|0.251771,N10838|8147|1.139579,0.0100698
N10839|7722|0.251771,N10835|1635|1.232712,0.00928684
N10839|7722|0.251771,N10834|12219|2.173906,0.00850404
N8132|7768|0.387144,N8170|12462|1.287377,0.0131843
N12817|13932|1.254999,N12831|6709|1.504096,0.0116106
N12817|13932|1.254999,N12827|7021|0.494991,0.0108234
N12817|13932|1.254999,N12822|1932|2.476291,0.0139774
N12817|13932|1.254999,N12829|15189|0.468004,0.0123973
N12817|13932|1.254999,N12826|10353|2.203998,0.0139556
N12817|13932|1.254999,N12819|6009|0.132923,0.00617458
N12817|13932|1.254999,N12840|8247|1.106403,0.0131684
N12817|13932|1.254999,N12834|6657|0.028154,0.0116069
N12817|13932|1.254999,N12842|5983|3.233808,0.0147395
N12817|13932|1.254999,N12812|2089|1.926513,0.0147555
N7245|13271|0.815363,N7239|8793|0.289335,0.0100705
N7245|13271|0.815363,N7240|14437|5.997434,0.0147728
N7245|13271|0.815363,N7247|8006|0.155368,0.00539647
N7245|13271|0.815363,N7243|13845|6.779431,0.0116007
N7245|13271|0.815363,N7248|6507|2.903563,0.00771948
N7245|13271|0.815363,N7246|1982|0.640787,0.00616188
N8063|14653|0.561861,N8056|1751|1.722997,0.0147619
N8063|14653|0.561861,N8064|7862|3.785997,0.00307296
N8063|14653|0.561861,N8066|7860|13.7879,0.00927727
N8063|14653|0.561861,N8050|12356|0.711973,0.0116229
N8063|14653|0.561861,N8062|4565|0.295967,0.00772703
N8063|14653|0.561861,N8068|9245|1.768072,0.00539062
N9560|8544|0.447709,N9565|9084|0.859842,0.00693829
N9560|8544|0.447709,N9566|1874|1.386538,0.00462411
N9560|8544|0.447709,N9583|9172|0.762913,0.0131952
N9560|8544|0.447709,N9580|11726|1.403425,0.0132346
N10228|15186|1.611195,N10227|6504|1.313302,0.00153501
N12583|10786|1.413978,N12555|4208|2.598968,0.0147314
N12583|10786|1.413978,N12586|9119|0.317787,0.00695545
N12583|10786|1.413978,N12589|4455|2.489465,0.0131783
N12583|10786|1.413978,N12550|8083|0.027918,0.0124013
N12583|10786|1.413978,N12588|14367|1.187912,0.00771743
N12583|10786|1.413978,N12554|10454|0.637343,0.0123914
N12583|10786|1.413978,N12569|10700|0.180908,0.0147498
N9798|4082|0.624581,N9802|4017|0.006262,0.00849653
N9798|4082|0.624581,N9800|3275|1.637768,0.00771331
N9798|4082|0.624581,N9803|3774|0.581018,0.00849653
N9798|4082|0.624581,N9801|13690|0.148092,0.00771331
N10837|4246|0.026761,N10840|8790|1.649109,0.010828
N10837|4246|0.026761,N10844|10976|2.862646,0.0131873
N10837|4246|0.026761,N10838|8147|1.139579,0.011623
N10837|4246|0.026761,N10835|1635|1.232712,0.00539529
N10837|4246|0.026761,N10834|12219|2.173906,0.00462357
N8131|8958|2.790061,N8129|11328|0.494628,0.0139714
N8131|8958|2.790061,N8121|6075|1.081405,0.0139714
N8131|8958|2.790061,N8170|12462|1.287377,0.014788
N11263|9326|0.863094,N11268|1588|0.835826,0.0124413
N11263|9326|0.863094,N11272|7605|0.463027,0.00695567
N11263|9326|0.863094,N11279|13880|0.575043,0.0131843
N11263|9326|0.863094,N11265|11932|2.622816,0.0108584
N11263|9326|0.863094,N11276|2917|0.721746,0.0123904
N11263|9326|0.863094,N11274|11186|2.075797,0.0139543
N7848|10473|0.546136,N7847|13640|2.373594,0.0131514
N13062|8226|0.442183,N13050|8552|0.300629,0.0116213
N13062|8226|0.442183,N13066|11539|2.641891,0.013178
N13062|8226|0.442183,N13057|8415|0.620575,0.010858
N13062|8226|0.442183,N13035|2966|0.267509,0.0124012
N13062|8226|0.442183,N13044|14894|0.279795,0.0108313
N13062|8226|0.442183,N13058|11167|1.17044,0.00307973
N13062|8226|0.442183,N13052|14348|1.81875,0.0139669
N13062|8226|0.442183,N13053|4954|0.008268,0.00849978
N13062|8226|0.442183,N13031|1964|2.547926,0.0147475
N13062|8226|0.442183,N13061|14477|9.561084,0.0100505
N13062|8226|0.442183,N13046|7586|0.27506,0.0116151
N11023|10968|0.392104,N11025|11247|2.022415,0.00461207
N11023|10968|0.392104,N11016|10621|3.764377,0.0131613
N11023|10968|0.392104,N11011|4266|7.754202,0.0147433
N11023|10968|0.392104,N11026|6723|1.273592,0.003073
N11023|10968|0.392104,N11021|5953|0.679736,0.00771213
N11023|10968|0.392104,N11018|11103|0.202635,0.00693379
N11023|10968|0.392104,N11027|6079|0.714309,0.00462133
N11023|10968|0.392104,N11015|2416|1.746828,0.00926079
N11023|10968|0.392104,N11010|4955|0.212537,0.00770676
N8744|3173|0.097836,N8745|9801|1.55755,0.00153499
N8744|3173|0.097836,N8747|6835|2.435311,0.00538989
N9994|3985|0.298694,N9984|15144|3.31279,0.00927447
N9994|3985|0.298694,N9982|6452|0.30047,0.00538984
N9994|3985|0.298694,N9979|13090|1.524267,0.0046197
N9994|3985|0.298694,N9995|11169|0.095018,0.00771925
N9994|3985|0.298694,N9996|9280|2.587202,0.0077319
N9994|3985|0.298694,N10008|2048|0.176038,0.0123777
N9994|3985|0.298694,N10005|1981|0.776109,0.0147317
N9994|3985|0.298694,N9980|6926|0.811684,0.00539065
N9994|3985|0.298694,N9977|8185|2.44994,0.0139431
N9994|3985|0.298694,N10000|3571|1.200374,0.0123965
N9994|3985|0.298694,N9990|8796|0.29883,0.00616623
N9994|3985|0.298694,N9981|8343|4.943194,0.0139526
N9994|3985|0.298694,N9997|9473|1.575147,0.0132023
N9994|3985|0.298694,N9986|3239|0.136725,0.00693815
N9994|3985|0.298694,N9989|12587|5.539199,0.00850123
N9994|3985|0.298694,N9978|6552|1.174193,0.0147425
N9994|3985|0.298694,N10004|5892|0.777952,0.0147428
N9994|3985|0.298694,N9991|3356|4.003899,0.0100639
N9994|3985|0.298694,N9998|13481|1.227033,0.00848653
N8645|4038|0.360107,N8625|3854|0.755222,0.0139805
N8645|4038|0.360107,N8641|4497|0.145991,0.0124235
N8645|4038|0.360107,N8646|6837|1.216101,0.0023029
N8645|4038|0.360107,N8635|7231|0.13617,0.0147475
N8645|4038|0.360107,N8648|9583|0.937579,0.00153689
N8645|4038|0.360107,N8639|7321|1.594604,0.0147578
N8694|13056|7.607549,N8696|4169|4.005003,0.0123979
N8694|13056|7.607549,N8697|5329|0.327644,0.00772863
N8694|13056|7.607549,N8698|3792|1.008455,0.00851259
N8348|2492|0.545785,N8350|11689|1.066414,0.00693917
N8348|2492|0.545785,N8346|10358|0.231302,0.00384392
N8348|2492|0.545785,N8352|5699|1.278721,0.0108263
N8348|2492|0.545785,N8347|5005|4.874808,0.014762
N9350|15286|0.742999,N9359|13859|0.138749,0.0139692
N9350|15286|0.742999,N9368|5528|1.847757,0.0147497
N9350|15286|0.742999,N9330|2293|1.827431,0.0147495
N9350|15286|0.742999,N9340|13662|3.058796,0.0077179
N9350|15286|0.742999,N9349|10069|1.964609,0.00385596
N9350|15286|0.742999,N9331|12217|1.148734,0.0100501
N9350|15286|0.742999,N9335|4549|4.258833,0.0131761
N9350|15286|0.742999,N9341|11718|4.206502,0.0124195
N9350|15286|0.742999,N9370|6191|0.044663,0.0139713
N9350|15286|0.742999,N9333|13054|1.645774,0.00849133
N9350|15286|0.742999,N9344|3471|0.361147,0.00694536
N9350|15286|0.742999,N9332|12098|1.613069,0.0108247
N9350|15286|0.742999,N9358|15303|1.043357,0.0147574
N9350|15286|0.742999,N9342|14450|0.850897,0.00616622
N9350|15286|0.742999,N9334|8076|0.202191,0.00616622
N7307|9776|0.223853,N7306|10154|2.456726,0.00617325
N12218|13701|3.071846,N12219|3146|0.538656,0.0116669
N12218|13701|3.071846,N12221|3152|0.62217,0.0147899
N12218|13701|3.071846,N12220|4713|0.170377,0.013219
N7944|13072|2.551932,N7946|8602|0.632918,0.0061752
N12618|12648|1.729851,N12616|4462|1.325698,0.0100483
N12618|12648|1.729851,N12617|8249|1.299601,0.0108264
N12618|12648|1.729851,N12615|10228|1.212348,0.0123976
N12618|12648|1.729851,N12621|1623|1.449089,0.0116001
N8433|11853|0.993182,N8423|4571|0.442459,0.010058
N8433|11853|0.993182,N8425|12091|4.347088,0.0085105
N8433|11853|0.993182,N8435|13784|0.320534,0.0124075
N8433|11853|0.993182,N8424|9554|1.692868,0.00772827
N8433|11853|0.993182,N8444|2159|1.045095,0.0131649
N8433|11853|0.993182,N8422|6992|3.41521,0.0147453
N8433|11853|0.993182,N8487|11714|0.291764,0.0139936
N8433|11853|0.993182,N8452|11623|1.6017,0.0139635
N8433|11853|0.993182,N8421|4691|2.121792,0.0147427
N8433|11853|0.993182,N8448|8509|0.921513,0.0147715
N8433|11853|0.993182,N8461|4708|0.70719,0.0139961
N11766|7352|0.775643,N11770|13356|0.632228,0.00616746
N11766|7352|0.775643,N11768|14000|6.376356,0.0147919
N11766|7352|0.775643,N11763|14722|1.672793,0.00230454
N11766|7352|0.775643,N11764|13257|8.938769,0.0100726
N11766|7352|0.775643,N11771|6757|0.735472,0.00771862
N8704|9619|1.62264,N8720|9937|1.95449,0.0123904
N8704|9619|1.62264,N8705|9482|2.595467,0.00384748
N8704|9619|1.62264,N8714|6465|3.4464,0.0139495
N8704|9619|1.62264,N8718|4679|0.041973,0.0108379
N8704|9619|1.62264,N8711|2976|0.067598,0.00307957
N8704|9619|1.62264,N8715|1711|0.13758,0.00772753
N8704|9619|1.62264,N8712|8641|0.234128,0.00926565
N8704|9619|1.62264,N8713|12991|2.122045,0.0131683
N8704|9619|1.62264,N8719|4916|3.015596,0.0147382
N8704|9619|1.62264,N8728|8836|1.084428,0.0124055
N8704|9619|1.62264,N8721|12798|0.181439,0.0139409
N8704|9619|1.62264,N8706|10211|1.95804,0.00693755
N8704|9619|1.62264,N8724|1934|0.376952,0.0132329
N10809|6337|1.015545,N10819|13459|0.374837,0.0123778
N10809|6337|1.015545,N10811|8321|0.053514,0.00461512
N10809|6337|1.015545,N10817|8634|2.238831,0.0115892
N10809|6337|1.015545,N10808|4223|1.309205,0.0123915
N10219|9679|0.886488,N10217|11469|2.639233,0.00849148
N10219|9679|0.886488,N10215|6231|1.049957,0.0100487
N10219|9679|0.886488,N10227|6504|1.313302,0.0147779
N11870|7309|3.13475,N11896|7098|0.209161,0.014764
N11870|7309|3.13475,N11897|9610|0.038403,0.013973
N11870|7309|3.13475,N11863|6226|0.321138,0.0139528
N11870|7309|3.13475,N11867|7533|0.320478,0.010059
N11870|7309|3.13475,N11864|12078|0.107577,0.0147639
N11870|7309|3.13475,N11869|10918|2.620545,0.0123984
N9881|13561|0.404367,N9862|13419|0.677409,0.0131839
N9881|13561|0.404367,N9877|5997|0.206392,0.00616914
N9881|13561|0.404367,N9864|13029|0.48077,0.0124063
N9881|13561|0.404367,N9882|5025|2.017777,0.0030748
N9881|13561|0.404367,N9861|14909|0.467325,0.0123977
N9881|13561|0.404367,N9867|2262|0.771963,0.00926976
N9881|13561|0.404367,N9875|10138|0.143738,0.00771795
N9881|13561|0.404367,N9870|10159|0.43556,0.0100357
N9881|13561|0.404367,N9857|12874|2.319649,0.00849147
N9881|13561|0.404367,N9855|6001|0.173178,0.00927367
N9881|13561|0.404367,N9879|4595|5.543983,0.00771794
N9881|13561|0.404367,N9874|11501|0.244614,0.00693815
N9881|13561|0.404367,N9866|6159|2.918018,0.0139614
N9881|13561|0.404367,N9858|7228|0.829383,0.0077173
N9881|13561|0.404367,N9860|3015|1.032278,0.0100564
N9881|13561|0.404367,N9854|5220|2.64087,0.0108247
N11501|9008|1.924619,N11500|9042|1.45825,0.00385147
N7935|2256|2.732472,N7939|7625|0.365152,0.00771818
N7935|2256|2.732472,N7931|6344|1.385912,0.0108492
N7935|2256|2.732472,N7938|14556|0.459662,0.00461769
N7935|2256|2.732472,N7934|4849|4.14871,0.0131949
N7935|2256|2.732472,N7929|8368|0.436093,0.0108522
N7936|3553|14.305137,N7938|14556|0.459662,0.0147736
N8572|8563|2.244043,N8578|15099|0.090513,0.0108201
N8572|8563|2.244043,N8586|2351|0.429267,0.0139747
N8572|8563|2.244043,N8603|14859|1.315696,0.0123908
N8572|8563|2.244043,N8581|6371|0.050036,0.0139614
N8572|8563|2.244043,N8573|5847|3.806004,0.014739
N8572|8563|2.244043,N8574|1551|0.966694,0.0108247
N8572|8563|2.244043,N8600|9314|0.056536,0.0123908
N8908|2462|2.130722,N8910|1624|0.190386,0.0140124
N8908|2462|2.130722,N8905|9682|0.829139,0.0147891
N11055|15225|1.23643,N11056|5943|7.376864,0.0100498
N11055|15225|1.23643,N11057|4736|2.09321,0.0085007
N11055|15225|1.23643,N11058|3590|1.074073,0.0100488
N12885|10384|0.172792,N12886|6895|0.793394,0.00461769
N12885|10384|0.172792,N12882|8554|0.299096,0.0046205
N12885|10384|0.172792,N12881|12202|1.538248,0.00927388
N12885|10384|0.172792,N12879|5607|0.1192,0.0108452
N12885|10384|0.172792,N12884|13010|4.320356,0.00616925
N12885|10384|0.172792,N12891|12862|2.908224,0.0131678
N8013|7554|2.307135,N8031|3625|0.869058,0.0132004
N8013|7554|2.307135,N8009|14525|0.152579,0.0100704
N8013|7554|2.307135,N8034|11942|0.98519,0.0116215
N8013|7554|2.307135,N8007|9686|0.849915,0.0124102
N8013|7554|2.307135,N8039|4402|0.429196,0.0123976
N8013|7554|2.307135,N8014|11541|1.407573,0.000767367
N8013|7554|2.307135,N8022|12003|0.569686,0.0147722
N8013|7554|2.307135,N8008|8037|2.076879,0.0124135
N8013|7554|2.307135,N8020|4770|0.329201,0.00385017
N8013|7554|2.307135,N8011|6303|3.222924,0.00384526
N8013|7554|2.307135,N8012|12050|0.024109,0.000767367
N11025|11247|2.022415,N11016|10621|3.764377,0.0147206
N11025|11247|2.022415,N11026|6723|1.273592,0.00461371
N11025|11247|2.022415,N11021|5953|0.679736,0.00925531
N11025|11247|2.022415,N11018|11103|0.202635,0.0084781
N11025|11247|2.022415,N11027|6079|0.714309,0.00615772
N11025|11247|2.022415,N11015|2416|1.746828,0.0108121
N11025|11247|2.022415,N11010|4955|0.212537,0.00925509
N11311|9354|8.543207,N11312|5572|2.450101,0.0139901
N10435|14161|2.34167,N10416|11369|0.698039,0.0147429
N10435|14161|2.34167,N10440|6346|0.732477,0.00695641
N10435|14161|2.34167,N10421|1621|0.185784,0.0132011
N10435|14161|2.34167,N10432|5320|1.445576,0.0147901
N10435|14161|2.34167,N10434|6544|1.236147,0.0124409
N12981|5871|4.143244,N12977|12673|1.17305,0.0147556
N11506|3269|1.611056,N11524|6585|0.421476,0.0131752
N11506|3269|1.611056,N11509|7537|0.30586,0.0116085
N11506|3269|1.611056,N11526|15011|1.043239,0.0131959
N11506|3269|1.611056,N11529|10443|1.930225,0.0147785
N7222|10778|0.966694,N7224|9525|1.63289,0.00307699
N7222|10778|0.966694,N7225|10784|0.941838,0.00539017
N7222|10778|0.966694,N7229|4355|2.131715,0.00461973
N7222|10778|0.966694,N7228|2074|1.066336,0.00385145
N7222|10778|0.966694,N7227|3532|0.645177,0.00461974
N7222|10778|0.966694,N7235|9395|5.523015,0.0108243
N7222|10778|0.966694,N7232|14323|1.293716,0.00615829
N7222|10778|0.966694,N7233|6506|1.924172,0.00929661
N7222|10778|0.966694,N7234|5555|2.762448,0.0069383
N9553|9058|1.067382,N9481|6058|1.683084,0.0132163
N9553|9058|1.067382,N9538|7781|2.32725,0.0132004
N9553|9058|1.067382,N9533|4010|0.908495,0.0116089
N9553|9058|1.067382,N9525|10317|1.701035,0.0100581
N9553|9058|1.067382,N9482|2701|0.778378,0.0131684
N9553|9058|1.067382,N9492|8720|1.571976,0.0139711
N9553|9058|1.067382,N9502|12775|0.091182,0.0131715
N9553|9058|1.067382,N9495|7893|0.163381,0.0139542
N9553|9058|1.067382,N9552|6778|1.175407,0.00307695
N9553|9058|1.067382,N9513|10514|1.389128,0.0147444
N9553|9058|1.067382,N9536|5834|0.684354,0.0147887
N9553|9058|1.067382,N9547|8895|1.918115,0.0131865
N9553|9058|1.067382,N9546|9791|1.415917,0.0131857
N9553|9058|1.067382,N9500|2227|1.218307,0.0147523
N9553|9058|1.067382,N9555|11655|0.457878,0.00384232
N9553|9058|1.067382,N9541|9315|2.046275,0.0124291
N9553|9058|1.067382,N9557|3452|1.915897,0.00538486
N9553|9058|1.067382,N9542|13337|0.791992,0.00850505
N9553|9058|1.067382,N9491|12440|0.015674,0.0116137
N9553|9058|1.067382,N9511|4037|0.11695,0.0139525
N9553|9058|1.067382,N9539|6002|0.511961,0.0124097
N9553|9058|1.067382,N9480|5579|1.075498,0.0147715
N9553|9058|1.067382,N9484|8231|2.243047,0.0123856
N9553|9058|1.067382,N9508|3512|0.122202,0.0139394
N9553|9058|1.067382,N9486|1956|0.766508,0.0116108
N9553|9058|1.067382,N9507|10649|0.049628,0.0139465
N9553|9058|1.067382,N9554|2448|2.434905,0.00693892
N9553|9058|1.067382,N9549|15218|1.855956,0.0123975
N10718|7313|0.915261,N10720|4292|4.75177,0.0140145
N10718|7313|0.915261,N10716|5404|0.583346,0.0100411
N10718|7313|0.915261,N10710|3869|5.917943,0.0123961
N10718|7313|0.915261,N10724|3500|0.101707,0.0108239
N10718|7313|0.915261,N10732|12967|0.670641,0.00848644
N10718|7313|0.915261,N10725|9276|3.451623,0.0131781
N10718|7313|0.915261,N10726|6909|1.102324,0.0108239
N10718|7313|0.915261,N10727|11162|3.195729,0.0116068
N10718|7313|0.915261,N10740|14410|2.284142,0.0108333
N10718|7313|0.915261,N10735|8144|0.65834,0.0139642
N10718|7313|0.915261,N10712|12789|1.346723,0.0132061
N10718|7313|0.915261,N10713|9768|1.55032,0.0147424
N9212|11276|1.009717,N9207|5305|8.287524,0.00852374
N9212|11276|1.009717,N9205|5835|0.625223,0.0100631
N9212|11276|1.009717,N9195|9968|2.978135,0.012416
N9212|11276|1.009717,N9220|7153|0.060846,0.0139561
N9212|11276|1.009717,N9209|13816|0.419325,0.00153499
N9212|11276|1.009717,N9210|10732|1.319301,0.00461957
N9212|11276|1.009717,N9198|11049|0.361415,0.00928341
N9212|11276|1.009717,N9202|10171|0.551825,0.00849656
N9212|11276|1.009717,N9201|6587|1.404855,0.0116347
N9212|11276|1.009717,N9203|8072|2.247232,0.0147625
N9212|11276|1.009717,N9217|11202|0.826529,0.0139673
N10992|3170|2.058001,N10996|3055|0.708293,0.0108362
N10992|3170|2.058001,N10995|8010|0.516194,0.00927546
N10992|3170|2.058001,N10989|5003|1.95155,0.0116113
N10992|3170|2.058001,N10990|2197|1.135652,0.00849045
N10524|6095|3.077912,N10522|5802|1.060222,0.0139955
N7854|14846|0.040252,N7853|3538|1.558712,0.00694066
N7854|14846|0.040252,N7857|2538|2.877843,0.0131745
N7854|14846|0.040252,N7858|11628|2.643948,0.0100527
N7854|14846|0.040252,N7856|12225|0.464485,0.00848467
N8274|11759|1.247002,N8272|10761|0.822104,0.00539633
N8274|11759|1.247002,N8281|15228|0.040968,0.0124099
N8274|11759|1.247002,N8280|5972|1.604295,0.0116068
N8274|11759|1.247002,N8289|1508|1.847277,0.0147778
N8274|11759|1.247002,N8266|9494|2.242049,0.0116488
N10356|6441|3.090701,N10354|6560|1.686909,0.0116295
N10356|6441|3.090701,N10350|11191|0.820068,0.0131746
N10356|6441|3.090701,N10359|3528|0.718846,0.0108489
N10356|6441|3.090701,N10362|6018|3.823563,0.0131684
N10356|6441|3.090701,N10361|6407|0.442998,0.0116137
N8423|4571|0.442459,N8425|12091|4.347088,0.00926974
N8423|4571|0.442459,N8435|13784|0.320534,0.0147579
N8423|4571|0.442459,N8424|9554|1.692868,0.0053859
N8423|4571|0.442459,N8422|6992|3.41521,0.00461763
N8423|4571|0.442459,N8421|4691|2.121792,0.012373
N11357|7423|1.888211,N11344|5304|0.017475,0.0140134
N11357|7423|1.888211,N11353|6988|0.241705,0.00384532
N11357|7423|1.888211,N11354|2427|0.080642,0.00540735
N11357|7423|1.888211,N11337|14009|3.192114,0.0116489
N11357|7423|1.888211,N11356|6647|1.107781,0.00230455
N11357|7423|1.888211,N11349|10202|0.90621,0.010052
N11357|7423|1.888211,N11350|2365|1.175804,0.0069339
N11357|7423|1.888211,N11336|1750|1.140954,0.012411
N11357|7423|1.888211,N11333|15173|0.298044,0.0108585
N11357|7423|1.888211,N11334|12468|1.530882,0.0092778
N11357|7423|1.888211,N11352|6705|2.913347,0.0115892
N11357|7423|1.888211,N11355|14316|5.248091,0.00695006
N11357|7423|1.888211,N11348|14473|0.632811,0.0108454
N12459|10633|0.178368,N12564|8090|2.029125,0.0147313
N12459|10633|0.178368,N12563|8865|1.422802,0.014733
N12459|10633|0.178368,N12535|11736|0.394495,0.0131674
N12459|10633|0.178368,N12508|14807|0.41106,0.0131623
N12459|10633|0.178368,N12555|4208|2.598968,0.0139343
N12459|10633|0.178368,N12524|7348|0.12227,0.0123777
N12459|10633|0.178368,N12531|6368|0.808906,0.0147474
N12459|10633|0.178368,N12465|9663|3.510964,0.010828
N12459|10633|0.178368,N12462|6718|0.293305,0.00538829
N12459|10633|0.178368,N12473|13030|2.051846,0.0100447
N12459|10633|0.178368,N12472|2949|0.315673,0.010828
N12459|10633|0.178368,N12460|14159|2.404334,0.00849293
N12459|10633|0.178368,N12553|5590|1.684612,0.0139607
N12459|10633|0.178368,N12482|15143|0.193936,0.0131687
N12459|10633|0.178368,N12527|9237|0.448218,0.0139592
N12459|10633|0.178368,N12518|9895|2.414444,0.0131829
N12459|10633|0.178368,N12504|8693|0.601243,0.0123813
N12459|10633|0.178368,N12519|10480|2.16617,0.011608
N12459|10633|0.178368,N12550|8083|0.027918,0.010828
N12459|10633|0.178368,N12588|14367|1.187912,0.0147392
N12459|10633|0.178368,N12492|6139|1.973109,0.0131568
N12459|10633|0.178368,N12554|10454|0.637343,0.010838
N12459|10633|0.178368,N12500|10430|1.273377,0.0131556
N12459|10633|0.178368,N12534|12395|1.442349,0.0131806
N12459|10633|0.178368,N12505|6802|1.904995,0.0147212
N12459|10633|0.178368,N12497|5875|0.074333,0.0100322
N12459|10633|0.178368,N12517|2545|1.034848,0.0123901
N12459|10633|0.178368,N12529|4469|3.56161,0.0139651
N12459|10633|0.178368,N12528|11921|2.139033,0.0147693
N12459|10633|0.178368,N12476|9967|1.35257,0.0116069
N12459|10633|0.178368,N12461|3483|0.725069,0.00538875
N10009|2716|2.993116,N10010|4085|2.799758,0.01475
N10009|2716|2.993116,N10011|4458|0.615894,0.0108322
N10009|2716|2.993116,N10013|3721|0.219232,0.0100503
N11724|2166|0.071798,N11720|8240|0.947399,0.0100517
N11724|2166|0.071798,N11726|3676|2.085945,0.00848238
N11724|2166|0.071798,N11723|6453|2.349299,0.00926436
N11724|2166|0.071798,N11718|9278|1.187955,0.00849044
N11724|2166|0.071798,N11722|14901|2.597424,0.0100496
N11724|2166|0.071798,N11742|13166|1.442792,0.014753
N11724|2166|0.071798,N11721|7100|1.057761,0.00926998
N11724|2166|0.071798,N11719|14393|0.569167,0.0100517
N11724|2166|0.071798,N11729|11774|0.076808,0.00926071
N11724|2166|0.071798,N11715|9563|3.299773,0.011608
N11724|2166|0.071798,N11740|12167|0.065432,0.0139728
N11724|2166|0.071798,N11735|4128|0.027554,0.0147859
N11724|2166|0.071798,N11727|3472|0.293825,0.00384628
N10463|6162|0.183799,N10468|13503|2.975931,0.0131748
N10463|6162|0.183799,N10451|8351|0.152582,0.0108355
N10463|6162|0.183799,N10440|6346|0.732477,0.011607
N10463|6162|0.183799,N10464|13817|1.982144,0.00927835
N10463|6162|0.183799,N10421|1621|0.185784,0.0147399
N10463|6162|0.183799,N10457|8278|1.686393,0.0108355
N10463|6162|0.183799,N10452|9184|0.524044,0.0100609
N10463|6162|0.183799,N10458|6483|1.010701,0.0100448
N10463|6162|0.183799,N10459|13491|0.273509,0.00849661
N11422|9193|6.748064,N11420|5326|2.154032,0.0139359
N11422|9193|6.748064,N11416|9551|0.424175,0.0131513
N11422|9193|6.748064,N11417|2611|2.032126,0.0139346
N9317|2700|0.779916,N9326|7552|0.69364,0.0139677
N9317|2700|0.779916,N9315|14193|0.052861,0.00616743
N9317|2700|0.779916,N9318|10710|0.589619,0.00927466
N9036|15289|0.836622,N9021|7955|0.469038,0.0108452
N9036|15289|0.836622,N9045|13243|0.113371,0.00927446
N9036|15289|0.836622,N9008|6572|1.500492,0.0139674
N9036|15289|0.836622,N9041|13663|0.42431,0.00385013
N9036|15289|0.836622,N9017|9094|2.029675,0.013175
N9036|15289|0.836622,N9054|10461|2.648133,0.0108241
N9036|15289|0.836622,N9037|3151|0.565871,0.00308252
N9036|15289|0.836622,N9049|10265|3.185581,0.0108444
N9036|15289|0.836622,N9033|6190|1.42565,0.0100516
N9036|15289|0.836622,N9009|14787|1.215625,0.0147722
N9036|15289|0.836622,N9048|5200|0.926094,0.0132004
N9036|15289|0.836622,N9051|3727|0.752761,0.00927552
N9036|15289|0.836622,N9019|1759|3.21172,0.0100406
N9036|15289|0.836622,N9012|7036|0.144812,0.0131785
N9036|15289|0.836622,N9040|9243|5.5331,0.0100358
N9036|15289|0.836622,N9005|9621|0.184888,0.0123917
N9036|15289|0.836622,N9018|7028|1.271107,0.00926564
N9036|15289|0.836622,N9020|4424|0.845904,0.0100585
N9036|15289|0.836622,N9026|1384|1.778624,0.0132009
N9036|15289|0.836622,N9023|13272|1.556355,0.0123966
N12495|13566|3.461848,N12508|14807|0.41106,0.0139653
N12495|13566|3.461848,N12482|15143|0.193936,0.0147697
N12495|13566|3.461848,N12504|8693|0.601243,0.0116298
N12495|13566|3.461848,N12492|6139|1.973109,0.0123977
N12495|13566|3.461848,N12500|10430|1.273377,0.0123994
N12495|13566|3.461848,N12505|6802|1.904995,0.0139557
N12495|13566|3.461848,N12497|5875|0.074333,0.00927022
N8031|3625|0.869058,N8009|14525|0.152579,0.0131737
N8031|3625|0.869058,N8038|2599|3.592852,0.0116108
N8031|3625|0.869058,N8036|14795|5.15202,0.0131951
N8031|3625|0.869058,N8034|11942|0.98519,0.00771974
N8031|3625|0.869058,N8007|9686|0.849915,0.0147345
N8031|3625|0.869058,N8039|4402|0.429196,0.00849263
N8031|3625|0.869058,N8014|11541|1.407573,0.0139941
N8031|3625|0.869058,N8022|12003|0.569686,0.0108449
N8031|3625|0.869058,N8008|8037|2.076879,0.0147397
N8031|3625|0.869058,N8030|1826|4.32662,0.00694781
N8031|3625|0.869058,N8020|4770|0.329201,0.0123977
N8031|3625|0.869058,N8011|6303|3.222924,0.0123875
N8031|3625|0.869058,N8012|12050|0.024109,0.0124091
N8892|6668|1.175247,N8888|11071|3.593957,0.00927022
N8892|6668|1.175247,N8894|2000|0.615862,0.00230867
N8892|6668|1.175247,N8903|15047|0.889229,0.0124436
N8892|6668|1.175247,N8891|1619|0.761174,0.00616756
N8892|6668|1.175247,N8902|10980|0.318318,0.0116504
N8892|6668|1.175247,N8886|14755|1.395277,0.00538989
N8892|6668|1.175247,N8898|14688|0.203747,0.00153693
N8060|11687|1.03275,N8056|1751|1.722997,0.0116108
N8060|11687|1.03275,N8050|12356|0.711973,0.0116213
N11596|10816|0.692399,N11592|6662|0.082858,0.0132203
N11596|10816|0.692399,N11606|7388|0.162691,0.00849294
N11596|10816|0.692399,N11613|13304|1.663156,0.0108243
N11596|10816|0.692399,N11611|3842|2.309476,0.00926672
N11596|10816|0.692399,N11600|4625|0.576178,0.00539669
N11596|10816|0.692399,N11593|9226|1.599335,0.00616439
N11596|10816|0.692399,N11607|13674|2.220092,0.0108358
N11596|10816|0.692399,N11614|15324|0.132472,0.0108358
N11596|10816|0.692399,N11620|14204|1.80573,0.0147734
N11959|8119|0.89737,N11963|11284|0.294758,0.00385137
N12421|5900|0.599175,N12419|3246|1.831145,0.00773985
N12421|5900|0.599175,N12418|1819|1.39442,0.00771732
N12421|5900|0.599175,N12411|7229|2.770489,0.00849274
N12421|5900|0.599175,N12409|11290|1.945856,0.00693901
N12421|5900|0.599175,N12417|4257|2.751207,0.0116256
N12421|5900|0.599175,N12408|13591|4.199905,0.0139525
N12421|5900|0.599175,N12550|8083|0.027918,0.0147314
N12421|5900|0.599175,N12406|13475|1.0959,0.00927383
N12421|5900|0.599175,N12554|10454|0.637343,0.0147223
N12421|5900|0.599175,N12422|12209|1.051939,0.0023047
N12421|5900|0.599175,N12497|5875|0.074333,0.0147139
N12421|5900|0.599175,N12425|2070|1.092144,0.00849263
N12421|5900|0.599175,N12415|14255|3.33958,0.0131714
N12421|5900|0.599175,N12426|14918|1.027767,0.0108117
N12421|5900|0.599175,N12424|10163|0.680695,0.00307341
N11206|4715|3.061944,N11196|2056|0.95491,0.0116
N11206|4715|3.061944,N11210|5343|1.815671,0.0108248
N11206|4715|3.061944,N11204|14459|1.246016,0.010036
N11206|4715|3.061944,N11203|11166|2.317383,0.013157
N11206|4715|3.061944,N11213|6878|0.573284,0.0147257
N11206|4715|3.061944,N11209|11513|2.376764,0.00616173
N11206|4715|3.061944,N11197|8504|2.111817,0.0131551
N11206|4715|3.061944,N11208|2122|2.080393,0.00384522
N11206|4715|3.061944,N11216|9423|0.027099,0.014725
N11206|4715|3.061944,N11199|2139|0.525467,0.00770876
N12851|11893|0.472655,N12855|12932|0.121879,0.00771076
N12851|11893|0.472655,N12860|14526|0.857363,0.0108363
N12851|11893|0.472655,N12854|10321|0.961383,0.0108174
N12851|11893|0.472655,N12847|11170|0.171541,0.0100411
N12851|11893|0.472655,N12849|2927|0.153846,0.00153436
N7224|9525|1.63289,N7258|10758|0.581307,0.0132011
N7224|9525|1.63289,N7225|10784|0.941838,0.00230292
N7224|9525|1.63289,N7229|4355|2.131715,0.00153499
N7224|9525|1.63289,N7239|8793|0.289335,0.0147743
N7224|9525|1.63289,N7228|2074|1.066336,0.000767365
N7224|9525|1.63289,N7227|3532|0.645177,0.00153499
N7224|9525|1.63289,N7235|9395|5.523015,0.00926671
N7224|9525|1.63289,N7232|14323|1.293716,0.00461401
N7224|9525|1.63289,N7255|4944|0.47656,0.0139968
N7224|9525|1.63289,N7233|6506|1.924172,0.0077384
N7224|9525|1.63289,N7234|5555|2.762448,0.00539415
N7224|9525|1.63289,N7262|2821|1.430439,0.0131752
N12092|9522|3.309213,N12088|1729|0.444098,0.0132034
N12092|9522|3.309213,N12094|8684|0.190719,0.00772382
N12092|9522|3.309213,N12091|4328|0.976929,0.00849622
N12590|11354|6.176478,N12550|8083|0.027918,0.0147734
N12590|11354|6.176478,N12588|14367|1.187912,0.0116343
N12590|11354|6.176478,N12554|10454|0.637343,0.0147584
N11720|8240|0.947399,N11723|6453|2.349299,0.0116349
N11720|8240|0.947399,N11718|9278|1.187955,0.00153692
N11720|8240|0.947399,N11722|14901|2.597424,0.0139716
N11720|8240|0.947399,N11721|7100|1.057761,0.0116322
N11720|8240|0.947399,N11719|14393|0.569167,0.00153692
N11720|8240|0.947399,N11729|11774|0.076808,0.0131843
N11720|8240|0.947399,N11715|9563|3.299773,0.0139797
N11720|8240|0.947399,N11727|3472|0.293825,0.0108599
N11896|7098|0.209161,N11897|9610|0.038403,0.000767373
N11896|7098|0.209161,N11859|10707|1.084598,0.0123837
N11896|7098|0.209161,N11884|4095|1.34364,0.011649
N11896|7098|0.209161,N11903|5159|0.285236,0.0116385
N11896|7098|0.209161,N11895|2053|3.159721,0.00772762
N11896|7098|0.209161,N11885|8742|4.861418,0.0116221
N11896|7098|0.209161,N11893|13009|1.076048,0.0139466
N11896|7098|0.209161,N11891|11355|0.511365,0.0100391
N11896|7098|0.209161,N11863|6226|0.321138,0.0116221
N11896|7098|0.209161,N11867|7533|0.320478,0.0124611
N11896|7098|0.209161,N11864|12078|0.107577,0.00928736
N11896|7098|0.209161,N11899|5125|0.206034,0.0123981
N11896|7098|0.209161,N11888|2289|1.048972,0.0116094
N11896|7098|0.209161,N11869|10918|2.620545,0.0148107
N11896|7098|0.209161,N11892|11963|0.741992,0.0123732
N11896|7098|0.209161,N11866|9059|0.195271,0.0100657
N11896|7098|0.209161,N11890|9921|2.525315,0.0116071
N11896|7098|0.209161,N11865|9837|0.950679,0.0124253
N11394|4859|0.416544,N11392|13474|0.166773,0.0131959
N11394|4859|0.416544,N11390|8919|2.53472,0.0124164
N11394|4859|0.416544,N11393|2188|0.531588,0.013973
N11394|4859|0.416544,N11391|12341|0.045623,0.0116222
N11394|4859|0.416544,N11397|12633|1.136891,0.00616739
N11394|4859|0.416544,N11398|1232|1.681972,0.00771756
N8833|5470|0.043663,N8831|8019|0.03978,0.0100492
N8833|5470|0.043663,N8859|4263|0.786852,0.0147142
N8833|5470|0.043663,N8868|14599|0.735291,0.0131677
N7793|1531|4.589582,N7785|2154|0.041507,0.0108354
N7793|1531|4.589582,N7792|9946|0.224628,0.00694789
N7793|1531|4.589582,N7777|12890|0.95141,0.0131746
N7793|1531|4.589582,N7794|1492|0.202883,0.00694524
N7793|1531|4.589582,N7789|7892|0.064587,0.010072
N7793|1531|4.589582,N7795|5061|2.843486,0.0108399
N7793|1531|4.589582,N7781|2797|2.301592,0.0123901
N7793|1531|4.589582,N7778|3705|0.300916,0.0139613
N7862|7387|0.026433,N7867|6195|1.334354,0.00307186
N7862|7387|0.026433,N7869|13154|5.006402,0.0147315
N11344|5304|0.017475,N11353|6988|0.241705,0.0139791
N11344|5304|0.017475,N11337|14009|3.192114,0.00851101
N11344|5304|0.017475,N11356|6647|1.107781,0.0132017
N11344|5304|0.017475,N11336|1750|1.140954,0.0092757
N11344|5304|0.017475,N11333|15173|0.298044,0.0123982
N11344|5304|0.017475,N11334|12468|1.530882,0.00926677
N11344|5304|0.017475,N11346|13045|2.514867,0.0147708
N10804|6679|0.385732,N10785|4042|0.013032,0.013184
N10804|6679|0.385732,N10801|4309|1.346652,0.00618507
N10804|6679|0.385732,N10792|4678|0.278792,0.0132351
N10804|6679|0.385732,N10791|5095|0.101859,0.0131864
N10804|6679|0.385732,N10799|8691|1.813873,0.011665
N10804|6679|0.385732,N10800|12324|1.582389,0.011637
N10804|6679|0.385732,N10806|8085|0.809489,0.0124273
N10804|6679|0.385732,N10794|4196|1.198788,0.00929606
N10804|6679|0.385732,N10795|7247|1.411132,0.0100718
N10804|6679|0.385732,N10802|5614|0.119248,0.00850086
N10804|6679|0.385732,N10803|14417|0.009516,0.0023086
N10804|6679|0.385732,N10786|7868|1.275439,0.0139669
N10804|6679|0.385732,N10796|4868|0.355894,0.0101002
N12365|7645|0.252699,N12363|7097|1.341347,0.0139781
N12365|7645|0.252699,N12370|4459|1.397163,0.00771724
N12365|7645|0.252699,N12371|13404|1.919869,0.0116077
N12365|7645|0.252699,N12353|8771|0.123274,0.0139779
N12365|7645|0.252699,N12362|2705|2.227795,0.013178
N12365|7645|0.252699,N12375|12258|0.198753,0.0139692
N12365|7645|0.252699,N12369|13497|0.468312,0.00616727
N12365|7645|0.252699,N12368|13329|12.263698,0.0139721
N12365|7645|0.252699,N12373|12163|1.077838,0.00927434
N12365|7645|0.252699,N12346|12410|0.372866,0.0140123
N12365|7645|0.252699,N12344|12378|1.266372,0.0139796
N10429|13739|0.934834,N10416|11369|0.698039,0.0139466
N10429|13739|0.934834,N10427|3970|0.156468,0.00230528
N10429|13739|0.934834,N10418|7026|0.951921,0.0139541
N10429|13739|0.934834,N10440|6346|0.732477,0.0100564
N10429|13739|0.934834,N10420|12519|2.497745,0.0123993
N10429|13739|0.934834,N10421|1621|0.185784,0.0100514
N10429|13739|0.934834,N10432|5320|1.445576,0.00693322
N10429|13739|0.934834,N10414|11960|1.623667,0.0147584
N12778|6363|0.287132,N12774|2384|1.243451,0.0100637
N12778|6363|0.287132,N12776|9882|1.663565,0.00927525
N10853|15279|0.529249,N10847|5161|0.025112,0.0124201
N10853|15279|0.529249,N10857|9616|1.678103,0.0131627
N10853|15279|0.529249,N10858|9126|1.627575,0.013946
N10853|15279|0.529249,N10846|5004|2.122975,0.0132202
N9222|5285|2.462127,N9221|3287|1.931716,0.0100582
N9222|5285|2.462127,N9227|3109|1.922733,0.0147427
N9222|5285|2.462127,N9220|7153|0.060846,0.00926431
N9222|5285|2.462127,N9230|5653|0.302782,0.0108248
N9222|5285|2.462127,N9219|11851|0.409166,0.0116082
N9222|5285|2.462127,N9217|11202|0.826529,0.00926977
N9222|5285|2.462127,N9218|5627|1.577137,0.0108322
N10627|12509|0.164316,N10636|2090|2.270114,0.0147899
N10627|12509|0.164316,N10602|3429|0.531763,0.0131839
N10627|12509|0.164316,N10619|11456|0.541607,0.0139691
N10627|12509|0.164316,N10625|13586|0.460411,0.0100571
N10627|12509|0.164316,N10623|9838|0.506739,0.01477
N10627|12509|0.164316,N10634|13278|4.636117,0.0147623
N10627|12509|0.164316,N10637|10049|1.079549,0.0100738
N7384|8193|0.322294,N7385|13875|0.016875,0.00153498
N7384|8193|0.322294,N7410|14816|0.502302,0.0131781
N7384|8193|0.322294,N7409|3487|3.653265,0.0147504
N7384|8193|0.322294,N7408|10835|0.386487,0.0139615
N7384|8193|0.322294,N7417|6681|1.424463,0.0139807
N7384|8193|0.322294,N7383|14512|0.16135,0.0116178
N7384|8193|0.322294,N7390|11676|1.495667,0.0147627
N10390|5991|0.209636,N10394|7361|0.277432,0.00848459
N10390|5991|0.209636,N10389|10520|0.887805,0.00616106
N10390|5991|0.209636,N10392|9998|1.873579,0.00538597
N12269|4943|2.757498,N12279|8457|0.616552,0.0139798
N12269|4943|2.757498,N12276|15364|0.213973,0.0124252
N12269|4943|2.757498,N12275|11037|0.312229,0.00695943
N12269|4943|2.757498,N12281|5227|0.377566,0.0132062
N12269|4943|2.757498,N12271|3995|5.85903,0.0108239
N12269|4943|2.757498,N12274|1564|2.603046,0.00851071
N12269|4943|2.757498,N12268|5064|2.239905,0.00695544
N8583|8725|2.629299,N8596|10492|1.664659,0.0139466
N8583|8725|2.629299,N8599|13315|1.800522,0.0139636
N8583|8725|2.629299,N8592|5055|2.510444,0.0147399
N8583|8725|2.629299,N8586|2351|0.429267,0.011607
N8583|8725|2.629299,N8593|14066|6.884081,0.0131611
N8583|8725|2.629299,N8594|10280|0.478187,0.0123874
N8583|8725|2.629299,N8603|14859|1.315696,0.0123874
N8583|8725|2.629299,N8581|6371|0.050036,0.0139938
N8583|8725|2.629299,N8600|9314|0.056536,0.0123874
N11257|10396|3.68508,N11255|3313|1.707005,0.0124179
N11257|10396|3.68508,N11249|12952|0.190843,0.0123977
N11257|10396|3.68508,N11254|2673|4.351879,0.0147728
N11257|10396|3.68508,N11242|14132|0.054995,0.0116069
N11257|10396|3.68508,N11251|10061|0.941611,0.0116176
N11257|10396|3.68508,N11253|10802|1.437638,0.0139714
N11257|10396|3.68508,N11241|3858|0.478726,0.0147582
N11257|10396|3.68508,N11259|13651|4.526962,0.011608
N11257|10396|3.68508,N11256|8782|2.978578,0.0124033
N8425|12091|4.347088,N8435|13784|0.320534,0.0132029
N8425|12091|4.347088,N8424|9554|1.692868,0.00694093
N8425|12091|4.347088,N8444|2159|1.045095,0.0147399
N8425|12091|4.347088,N8422|6992|3.41521,0.0139607
N8425|12091|4.347088,N8487|11714|0.291764,0.0147778
N8425|12091|4.347088,N8452|11623|1.6017,0.0147454
N8425|12091|4.347088,N8421|4691|2.121792,0.0139524
N8425|12091|4.347088,N8461|4708|0.70719,0.0147716
N9064|14935|3.181566,N9072|4235|1.055492,0.0139677
N9064|14935|3.181566,N9086|13394|0.878173,0.0131834
N9064|14935|3.181566,N9063|14968|3.46223,0.011622
N9064|14935|3.181566,N9060|5017|1.651897,0.00849044
N9064|14935|3.181566,N9059|3952|0.117079,0.00694109
N9064|14935|3.181566,N9090|5865|0.111667,0.012398
N9064|14935|3.181566,N9058|3054|0.871612,0.0100444
N11353|6988|0.241705,N11354|2427|0.080642,0.00462655
N11353|6988|0.241705,N11337|14009|3.192114,0.0116223
N11353|6988|0.241705,N11356|6647|1.107781,0.00307388
N11353|6988|0.241705,N11349|10202|0.90621,0.00927588
N11353|6988|0.241705,N11350|2365|1.175804,0.00615833
N11353|6988|0.241705,N11336|1750|1.140954,0.0123863
N11353|6988|0.241705,N11333|15173|0.298044,0.0108359
N11353|6988|0.241705,N11334|12468|1.530882,0.00927048
N11353|6988|0.241705,N11352|6705|2.913347,0.0108173
N11353|6988|0.241705,N11355|14316|5.248091,0.00616765
N11353|6988|0.241705,N11348|14473|0.632811,0.0100616
N7918|3940|1.356108,N7921|13942|2.702204,0.00539648
N7918|3940|1.356108,N7915|10867|3.088435,0.0147476
N7918|3940|1.356108,N7909|4014|2.262508,0.00927732
N7918|3940|1.356108,N7910|2934|1.169772,0.013184
N7918|3940|1.356108,N7912|10772|0.239024,0.0100391
N7918|3940|1.356108,N7919|12802|6.068616,0.00772829
N10707|6039|2.306618,N10708|14758|0.348726,0.00616652
N10707|6039|2.306618,N10706|11303|1.790605,0.0123855
N7492|9333|2.491911,N7491|3628|0.32143,0.00384401
N7492|9333|2.491911,N7493|5037|2.642441,0.00616946
N7492|9333|2.491911,N7497|9527|0.329804,0.014764
N8004|14482|0.071663,N8003|11990|0.675441,0.00616148
N8004|14482|0.071663,N8000|10070|0.285692,0.0116069
N10963|4998|3.866212,N10966|12602|4.589616,0.0069391
N10963|4998|3.866212,N10968|11278|2.011255,0.0123862
N10963|4998|3.866212,N10957|7904|0.350226,0.013953
N8782|2387|1.370877,N8785|10466|1.038498,0.00539063
N8782|2387|1.370877,N8784|1702|3.594054,0.00850205
N8782|2387|1.370877,N8778|15073|3.971629,0.00848651
N8782|2387|1.370877,N8779|10442|0.344821,0.00230531
N8782|2387|1.370877,N8786|14179|0.213573,0.0108496
N8782|2387|1.370877,N8783|12045|0.175354,0.000767626
N9105|3123|0.415101,N9097|14457|2.272619,0.00694979
N9105|3123|0.415101,N9106|8766|0.804263,0.0123978
N9105|3123|0.415101,N9099|13761|0.672927,0.00693379
N9105|3123|0.415101,N9102|7580|0.64718,0.00616106
N8851|5547|5.595355,N8848|6765|0.883794,0.0147439
N8851|5547|5.595355,N8850|5069|1.693266,0.0123902
N12770|5861|0.616059,N12751|14883|0.545789,0.0147573
N12770|5861|0.616059,N12756|2309|1.276595,0.0131945
N12770|5861|0.616059,N12755|12020|0.149553,0.012417
N12770|5861|0.616059,N12803|2064|0.265817,0.011614
N12770|5861|0.616059,N12773|4711|4.266417,0.013965
N12770|5861|0.616059,N12804|2693|0.587741,0.0139524
N12770|5861|0.616059,N12795|4574|2.553366,0.0139709
N12770|5861|0.616059,N12805|7599|5.251764,0.0123901
N12770|5861|0.616059,N12769|13527|0.825958,0.0038465
N12770|5861|0.616059,N12754|12915|1.230618,0.014762
N12770|5861|0.616059,N12802|8143|0.716222,0.0131829
N12770|5861|0.616059,N12797|2791|0.77827,0.0108383
N12770|5861|0.616059,N12747|10085|0.02083,0.0139711
N12770|5861|0.616059,N12765|5223|0.290977,0.0092831
N12770|5861|0.616059,N12763|9214|0.250753,0.0139606
N12770|5861|0.616059,N12791|3432|1.382532,0.0147623
N12770|5861|0.616059,N12794|1915|0.264954,0.013176
N12770|5861|0.616059,N12735|13411|1.300204,0.0139648
N12770|5861|0.616059,N12782|13348|2.56449,0.0139456
N11369|6481|3.764338,N11371|5903|1.512719,0.0124428
N11369|6481|3.764338,N11373|7146|0.687377,0.0124255
N8003|11990|0.675441,N7985|11817|0.231441,0.01474
N8003|11990|0.675441,N8000|10070|0.285692,0.0108196
N12247|3801|2.795937,N12255|8455|5.011073,0.0139602
N12247|3801|2.795937,N12240|14756|0.109242,0.01163
N12247|3801|2.795937,N12250|7818|1.862516,0.0108379
N12247|3801|2.795937,N12244|14164|0.633352,0.00384646
N7315|11457|0.474614,N7312|7002|1.104188,0.00230288
N7315|11457|0.474614,N7313|7438|3.192167,0.00692946
N11304|3306|1.018878,N11300|2088|2.293458,0.00927362
N11304|3306|1.018878,N11303|14738|0.233273,0.00307483
N11304|3306|1.018878,N11299|2288|1.660374,0.0139635
N11304|3306|1.018878,N11305|3738|1.465005,0.00926545
N7672|4796|0.453661,N7662|11576|1.210973,0.0147714
N7672|4796|0.453661,N7665|8744|0.930059,0.0108616
N7672|4796|0.453661,N7664|6454|0.318782,0.0131647
N7672|4796|0.453661,N7666|7799|1.798255,0.0116197
N7672|4796|0.453661,N7663|4454|1.64803,0.014756
N7672|4796|0.453661,N7668|12471|1.776381,0.0100582
N7672|4796|0.453661,N7714|3550|0.106017,0.0147345
N12052|1462|0.742898,N12063|8845|0.246638,0.0116197
N12052|1462|0.742898,N12051|4854|0.440591,0.00616726
N12052|1462|0.742898,N12054|11742|8.2643,0.00775672
N12052|1462|0.742898,N12074|9368|0.993391,0.0140112
N12052|1462|0.742898,N12050|1425|0.06447,0.00616726
N12052|1462|0.742898,N12094|8684|0.190719,0.0148081
N12052|1462|0.742898,N12062|10982|1.689488,0.0116327
N12052|1462|0.742898,N12049|6519|2.771871,0.0116327
N7258|10758|0.581307,N7229|4355|2.131715,0.0147741
N7258|10758|0.581307,N7239|8793|0.289335,0.0123997
N7258|10758|0.581307,N7228|2074|1.066336,0.0139942
N7258|10758|0.581307,N7227|3532|0.645177,0.0147741
N7258|10758|0.581307,N7265|2369|4.148335,0.0147508
N7258|10758|0.581307,N7255|4944|0.47656,0.00849049
N7258|10758|0.581307,N7253|12457|4.157358,0.013175
N7258|10758|0.581307,N7254|6299|0.918044,0.0108357
N7258|10758|0.581307,N7262|2821|1.430439,0.00772764
N11854|11165|10.228493,N11853|9765|0.63808,0.0123983
N11854|11165|10.228493,N11855|1402|1.32821,0.0100587
N7459|6492|0.052297,N7458|6526|0.786918,0.00850191
N7459|6492|0.052297,N7456|14993|0.820287,0.00927024
N7459|6492|0.052297,N7460|3127|0.163535,0.0147456
N7459|6492|0.052297,N7457|12035|1.153954,0.0100443
N7537|13362|1.629181,N7538|13819|22.196813,0.0100723
N7537|13362|1.629181,N7528|1998|1.594102,0.0139798
N7537|13362|1.629181,N7526|14207|0.370422,0.0123972
N8596|10492|1.664659,N8599|13315|1.800522,0.00771826
N8596|10492|1.664659,N8598|9678|4.893148,0.0108264
N8596|10492|1.664659,N8578|15099|0.090513,0.0123898
N8596|10492|1.664659,N8610|13391|2.668862,0.0147249
N8596|10492|1.664659,N8564|4408|0.742398,0.0147398
N8596|10492|1.664659,N8592|5055|2.510444,0.00694094
N8596|10492|1.664659,N8586|2351|0.429267,0.00695733
N8596|10492|1.664659,N8593|14066|6.884081,0.00538674
N8596|10492|1.664659,N8594|10280|0.478187,0.00461962
N8596|10492|1.664659,N8597|3589|2.374505,0.00693913
N8596|10492|1.664659,N8603|14859|1.315696,0.00926702
N8596|10492|1.664659,N8606|11109|4.121354,0.0131801
N8596|10492|1.664659,N8585|6747|4.03225,0.0139467
N8596|10492|1.664659,N8581|6371|0.050036,0.0108353
N8596|10492|1.664659,N8574|1551|0.966694,0.012391
N8596|10492|1.664659,N8600|9314|0.056536,0.00926701
N11939|6687|1.48908,N11938|2212|0.234243,0.00927369
N11939|6687|1.48908,N11943|13571|0.293141,0.0131685
N10104|2840|1.02207,N10124|12667|2.251802,0.0131783
N10104|2840|1.02207,N10100|3225|2.171659,0.0147562
N10104|2840|1.02207,N10111|11577|0.639357,0.0147477
N10104|2840|1.02207,N10101|3747|0.345259,0.0147309
N10104|2840|1.02207,N10094|7322|3.27339,0.0131612
N10104|2840|1.02207,N10096|4634|3.033585,0.0131612
N10104|2840|1.02207,N10126|7006|1.472433,0.0147587
N10104|2840|1.02207,N10099|1569|1.25766,0.0139398
N10104|2840|1.02207,N10127|9599|0.325855,0.0147427
N10104|2840|1.02207,N10119|10803|0.316622,0.0147401
N10104|2840|1.02207,N10105|6840|2.06747,0.0131627
N10104|2840|1.02207,N10061|3384|0.179959,0.0131783
N8009|14525|0.152579,N8034|11942|0.98519,0.0116023
N8009|14525|0.152579,N8007|9686|0.849915,0.00616177
N8009|14525|0.152579,N8039|4402|0.429196,0.0123791
N8009|14525|0.152579,N8014|11541|1.407573,0.010859
N8009|14525|0.152579,N8022|12003|0.569686,0.0147427
N8009|14525|0.152579,N8008|8037|2.076879,0.00616429
N8009|14525|0.152579,N8020|4770|0.329201,0.00927449
N8009|14525|0.152579,N8011|6303|3.222924,0.00926659
N8009|14525|0.152579,N8012|12050|0.024109,0.0092842
N10124|12667|2.251802,N10123|12223|5.110259,0.00927449
N10124|12667|2.251802,N10065|8060|1.039306,0.0132088
N10124|12667|2.251802,N10111|11577|0.639357,0.0124192
N10124|12667|2.251802,N10094|7322|3.27339,0.0108354
N10124|12667|2.251802,N10096|4634|3.033585,0.0108354
N10124|12667|2.251802,N10126|7006|1.472433,0.00617492
N10124|12667|2.251802,N10113|13294|0.443123,0.0140116
N10124|12667|2.251802,N10127|9599|0.325855,0.00927437
N10124|12667|2.251802,N10121|9339|3.613094,0.0100699
N10124|12667|2.251802,N10083|10662|0.54533,0.0147799
N10124|12667|2.251802,N10119|10803|0.316622,0.0124136
N10124|12667|2.251802,N10105|6840|2.06747,0.0108315
N10124|12667|2.251802,N10061|3384|0.179959,0.0108593
N10124|12667|2.251802,N10110|10994|0.926104,0.0132193
N10124|12667|2.251802,N10076|15281|0.628564,0.0147805
N10124|12667|2.251802,N10057|13681|0.686815,0.0132037
N10123|12223|5.110259,N10126|7006|1.472433,0.0124017
N10176|12958|2.724231,N10175|13084|0.779505,0.00852568
N7605|9220|0.78423,N7592|6283|0.028823,0.0147621
N7605|9220|0.78423,N7613|2721|3.006235,0.00770676
N7605|9220|0.78423,N7612|1953|2.630362,0.00693909
N7605|9220|0.78423,N7602|12012|1.025436,0.00693947
N7605|9220|0.78423,N7625|3016|0.312799,0.014733
N7605|9220|0.78423,N7604|7734|1.196841,0.00384529
N7605|9220|0.78423,N7603|12566|1.558334,0.00307701
N7605|9220|0.78423,N7623|1912|0.329254,0.0131749
N7605|9220|0.78423,N7608|2641|2.682375,0.0123981
N7605|9220|0.78423,N7618|8594|1.069863,0.00771339
N7605|9220|0.78423,N7616|10188|1.521941,0.00771339
N7605|9220|0.78423,N7620|13891|0.667006,0.00849289
N8249|8431|0.561774,N8252|2035|0.385452,0.00849656
N8249|8431|0.561774,N8264|14646|0.97892,0.0139609
N8249|8431|0.561774,N8254|11831|2.397596,0.0116152
N8249|8431|0.561774,N8237|2182|0.011431,0.0131898
N8249|8431|0.561774,N8260|13534|0.454751,0.0108247
N8249|8431|0.561774,N8259|6237|1.846607,0.0116151
N8249|8431|0.561774,N8251|4438|0.010981,0.00849656
N8249|8431|0.561774,N8256|10769|0.712805,0.0124087
N8249|8431|0.561774,N8257|14187|1.407286,0.0124087
N8249|8431|0.561774,N8255|8516|4.621123,0.0116152
N8249|8431|0.561774,N8250|9805|2.44573,0.0100529
N8249|8431|0.561774,N8258|12545|0.209232,0.0108247
N11792|1642|2.795233,N11791|8077|1.068619,0.00539653
N11792|1642|2.795233,N11774|14374|0.391332,0.0100609
N11792|1642|2.795233,N11781|9068|0.252002,0.014757
N11792|1642|2.795233,N11785|7370|0.623601,0.0131831
N11792|1642|2.795233,N11782|2523|0.488763,0.0116264
N11792|1642|2.795233,N11787|2861|0.090931,0.0131766
N11792|1642|2.795233,N11784|11902|1.191376,0.0116263
N11792|1642|2.795233,N11777|9609|0.992037,0.0139565
N12530|10028|0.70269,N12535|11736|0.394495,0.0147732
N12530|10028|0.70269,N12524|7348|0.12227,0.0139668
N12530|10028|0.70269,N12531|6368|0.808906,0.00618787
N12530|10028|0.70269,N12550|8083|0.027918,0.0139955
N12530|10028|0.70269,N12554|10454|0.637343,0.0139802
N12530|10028|0.70269,N12534|12395|1.442349,0.00927423
N12530|10028|0.70269,N12497|5875|0.074333,0.0139641
N12530|10028|0.70269,N12529|4469|3.56161,0.00695617
N12530|10028|0.70269,N12528|11921|2.139033,0.00771976
N11738|4693|2.064272,N11734|14597|2.351997,0.0108321
N11738|4693|2.064272,N11737|8861|2.039257,0.0139789
N11738|4693|2.064272,N11735|4128|0.027554,0.0100496
N11738|4693|2.064272,N11731|8864|0.18334,0.0116172
N11794|15274|0.512393,N11839|7609|1.095137,0.0100448
N11794|15274|0.512393,N11806|8834|2.729095,0.00926683
N11794|15274|0.512393,N11853|9765|0.63808,0.0131751
N11794|15274|0.512393,N11825|13594|0.743221,0.0131802
N11794|15274|0.512393,N11819|4487|0.110916,0.0124164
N11794|15274|0.512393,N11838|8325|3.614666,0.0123906
N11794|15274|0.512393,N11808|11992|1.485664,0.0100415
N11794|15274|0.512393,N11842|13507|2.938431,0.0108268
N11794|15274|0.512393,N11807|3902|2.551213,0.0123779
N11794|15274|0.512393,N11800|14940|1.058674,0.0108339
N11794|15274|0.512393,N11797|9811|2.536506,0.010059
N11794|15274|0.512393,N11795|11647|0.638361,0.00928471
N11794|15274|0.512393,N11796|14497|1.160662,0.01241
N11794|15274|0.512393,N11821|8630|1.302247,0.0116247
N11794|15274|0.512393,N11832|5076|0.375143,0.0100608
N11794|15274|0.512393,N11818|14577|0.522973,0.0116248
N11794|15274|0.512393,N11845|7795|0.316845,0.00848651
N11794|15274|0.512393,N11822|13844|1.50106,0.0139496
N11794|15274|0.512393,N11833|10670|4.114445,0.0123795
N11794|15274|0.512393,N11829|6136|3.535808,0.0147498
N11794|15274|0.512393,N11820|2273|0.700337,0.0139585
N11794|15274|0.512393,N11810|3510|0.371168,0.01241
N11794|15274|0.512393,N11826|10781|1.093903,0.0116405
N11794|15274|0.512393,N11835|1559|2.226693,0.0123919
N11794|15274|0.512393,N11805|9530|2.079066,0.0100518
N11794|15274|0.512393,N11824|12275|0.381059,0.0124018
N11794|15274|0.512393,N11799|11006|0.930139,0.00928471
N11794|15274|0.512393,N11812|8304|1.873095,0.010828
N11794|15274|0.512393,N11801|13264|1.168057,0.0100415
N11794|15274|0.512393,N11844|10359|0.208095,0.00926705
N9754|11347|0.337691,N9762|11905|0.538031,0.00693912
N9754|11347|0.337691,N9764|15391|0.503316,0.00538674
N9754|11347|0.337691,N9763|10952|4.892968,0.0123978
N9754|11347|0.337691,N9755|10766|2.735048,0.00926428
N9754|11347|0.337691,N9753|11007|1.439481,0.00153463
N9754|11347|0.337691,N9749|4008|1.232941,0.0124085
N9754|11347|0.337691,N9756|14594|0.546742,0.00616171
N9097|14457|2.272619,N9106|8766|0.804263,0.0147897
N9097|14457|2.272619,N9099|13761|0.672927,0.00461974
N9097|14457|2.272619,N9102|7580|0.64718,0.00850109
N12898|10597|0.238374,N12902|13344|0.176188,0.00849617
N12898|10597|0.238374,N12906|6736|1.852248,0.0108263
N12898|10597|0.238374,N12896|5378|1.520829,0.00230471
N12898|10597|0.238374,N12900|12978|0.377253,0.00693897
N10201|9651|0.207264,N10205|9265|4.839806,0.0131923
N10201|9651|0.207264,N10199|9067|2.041819,0.0046162
N10201|9651|0.207264,N10200|13655|9.445277,0.00539535
N10201|9651|0.207264,N10210|12616|0.039377,0.0131856
N10201|9651|0.207264,N10308|7071|0.582151,0.0139614
N10201|9651|0.207264,N10153|2144|0.895476,0.0147505
N10201|9651|0.207264,N10307|14002|0.117948,0.0147498
N10201|9651|0.207264,N10240|3543|0.53474,0.0139724
N10201|9651|0.207264,N10254|5148|2.583065,0.0147924
N10201|9651|0.207264,N10202|10267|0.04449,0.000767359
N10201|9651|0.207264,N10251|4593|1.663771,0.0139935
N10201|9651|0.207264,N10227|6504|1.313302,0.0147888
N10201|9651|0.207264,N10253|13358|0.566741,0.0116327
N10201|9651|0.207264,N10206|7264|0.209338,0.00694082
N10201|9651|0.207264,N10207|15177|1.031946,0.0116235
N8910|1624|0.190386,N8905|9682|0.829139,0.00927438
N11085|11943|0.601861,N11066|10755|0.62982,0.012442
N11085|11943|0.601861,N11071|4197|0.05893,0.0140404
N9565|9084|0.859842,N9566|1874|1.386538,0.00230469
N12751|14883|0.545789,N12756|2309|1.276595,0.00927536
N12751|14883|0.545789,N12755|12020|0.149553,0.00850204
N12751|14883|0.545789,N12803|2064|0.265817,0.012394
N12751|14883|0.545789,N12804|2693|0.587741,0.0147562
N12751|14883|0.545789,N12795|4574|2.553366,0.0131871
N12751|14883|0.545789,N12805|7599|5.251764,0.0131867
N12751|14883|0.545789,N12760|3800|0.656399,0.0147506
N12751|14883|0.545789,N12769|13527|0.825958,0.0139723
N12751|14883|0.545789,N12754|12915|1.230618,0.0108505
N12751|14883|0.545789,N12802|8143|0.716222,0.0139652
N12751|14883|0.545789,N12797|2791|0.77827,0.0116218
N12751|14883|0.545789,N12747|10085|0.02083,0.00539525
N12751|14883|0.545789,N12765|5223|0.290977,0.014763
N12751|14883|0.545789,N12763|9214|0.250753,0.0100699
N12751|14883|0.545789,N12794|1915|0.264954,0.0123939
N12751|14883|0.545789,N12748|6117|1.604552,0.00848656
N12751|14883|0.545789,N12735|13411|1.300204,0.0147504
N12751|14883|0.545789,N12762|13412|1.090735,0.0131748
N10100|3225|2.171659,N10101|3747|0.345259,0.0108616
N10100|3225|2.171659,N10099|1569|1.25766,0.011633
N8083|9553|1.485977,N8095|5237|1.987944,0.0139651
N8083|9553|1.485977,N8091|6232|0.813067,0.0069303
N8083|9553|1.485977,N8090|5485|0.952618,0.00927455
N8083|9553|1.485977,N8087|13268|0.069492,0.00693609
N8083|9553|1.485977,N8075|9102|0.980192,0.012398
N8083|9553|1.485977,N8089|12579|1.42331,0.0077116
N8083|9553|1.485977,N8084|15213|0.362241,0.0046213
N8083|9553|1.485977,N8077|7225|1.930592,0.0108266
N8083|9553|1.485977,N8082|8867|2.053827,0.0139468
N8083|9553|1.485977,N8072|3618|3.874166,0.0147315
N8083|9553|1.485977,N8115|7316|3.675933,0.0147332
N8083|9553|1.485977,N8092|9654|0.063226,0.00693382
N8696|4169|4.005003,N8697|5329|0.327644,0.00771946
N8696|4169|4.005003,N8698|3792|1.008455,0.00850175
N9265|6867|2.063789,N9259|8520|0.048263,0.0108378
N9265|6867|2.063789,N9256|2757|2.040753,0.0131827
N9265|6867|2.063789,N9257|6339|0.058928,0.0100606
N9265|6867|2.063789,N9267|10389|2.109554,0.00851641
N9265|6867|2.063789,N9268|8263|0.021383,0.0147698
N9265|6867|2.063789,N9255|14771|0.350205,0.0116173
N9265|6867|2.063789,N9281|5602|0.079699,0.0147573
N9265|6867|2.063789,N9266|13703|1.254768,0.00461968
N9265|6867|2.063789,N9263|4414|1.894238,0.00539845
N9265|6867|2.063789,N9264|5275|1.087171,0.00538673
N9265|6867|2.063789,N9273|13046|0.2787,0.0139853
N9265|6867|2.063789,N9272|7257|0.692674,0.0139804
N12596|6163|0.854777,N12603|6671|3.050434,0.0123941
N12596|6163|0.854777,N12599|8353|1.454529,0.0139654
N12596|6163|0.854777,N12602|14045|0.864212,0.0123942
N12596|6163|0.854777,N12594|12877|0.083073,0.00539012
N12596|6163|0.854777,N12600|4349|1.436957,0.0123943
N12596|6163|0.854777,N12595|11041|1.186994,0.00538488
N9481|6058|1.683084,N9533|4010|0.908495,0.0139522
N9481|6058|1.683084,N9525|10317|1.701035,0.00928414
N9481|6058|1.683084,N9519|3083|0.502026,0.0147559
N9481|6058|1.683084,N9482|2701|0.778378,0.0108321
N9481|6058|1.683084,N9492|8720|1.571976,0.0132068
N9481|6058|1.683084,N9502|12775|0.091182,0.0139712
N9481|6058|1.683084,N9495|7893|0.163381,0.0131874
N9481|6058|1.683084,N9552|6778|1.175407,0.013235
N9481|6058|1.683084,N9513|10514|1.389128,0.0139636
N9481|6058|1.683084,N9503|4006|0.215152,0.0147473
N9481|6058|1.683084,N9555|11655|0.457878,0.0139933
N9481|6058|1.683084,N9541|9315|2.046275,0.014756
N9481|6058|1.683084,N9542|13337|0.791992,0.0108238
N9481|6058|1.683084,N9491|12440|0.015674,0.0108477
N9481|6058|1.683084,N9511|4037|0.11695,0.013183
N9481|6058|1.683084,N9539|6002|0.511961,0.0147573
N9481|6058|1.683084,N9480|5579|1.075498,0.0139796
N9481|6058|1.683084,N9484|8231|2.243047,0.0100441
N9481|6058|1.683084,N9508|3512|0.122202,0.0139541
N9481|6058|1.683084,N9486|1956|0.766508,0.0108419
N9481|6058|1.683084,N9507|10649|0.049628,0.0131745
N9481|6058|1.683084,N9549|15218|1.855956,0.0147471
N9207|5305|8.287524,N9209|13816|0.419325,0.00851161
N9207|5305|8.287524,N9210|10732|1.319301,0.0132202
N12835|5032|0.52659,N12831|6709|1.504096,0.0123977
N12835|5032|0.52659,N12827|7021|0.494991,0.0131676
N12835|5032|0.52659,N12829|15189|0.468004,0.0131839
N12835|5032|0.52659,N12837|3001|4.039749,0.00771975
N12835|5032|0.52659,N12840|8247|1.106403,0.0123913
N12835|5032|0.52659,N12834|6657|0.028154,0.0123994
N12835|5032|0.52659,N12842|5983|3.233808,0.0123914
N7491|3628|0.32143,N7493|5037|2.642441,0.00539068
N8629|9916|0.938927,N8625|3854|0.755222,0.00461617
N8629|9916|0.938927,N8636|1431|0.717095,0.0100418
N8629|9916|0.938927,N8666|13078|0.559671,0.0147472
N8629|9916|0.938927,N8641|4497|0.145991,0.0108279
N8629|9916|0.938927,N8634|14308|1.351042,0.00926415
N8629|9916|0.938927,N8651|13162|0.581821,0.0116122
N8629|9916|0.938927,N8628|8763|4.847856,0.0123776
N8629|9916|0.938927,N8635|7231|0.13617,0.00848454
N8629|9916|0.938927,N8640|10919|1.326289,0.0139606
N8629|9916|0.938927,N8637|14919|0.32506,0.00927446
N8629|9916|0.938927,N8627|6340|1.679732,0.00538673
N8629|9916|0.938927,N8639|7321|1.594604,0.00848642
N8113|3616|0.602729,N8107|6063|0.03488,0.00693385
N8113|3616|0.602729,N8109|8483|1.323114,0.00926068
N8113|3616|0.602729,N8100|4227|1.318436,0.0116205
N10295|1976|0.696104,N10308|7071|0.582151,0.0115946
N10295|1976|0.696104,N10307|14002|0.117948,0.0123776
N10295|1976|0.696104,N10313|9230|1.208993,0.0147181
N10295|1976|0.696104,N10314|1679|0.052918,0.0131623
N10295|1976|0.696104,N10315|6133|1.421078,0.0139497
N10296|13862|31.044984,N10297|11203|34.67214,0.00849256
N10274|5492|0.296863,N10272|2815|0.999696,0.0108397
N10274|5492|0.296863,N10271|12976|0.245497,0.0108397
N9762|11905|0.538031,N9764|15391|0.503316,0.00539405
N9762|11905|0.538031,N9763|10952|4.892968,0.0124107
N9762|11905|0.538031,N9755|10766|2.735048,0.00849304
N9762|11905|0.538031,N9753|11007|1.439481,0.00693368
N9762|11905|0.538031,N9749|4008|1.232941,0.0116212
N9762|11905|0.538031,N9756|14594|0.546742,0.0061663
N9538|7781|2.32725,N9533|4010|0.908495,0.013954
N9538|7781|2.32725,N9525|10317|1.701035,0.01239
N9538|7781|2.32725,N9552|6778|1.175407,0.0132167
N9538|7781|2.32725,N9536|5834|0.684354,0.00308247
N9538|7781|2.32725,N9555|11655|0.457878,0.0139802
N9538|7781|2.32725,N9541|9315|2.046275,0.0147453
N9538|7781|2.32725,N9542|13337|0.791992,0.0108195
N9538|7781|2.32725,N9491|12440|0.015674,0.0139905
N9538|7781|2.32725,N9539|6002|0.511961,0.000767361
N9538|7781|2.32725,N9540|4800|2.029471,0.00772716
N9538|7781|2.32725,N9484|8231|2.243047,0.0147331
N9538|7781|2.32725,N9486|1956|0.766508,0.0139652
N9538|7781|2.32725,N9549|15218|1.855956,0.0147493
N12313|14357|0.889664,N12305|3700|0.084977,0.013967
N12313|14357|0.889664,N12304|2562|0.235725,0.013178
N12313|14357|0.889664,N12309|10166|0.928832,0.0147582
N10906|3654|0.56303,N10904|8576|0.676647,0.0131834
N10906|3654|0.56303,N10911|4392|3.798264,0.0108197
N10906|3654|0.56303,N10908|10652|1.045014,0.00694099
N10906|3654|0.56303,N10909|10151|1.042798,0.00771333
N12564|8090|2.029125,N12563|8865|1.422802,0.0123835
N12564|8090|2.029125,N12535|11736|0.394495,0.0132167
N12564|8090|2.029125,N12508|14807|0.41106,0.0131746
N12564|8090|2.029125,N12555|4208|2.598968,0.0115932
N12564|8090|2.029125,N12562|4529|0.61832,0.0147398
N12564|8090|2.029125,N12524|7348|0.12227,0.013964
N12564|8090|2.029125,N12603|6671|3.050434,0.0139525
N12564|8090|2.029125,N12465|9663|3.510964,0.0147575
N12564|8090|2.029125,N12571|8941|1.241029,0.0147398
N12564|8090|2.029125,N12553|5590|1.684612,0.0123873
N12564|8090|2.029125,N12482|15143|0.193936,0.0139526
N12564|8090|2.029125,N12527|9237|0.448218,0.0147313
N12564|8090|2.029125,N12504|8693|0.601243,0.0139526
N12564|8090|2.029125,N12519|10480|2.16617,0.0139723
N12564|8090|2.029125,N12550|8083|0.027918,0.00771831
N12564|8090|2.029125,N12602|14045|0.864212,0.0139526
N12564|8090|2.029125,N12588|14367|1.187912,0.0123915
N12564|8090|2.029125,N12492|6139|1.973109,0.0147426
N12564|8090|2.029125,N12600|4349|1.436957,0.0139527
N12564|8090|2.029125,N12554|10454|0.637343,0.00926424
N12564|8090|2.029125,N12565|3942|2.216347,0.013975
N12564|8090|2.029125,N12500|10430|1.273377,0.0147346
N12564|8090|2.029125,N12534|12395|1.442349,0.0139614
N12564|8090|2.029125,N12569|10700|0.180908,0.0100448
N12564|8090|2.029125,N12497|5875|0.074333,0.0116001
N12564|8090|2.029125,N12545|9734|2.533836,0.0139672
N12564|8090|2.029125,N12574|12439|0.14536,0.0131522
N12564|8090|2.029125,N12517|2545|1.034848,0.014763
N12564|8090|2.029125,N12529|4469|3.56161,0.0147631
N12564|8090|2.029125,N12546|6374|0.291382,0.0139614
N11268|1588|0.835826,N11272|7605|0.463027,0.00850123
N11268|1588|0.835826,N11279|13880|0.575043,0.0131764
N11268|1588|0.835826,N11265|11932|2.622816,0.0124106
N7573|12128|0.908489,N7569|13864|0.616308,0.0139469
N7573|12128|0.908489,N7582|11418|2.88801,0.0124017
N7573|12128|0.908489,N7572|15384|2.459501,0.00849316
N7573|12128|0.908489,N7568|1526|0.096161,0.013165
N7573|12128|0.908489,N7578|13870|0.956822,0.00461622
N7573|12128|0.908489,N7577|3297|0.36233,0.00384396
N7573|12128|0.908489,N7555|11252|0.72638,0.0147587
N9107|10615|10.886411,N9106|8766|0.804263,0.00927573
N10416|11369|0.698039,N10427|3970|0.156468,0.0147343
N10416|11369|0.698039,N10418|7026|0.951921,0.0147272
N10416|11369|0.698039,N10440|6346|0.732477,0.00926064
N10416|11369|0.698039,N10420|12519|2.497745,0.0131691
N10416|11369|0.698039,N10421|1621|0.185784,0.0108148
N10416|11369|0.698039,N10432|5320|1.445576,0.0123771
N10416|11369|0.698039,N10434|6544|1.236147,0.0147454
N10416|11369|0.698039,N10414|11960|1.623667,0.00693831
N9109|4667|0.075349,N9134|1592|0.274906,0.0100412
N9109|4667|0.075349,N9115|2253|1.392066,0.00927446
N9109|4667|0.075349,N9124|12640|0.657822,0.0123916
N9109|4667|0.075349,N9114|12028|0.249049,0.0100584
N9109|4667|0.075349,N9123|7269|4.075191,0.0139644
N9109|4667|0.075349,N9133|10512|0.63993,0.0100392
N7368|6338|0.854409,N7366|4395|0.099439,0.0100587
N7368|6338|0.854409,N7357|12018|1.865211,0.0124413
N7368|6338|0.854409,N7359|12326|0.642363,0.0108601
N7368|6338|0.854409,N7364|14981|1.278328,0.00772009
N7368|6338|0.854409,N7361|4656|0.357697,0.0100842
N7368|6338|0.854409,N7367|1704|8.595758,0.0116146
N7368|6338|0.854409,N7358|8381|0.416148,0.0100843
N7368|6338|0.854409,N7365|6936|1.085228,0.00926574
N7368|6338|0.854409,N7363|2573|0.103245,0.00695569
N9951|10255|1.515199,N9950|9477|6.748303,0.0108421
N9951|10255|1.515199,N9939|3554|0.826545,0.0100565
N9951|10255|1.515199,N9958|1480|0.111606,0.00693817
N9951|10255|1.515199,N9938|9738|2.775301,0.0147576
N9951|10255|1.515199,N9947|2373|1.334517,0.0131954
N9951|10255|1.515199,N9957|8145|4.00704,0.0100743
N11462|14660|0.116968,N11459|5137|0.887993,0.00771168
N11462|14660|0.116968,N11436|8642|2.737344,0.0131749
N11462|14660|0.116968,N11465|1674|3.954232,0.0092741
N11462|14660|0.116968,N11476|7720|0.188723,0.0139728
N11462|14660|0.116968,N11466|6960|0.69333,0.0131842
N11462|14660|0.116968,N11439|4031|5.949013,0.0124067
N11462|14660|0.116968,N11432|8564|1.106573,0.0147333
N11462|14660|0.116968,N11460|4546|1.523002,0.00693615
N11462|14660|0.116968,N11463|14878|1.463977,0.00617545
N11462|14660|0.116968,N11472|6578|0.483504,0.0139729
N11462|14660|0.116968,N11447|15071|0.379129,0.0108315
N11462|14660|0.116968,N11471|13768|0.711381,0.0147509
N11462|14660|0.116968,N11455|6968|3.156725,0.0116072
N11462|14660|0.116968,N11452|2698|0.399768,0.0100586
N11186|8117|0.703739,N11182|8257|0.643248,0.00927474
N11186|8117|0.703739,N11185|3623|0.186886,0.00848668
N11186|8117|0.703739,N11176|8670|0.161207,0.0139544
N11186|8117|0.703739,N11179|12364|0.146687,0.0139528
N11186|8117|0.703739,N11174|7612|0.80396,0.0108249
N11186|8117|0.703739,N11183|8654|3.544745,0.0147156
N11186|8117|0.703739,N11180|1876|0.387964,0.00616184
N11186|8117|0.703739,N11173|12964|0.86605,0.0123943
N8326|7638|0.454286,N8328|2780|1.233022,0.00616944
N8326|7638|0.454286,N8329|1975|1.572139,0.00539518
N11102|10199|0.727087,N11122|13125|0.808548,0.0147784
N11102|10199|0.727087,N11123|11876|0.935761,0.0148107
N11102|10199|0.727087,N11109|4048|0.697151,0.0108426
N11102|10199|0.727087,N11113|10029|0.854518,0.0108427
N11102|10199|0.727087,N11106|12769|0.259315,0.00385014
N11102|10199|0.727087,N11118|3441|0.266943,0.0116223
N11102|10199|0.727087,N11119|6343|0.137069,0.0131928
N11102|10199|0.727087,N11101|7070|0.946171,0.00384235
N11102|10199|0.727087,N11108|5884|0.77288,0.0108426
N11102|10199|0.727087,N11097|12564|1.398948,0.00461626
N11255|3313|1.707005,N11249|12952|0.190843,0.00928272
N11255|3313|1.707005,N11254|2673|4.351879,0.00850222
N11255|3313|1.707005,N11242|14132|0.054995,0.0100575
N11255|3313|1.707005,N11251|10061|0.941611,0.00850512
N11255|3313|1.707005,N11253|10802|1.437638,0.0108481
N11255|3313|1.707005,N11241|3858|0.478726,0.0131954
N11255|3313|1.707005,N11259|13651|4.526962,0.0131922
N11255|3313|1.707005,N11256|8782|2.978578,0.00616436
N10912|14735|3.545831,N10920|14634|1.207204,0.00850105
N10912|14735|3.545831,N10914|9492|10.257428,0.0123916
N10912|14735|3.545831,N10922|11934|1.797118,0.00926992
N10912|14735|3.545831,N10913|3810|1.22067,0.00772742
N9221|3287|1.931716,N9227|3109|1.922733,0.0124088
N9221|3287|1.931716,N9220|7153|0.060846,0.0085009
N9221|3287|1.931716,N9230|5653|0.302782,0.0100607
N9221|3287|1.931716,N9219|11851|0.409166,0.0108399
N9221|3287|1.931716,N9217|11202|0.826529,0.00851113
N9221|3287|1.931716,N9218|5627|1.577137,0.0100654
N12723|13100|2.761022,N12718|13208|0.414143,0.00926646
N12723|13100|2.761022,N12720|1572|0.182671,0.00927447
N12723|13100|2.761022,N12769|13527|0.825958,0.0147315
N12723|13100|2.761022,N12726|1522|2.240839,0.0100412
N12723|13100|2.761022,N12735|13411|1.300204,0.0131579
N12978|8669|5.795832,N12985|2038|1.072247,0.0139639
N12978|8669|5.795832,N12988|5294|0.324096,0.0123974
N12978|8669|5.795832,N12998|8221|0.848825,0.0116196
N12978|8669|5.795832,N12996|11426|0.862639,0.0116212
N12978|8669|5.795832,N12987|13617|0.236659,0.0108445
N12978|8669|5.795832,N12992|10856|1.925319,0.0108329
N12978|8669|5.795832,N12986|8658|4.09695,0.0116212
N12978|8669|5.795832,N12997|12399|1.005863,0.0132003
N12978|8669|5.795832,N12977|12673|1.17305,0.00385006
N9449|10780|2.214769,N9450|5603|2.048183,0.00616906
N9449|10780|2.214769,N9451|10692|1.609798,0.0147574
N10280|3070|1.573909,N10282|11059|0.381994,0.00693769
N7495|2979|1.757575,N7496|3214|0.296956,0.00307175
N7495|2979|1.757575,N7494|8389|2.928798,0.0131848
N12158|13659|0.209424,N12160|4162|3.082236,0.010041
N12158|13659|0.209424,N12163|7913|0.357563,0.0124134
N12158|13659|0.209424,N12159|11901|2.7287,0.009296
N11726|3676|2.085945,N11723|6453|2.349299,0.0147479
N11726|3676|2.085945,N11718|9278|1.187955,0.0139696
N11726|3676|2.085945,N11721|7100|1.057761,0.0147583
N11726|3676|2.085945,N11729|11774|0.076808,0.0147394
N11726|3676|2.085945,N11727|3472|0.293825,0.00927464
N10563|4241|1.218765,N10549|6129|2.090029,0.0147844
N10563|4241|1.218765,N10562|10470|0.557657,0.0054045
N10563|4241|1.218765,N10555|15365|0.330492,0.0116488
N10563|4241|1.218765,N10560|4175|0.28726,0.00695533
N10563|4241|1.218765,N10554|6501|1.169808,0.0124242
N10563|4241|1.218765,N10558|12714|0.308784,0.00773811
N7941|13715|0.321718,N7946|8602|0.632918,0.0140354
N7941|13715|0.321718,N7949|2592|2.436013,0.0100514
N7941|13715|0.321718,N7909|4014|2.262508,0.013961
N7941|13715|0.321718,N7948|3208|2.491316,0.0123991
N7941|13715|0.321718,N7929|8368|0.436093,0.0139356
N7941|13715|0.321718,N7951|13066|0.564577,0.0139558
N10141|15388|1.388087,N10150|8448|0.63063,0.0116215
N10141|15388|1.388087,N10140|13774|1.624122,0.00927038
N10141|15388|1.388087,N10145|8073|2.673846,0.013184
N10141|15388|1.388087,N10153|2144|0.895476,0.0108149
N10141|15388|1.388087,N10146|10997|1.204118,0.0131835
N10141|15388|1.388087,N10147|10051|1.378086,0.012398
N10141|15388|1.388087,N10149|11080|0.160309,0.0108353
N10141|15388|1.388087,N10154|13738|0.207181,0.0108197
N10141|15388|1.388087,N10152|9351|0.056029,0.0131749
N10141|15388|1.388087,N10158|14329|0.227607,0.0131678
N10141|15388|1.388087,N10160|4433|0.171967,0.0131768
N10141|15388|1.388087,N10136|6253|0.845949,0.0108204
N10141|15388|1.388087,N10139|5635|0.470954,0.00927038
N10141|15388|1.388087,N10135|3888|1.954201,0.0115969
N11570|5112|3.512175,N11569|6248|0.24562,0.0108504
N11570|5112|3.512175,N11571|14920|0.603058,0.0100605
N7681|13095|0.579372,N7680|2234|1.066566,0.00616112
N7681|13095|0.579372,N7678|14971|2.708855,0.0116199
N7681|13095|0.579372,N7684|6871|1.591664,0.0053901
N10550|6562|1.791754,N10549|6129|2.090029,0.00852496
N10550|6562|1.791754,N10547|7175|0.207334,0.0108738
N10550|6562|1.791754,N10545|2003|0.042819,0.0108739
N8991|3914|3.697244,N8993|1884|1.206722,0.0139697
N9475|2667|0.359735,N9474|9017|1.451983,0.00461613
N9475|2667|0.359735,N9464|5466|2.500258,0.00849973
N9475|2667|0.359735,N9463|10192|2.595043,0.0116006
N9475|2667|0.359735,N9469|8841|0.631808,0.00617505
N9475|2667|0.359735,N9472|2578|0.263727,0.00461613
N9475|2667|0.359735,N9461|6816|1.325411,0.00694649
N9475|2667|0.359735,N9465|7044|0.718834,0.0023029
N9475|2667|0.359735,N9476|7780|0.27861,0.00153462
N7478|13924|0.307543,N7485|6257|0.908716,0.013962
N7478|13924|0.307543,N7490|8523|0.492729,0.00771157
N7478|13924|0.307543,N7483|6020|4.771817,0.0131775
N7478|13924|0.307543,N7489|2699|0.216451,0.0100518
N7478|13924|0.307543,N7487|8500|1.973673,0.0108268
N9840|11225|0.243286,N9853|2386|4.649073,0.0147584
N9840|11225|0.243286,N9846|2267|2.054094,0.013995
N9840|11225|0.243286,N9842|4063|0.304267,0.000767629
N9840|11225|0.243286,N9839|6268|1.81341,0.00771992
N9359|13859|0.138749,N9360|6545|2.045792,0.00849621
N9359|13859|0.138749,N9429|6293|0.044463,0.011648
N9359|13859|0.138749,N9368|5528|1.847757,0.00852519
N9359|13859|0.138749,N9385|1958|3.873197,0.0116216
N9359|13859|0.138749,N9259|8520|0.048263,0.0116109
N9359|13859|0.138749,N9390|2933|0.66356,0.0115958
N9359|13859|0.138749,N9256|2757|2.040753,0.0139558
N9359|13859|0.138749,N9257|6339|0.058928,0.0123976
N9359|13859|0.138749,N9419|8042|1.209773,0.0147893
N9359|13859|0.138749,N9255|14771|0.350205,0.0123976
N9359|13859|0.138749,N9340|13662|3.058796,0.0139723
N9359|13859|0.138749,N9382|3614|0.131365,0.0100514
N9359|13859|0.138749,N9349|10069|1.964609,0.0147474
N9359|13859|0.138749,N9381|3359|1.575732,0.0116338
N9359|13859|0.138749,N9281|5602|0.079699,0.0139671
N9359|13859|0.138749,N9370|6191|0.044663,0.00775291
N9359|13859|0.138749,N9411|12961|0.776325,0.0116494
N9359|13859|0.138749,N9405|11433|2.621768,0.0147631
N9359|13859|0.138749,N9333|13054|1.645774,0.0147505
N9359|13859|0.138749,N9372|7984|0.880108,0.0116199
N9359|13859|0.138749,N9344|3471|0.361147,0.0131953
N9359|13859|0.138749,N9374|14933|0.113524,0.011614
N9359|13859|0.138749,N9367|13918|2.215421,0.0108584
N9359|13859|0.138749,N9417|14062|0.337818,0.0124133
N9359|13859|0.138749,N9376|3820|4.286804,0.0139557
N9359|13859|0.138749,N9364|2834|1.320972,0.0116139
N9359|13859|0.138749,N9425|10731|0.354384,0.0139798
N9359|13859|0.138749,N9358|15303|1.043357,0.00076762
N9359|13859|0.138749,N9342|14450|0.850897,0.0124133
N9359|13859|0.138749,N9399|10757|3.06532,0.0140116
N9359|13859|0.138749,N9362|8633|2.407497,0.0116151
N9359|13859|0.138749,N9361|6873|1.129772,0.00694522
N9359|13859|0.138749,N9404|11969|0.138192,0.0123963
N9359|13859|0.138749,N9410|13851|2.199643,0.0140122
N9359|13859|0.138749,N9363|2727|3.279489,0.00616733
N9359|13859|0.138749,N9334|8076|0.202191,0.0124133
N9862|13419|0.677409,N9877|5997|0.206392,0.0100515
N9862|13419|0.677409,N9864|13029|0.48077,0.0116254
N9862|13419|0.677409,N9882|5025|2.017777,0.0147631
N9862|13419|0.677409,N9861|14909|0.467325,0.000767364
N9862|13419|0.677409,N9867|2262|0.771963,0.0116216
N9862|13419|0.677409,N9875|10138|0.143738,0.0100583
N9862|13419|0.677409,N9870|10159|0.43556,0.0139638
N9862|13419|0.677409,N9857|12874|2.319649,0.0108264
N9862|13419|0.677409,N9855|6001|0.173178,0.0116109
N9862|13419|0.677409,N9874|11501|0.244614,0.00928392
N9862|13419|0.677409,N9858|7228|0.829383,0.00849621
N9862|13419|0.677409,N9860|3015|1.032278,0.0108398
N9862|13419|0.677409,N9854|5220|2.64087,0.0131763
N9877|5997|0.206392,N9864|13029|0.48077,0.00927537
N9877|5997|0.206392,N9883|4740|2.938363,0.0123913
N9877|5997|0.206392,N9882|5025|2.017777,0.00772355
N9877|5997|0.206392,N9861|14909|0.467325,0.00926979
N9877|5997|0.206392,N9867|2262|0.771963,0.00771836
N9877|5997|0.206392,N9875|10138|0.143738,0.0061611
N9877|5997|0.206392,N9870|10159|0.43556,0.00848575
N9877|5997|0.206392,N9857|12874|2.319649,0.00693375
N9877|5997|0.206392,N9855|6001|0.173178,0.00771149
N9877|5997|0.206392,N9879|4595|5.543983,0.0108313
N9877|5997|0.206392,N9874|11501|0.244614,0.00538675
N9877|5997|0.206392,N9866|6159|2.918018,0.0123976
N9877|5997|0.206392,N9858|7228|0.829383,0.00461618
N9877|5997|0.206392,N9860|3015|1.032278,0.00694094
N9877|5997|0.206392,N9854|5220|2.64087,0.00926699
N9360|6545|2.045792,N9368|5528|1.847757,0.0139805
N9360|6545|2.045792,N9370|6191|0.044663,0.0132035
N9360|6545|2.045792,N9358|15303|1.043357,0.00927532
N9360|6545|2.045792,N9362|8633|2.407497,0.00926651
N9360|6545|2.045792,N9361|6873|1.129772,0.00461617
N9360|6545|2.045792,N9363|2727|3.279489,0.0116069
N9768|8481|5.324042,N9770|2752|0.871925,0.0147717
N9768|8481|5.324042,N9772|13322|0.457933,0.012409
N9768|8481|5.324042,N9769|6354|1.277459,0.0139799
N10192|4290|0.307745,N10193|6971|0.125411,0.00851082
N11272|7605|0.463027,N11284|8731|0.171845,0.0131682
N11272|7605|0.463027,N11282|15176|0.441175,0.01239
N11272|7605|0.463027,N11277|3094|1.405953,0.0123779
N11272|7605|0.463027,N11279|13880|0.575043,0.0092755
N11272|7605|0.463027,N11265|11932|2.622816,0.00694109
N11272|7605|0.463027,N11298|1906|1.368261,0.0139396
N11272|7605|0.463027,N11276|2917|0.721746,0.0100503
N11272|7605|0.463027,N11274|11186|2.075797,0.0116126
N11272|7605|0.463027,N11297|9919|1.01418,0.0147251
N11272|7605|0.463027,N11295|8972|0.955216,0.0147251
N11272|7605|0.463027,N11294|5556|0.119875,0.0139345
N11272|7605|0.463027,N11287|1604|0.798294,0.0131804
N8599|13315|1.800522,N8598|9678|4.893148,0.00616721
N8599|13315|1.800522,N8578|15099|0.090513,0.0123777
N8599|13315|1.800522,N8610|13391|2.668862,0.0147315
N8599|13315|1.800522,N8564|4408|0.742398,0.014756
N8599|13315|1.800522,N8592|5055|2.510444,0.00850085
N8599|13315|1.800522,N8586|2351|0.429267,0.0084904
N8599|13315|1.800522,N8593|14066|6.884081,0.00693887
N8599|13315|1.800522,N8594|10280|0.478187,0.00617508
N8599|13315|1.800522,N8597|3589|2.374505,0.0116197
N8599|13315|1.800522,N8603|14859|1.315696,0.00926646
N8599|13315|1.800522,N8606|11109|4.121354,0.0131623
N8599|13315|1.800522,N8585|6747|4.03225,0.0139637
N8599|13315|1.800522,N8581|6371|0.050036,0.0108583
N8599|13315|1.800522,N8574|1551|0.966694,0.0123835
N8599|13315|1.800522,N8600|9314|0.056536,0.00926646
N8598|9678|4.893148,N8592|5055|2.510444,0.0116151
N8598|9678|4.893148,N8586|2351|0.429267,0.0116082
N8598|9678|4.893148,N8593|14066|6.884081,0.0100442
N8598|9678|4.893148,N8594|10280|0.478187,0.00927425
N8598|9678|4.893148,N8597|3589|2.374505,0.0147452
N8598|9678|4.893148,N8603|14859|1.315696,0.0123835
N8598|9678|4.893148,N8581|6371|0.050036,0.0139777
N8598|9678|4.893148,N8600|9314|0.056536,0.0123835
N9701|8709|1.632406,N9702|13366|2.515764,0.00153794
N9701|8709|1.632406,N9703|6717|0.552307,0.00230452
N9701|8709|1.632406,N9699|7120|1.582618,0.00384523
N9701|8709|1.632406,N9696|14498|5.512639,0.0124013
N9701|8709|1.632406,N9772|13322|0.457933,0.0147313
N9701|8709|1.632406,N9858|7228|0.829383,0.0147675
N9077|2409|0.356179,N9081|8706|1.386561,0.0123859
N9077|2409|0.356179,N9072|4235|1.055492,0.00770674
N9077|2409|0.356179,N9082|6397|0.367536,0.0108336
N9077|2409|0.356179,N9086|13394|0.878173,0.0116112
N9077|2409|0.356179,N9063|14968|3.46223,0.0147727
N9077|2409|0.356179,N9060|5017|1.651897,0.0131741
N9077|2409|0.356179,N9079|12702|0.242011,0.0038515
N9077|2409|0.356179,N9070|12994|1.368415,0.0108203
N9077|2409|0.356179,N9066|8542|2.20717,0.0108453
N9077|2409|0.356179,N9073|8685|2.253138,0.0147568
N9077|2409|0.356179,N9076|5982|3.03622,0.014731
N9077|2409|0.356179,N9059|3952|0.117079,0.0116211
N9077|2409|0.356179,N9090|5865|0.111667,0.00926662
N9077|2409|0.356179,N9069|8647|2.490183,0.0108258
N9077|2409|0.356179,N9075|13959|2.641422,0.0116042
N9077|2409|0.356179,N9058|3054|0.871612,0.014743
N9077|2409|0.356179,N9074|12197|2.750243,0.012374
N8252|2035|0.385452,N8264|14646|0.97892,0.0116267
N8252|2035|0.385452,N8254|11831|2.397596,0.00616731
N8252|2035|0.385452,N8237|2182|0.011431,0.014778
N8252|2035|0.385452,N8260|13534|0.454751,0.0100528
N8252|2035|0.385452,N8259|6237|1.846607,0.0108384
N8252|2035|0.385452,N8251|4438|0.010981,0.00153689
N8252|2035|0.385452,N8256|10769|0.712805,0.0116214
N8252|2035|0.385452,N8257|14187|1.407286,0.0116214
N8252|2035|0.385452,N8255|8516|4.621123,0.00927852
N8252|2035|0.385452,N8250|9805|2.44573,0.00307297
N8252|2035|0.385452,N8258|12545|0.209232,0.0100528
N7225|10784|0.941838,N7229|4355|2.131715,0.00384399
N7225|10784|0.941838,N7228|2074|1.066336,0.00307299
N7225|10784|0.941838,N7227|3532|0.645177,0.00384398
N7225|10784|0.941838,N7235|9395|5.523015,0.0116027
N7225|10784|0.941838,N7232|14323|1.293716,0.00693334
N7225|10784|0.941838,N7233|6506|1.924172,0.0100701
N7225|10784|0.941838,N7234|5555|2.762448,0.00771824
N11791|8077|1.068619,N11774|14374|0.391332,0.0092785
N11791|8077|1.068619,N11781|9068|0.252002,0.0139716
N11791|8077|1.068619,N11785|7370|0.623601,0.0123995
N11791|8077|1.068619,N11782|2523|0.488763,0.0108422
N11791|8077|1.068619,N11787|2861|0.090931,0.0123982
N11791|8077|1.068619,N11784|11902|1.191376,0.0108421
N11791|8077|1.068619,N11777|9609|0.992037,0.0131873
N8621|5138|0.857882,N8619|8016|1.529343,0.0131838
N8621|5138|0.857882,N8622|5565|0.483006,0.00771326
N8621|5138|0.857882,N8617|12262|1.10584,0.0124062
N8621|5138|0.857882,N8623|12267|0.077572,0.00694095
N10548|5236|2.259254,N10549|6129|2.090029,0.00849042
N10548|5236|2.259254,N10547|7175|0.207334,0.00616116
N10548|5236|2.259254,N10545|2003|0.042819,0.00616116
N9984|15144|3.31279,N9982|6452|0.30047,0.00539066
N9984|15144|3.31279,N9979|13090|1.524267,0.00927742
N9984|15144|3.31279,N9995|11169|0.095018,0.0123978
N9984|15144|3.31279,N9996|9280|2.587202,0.0124091
N9984|15144|3.31279,N9980|6926|0.811684,0.0100565
N9984|15144|3.31279,N9990|8796|0.29883,0.0124065
N9984|15144|3.31279,N9986|3239|0.136725,0.0131832
N9984|15144|3.31279,N9989|12587|5.539199,0.0147567
N9984|15144|3.31279,N9998|13481|1.227033,0.011611
N11196|2056|0.95491,N11210|5343|1.815671,0.0132006
N11196|2056|0.95491,N11204|14459|1.246016,0.0108239
N11196|2056|0.95491,N11203|11166|2.317383,0.0139635
N11196|2056|0.95491,N11209|11513|2.376764,0.0147344
N11196|2056|0.95491,N11197|8504|2.111817,0.00461398
N11196|2056|0.95491,N11208|2122|2.080393,0.0123873
N11196|2056|0.95491,N11199|2139|0.525467,0.0100699
N11196|2056|0.95491,N11198|10658|2.190374,0.00926433
N9524|13107|1.267971,N9523|13901|6.751653,0.0132023
N9524|13107|1.267971,N9525|10317|1.701035,0.00928437
N10010|4085|2.799758,N10011|4458|0.615894,0.013186
N10010|4085|2.799758,N10013|3721|0.219232,0.012387
N13076|4891|0.725229,N13072|12819|1.672875,0.0116142
N13076|4891|0.725229,N13080|8198|2.835692,0.0116007
N13076|4891|0.725229,N13079|1454|0.626084,0.0108508
N13076|4891|0.725229,N13071|4238|1.966479,0.00848651
N13076|4891|0.725229,N13070|7113|5.886608,0.0131521
N13076|4891|0.725229,N13086|15084|0.571855,0.0147881
N13076|4891|0.725229,N13023|9255|2.431417,0.0147706
N13076|4891|0.725229,N13087|2366|3.091692,0.0132179
N13074|13637|50.489501,N13075|11906|50.616798,0.00385138
N9982|6452|0.30047,N9979|13090|1.524267,0.0053952
N9982|6452|0.30047,N9995|11169|0.095018,0.00849033
N9982|6452|0.30047,N9996|9280|2.587202,0.00849273
N9982|6452|0.30047,N10008|2048|0.176038,0.0131555
N9982|6452|0.30047,N9980|6926|0.811684,0.00617361
N9982|6452|0.30047,N9977|8185|2.44994,0.0147329
N9982|6452|0.30047,N10000|3571|1.200374,0.011611
N9982|6452|0.30047,N9990|8796|0.29883,0.0085127
N9982|6452|0.30047,N9981|8343|4.943194,0.0131782
N9982|6452|0.30047,N9997|9473|1.575147,0.0124091
N9982|6452|0.30047,N9986|3239|0.136725,0.00928636
N9982|6452|0.30047,N9989|12587|5.539199,0.0108647
N9982|6452|0.30047,N9991|3356|4.003899,0.0139841
N9982|6452|0.30047,N9998|13481|1.227033,0.00771311
N10084|5706|2.767464,N10086|10273|6.356528,0.0147477
N10084|5706|2.767464,N10082|5613|2.048412,0.0147446
N10084|5706|2.767464,N10083|10662|0.54533,0.0092759
N10084|5706|2.767464,N10076|15281|0.628564,0.0139796
N10084|5706|2.767464,N10081|3877|1.475931,0.0131836
N12507|9063|0.371893,N12535|11736|0.394495,0.0139524
N12507|9063|0.371893,N12508|14807|0.41106,0.00618513
N12507|9063|0.371893,N12465|9663|3.510964,0.0147693
N12507|9063|0.371893,N12482|15143|0.193936,0.011663
N12507|9063|0.371893,N12504|8693|0.601243,0.0116631
N12507|9063|0.371893,N12550|8083|0.027918,0.0139652
N12507|9063|0.371893,N12491|14941|6.537729,0.0148142
N12507|9063|0.371893,N12492|6139|1.973109,0.0124024
N12507|9063|0.371893,N12554|10454|0.637343,0.013961
N12507|9063|0.371893,N12500|10430|1.273377,0.0124189
N12507|9063|0.371893,N12505|6802|1.904995,0.0139477
N12507|9063|0.371893,N12497|5875|0.074333,0.00929111
N12507|9063|0.371893,N12483|3059|1.085798,0.0139901
N8264|14646|0.97892,N8254|11831|2.397596,0.0131833
N8264|14646|0.97892,N8260|13534|0.454751,0.0139614
N8264|14646|0.97892,N8259|6237|1.846607,0.0147498
N8264|14646|0.97892,N8251|4438|0.010981,0.0116267
N8264|14646|0.97892,N8255|8516|4.621123,0.01475
N8264|14646|0.97892,N8250|9805|2.44573,0.0131952
N8264|14646|0.97892,N8258|12545|0.209232,0.0139614
N10966|12602|4.589616,N10968|11278|2.011255,0.0132015
N10966|12602|4.589616,N10957|7904|0.350226,0.0147724
N7458|6526|0.786918,N7456|14993|0.820287,0.00851221
N7458|6526|0.786918,N7457|12035|1.153954,0.007728
N12387|10709|1.719147,N12396|15125|0.104996,0.0124101
N12486|7707|0.199262,N12508|14807|0.41106,0.0108147
N12486|7707|0.199262,N12482|15143|0.193936,0.0123777
N12486|7707|0.199262,N12504|8693|0.601243,0.0131623
N12486|7707|0.199262,N12492|6139|1.973109,0.0139429
N12486|7707|0.199262,N12500|10430|1.273377,0.0139395
N12486|7707|0.199262,N12497|5875|0.074333,0.0108116
N12486|7707|0.199262,N12483|3059|1.085798,0.0147255
N12886|6895|0.793394,N12882|8554|0.299096,0.00616115
N12886|6895|0.793394,N12881|12202|1.538248,0.0108169
N12886|6895|0.793394,N12879|5607|0.1192,0.012386
N12886|6895|0.793394,N12884|13010|4.320356,0.0053868
N12886|6895|0.793394,N12891|12862|2.908224,0.0147293
N10261|14522|1.599189,N10259|14317|1.019833,0.00849157
N10261|14522|1.599189,N10254|5148|2.583065,0.00848656
N10261|14522|1.599189,N10251|4593|1.663771,0.0139467
N10261|14522|1.599189,N10253|13358|0.566741,0.0115959
N11751|3884|1.015471,N11752|3405|1.453127,0.00771969
N11751|3884|1.015471,N11755|7774|2.847504,0.00848475
N11751|3884|1.015471,N11753|8071|1.008932,0.00616616
N11751|3884|1.015471,N11750|6476|2.003128,0.00384531
N11751|3884|1.015471,N11740|12167|0.065432,0.0147436
N11751|3884|1.015471,N11756|13003|2.695778,0.0115889
N9306|12076|0.602506,N9307|7082|7.689669,0.00771994
N9306|12076|0.602506,N9304|3689|1.485817,0.0108265
N9306|12076|0.602506,N9303|11597|1.764638,0.0115915
N9306|12076|0.602506,N9294|15120|0.75094,0.0139456
N9306|12076|0.602506,N9308|12766|1.761637,0.0023029
N9307|7082|7.689669,N9308|12766|1.761637,0.0100516
N11128|15329|2.078366,N11122|13125|0.808548,0.0131753
N11128|15329|2.078366,N11123|11876|0.935761,0.0116333
N11128|15329|2.078366,N11109|4048|0.697151,0.0139675
N11128|15329|2.078366,N11125|15318|0.689442,0.0123966
N11128|15329|2.078366,N11130|3135|1.45532,0.00771851
N11128|15329|2.078366,N11127|10312|2.573578,0.0147351
N11128|15329|2.078366,N11108|5884|0.77288,0.0139675
N10785|4042|0.013032,N10801|4309|1.346652,0.00849302
N10785|4042|0.013032,N10787|13443|0.332417,0.0116091
N10785|4042|0.013032,N10792|4678|0.278792,0.0123914
N10785|4042|0.013032,N10791|5095|0.101859,0.00771144
N10785|4042|0.013032,N10799|8691|1.813873,0.0123993
N10785|4042|0.013032,N10800|12324|1.582389,0.0139395
N10785|4042|0.013032,N10783|8417|1.969961,0.00539629
N10785|4042|0.013032,N10806|8085|0.809489,0.0116177
N10785|4042|0.013032,N10794|4196|1.198788,0.0116081
N10785|4042|0.013032,N10795|7247|1.411132,0.0124059
N10785|4042|0.013032,N10802|5614|0.119248,0.0108365
N10785|4042|0.013032,N10782|9588|4.038503,0.0116009
N10785|4042|0.013032,N10803|14417|0.009516,0.0108322
N10785|4042|0.013032,N10786|7868|1.275439,0.00848649
N10785|4042|0.013032,N10796|4868|0.355894,0.0108323
N9490|3199|3.288106,N9525|10317|1.701035,0.0139606
N9490|3199|3.288106,N9492|8720|1.571976,0.0100496
N9490|3199|3.288106,N9502|12775|0.091182,0.0108196
N9490|3199|3.288106,N9495|7893|0.163381,0.0116023
N9490|3199|3.288106,N9500|2227|1.218307,0.0123815
N9490|3199|3.288106,N9503|4006|0.215152,0.0116
N9490|3199|3.288106,N9491|12440|0.015674,0.00771326
N9490|3199|3.288106,N9511|4037|0.11695,0.0116088
N9490|3199|3.288106,N9508|3512|0.122202,0.0123771
N9490|3199|3.288106,N9507|10649|0.049628,0.0116092
N11210|5343|1.815671,N11204|14459|1.246016,0.0116153
N11210|5343|1.815671,N11203|11166|2.317383,0.0147585
N11210|5343|1.815671,N11209|11513|2.376764,0.0139609
N11210|5343|1.815671,N11197|8504|2.111817,0.014756
N11210|5343|1.815671,N11208|2122|2.080393,0.0116139
N11210|5343|1.815671,N11199|2139|0.525467,0.0108593
N7229|4355|2.131715,N7228|2074|1.066336,0.00230453
N7229|4355|2.131715,N7227|3532|0.645177,0.00307486
N7229|4355|2.131715,N7235|9395|5.523015,0.0108268
N7229|4355|2.131715,N7232|14323|1.293716,0.00616121
N7229|4355|2.131715,N7233|6506|1.924172,0.00929654
N7229|4355|2.131715,N7234|5555|2.762448,0.00694566
N7229|4355|2.131715,N7262|2821|1.430439,0.0147482
N11780|3360|3.504578,N11774|14374|0.391332,0.0116072
N11780|3360|3.504578,N11781|9068|0.252002,0.0124059
N11780|3360|3.504578,N11785|7370|0.623601,0.0123995
N11780|3360|3.504578,N11782|2523|0.488763,0.0108422
N11780|3360|3.504578,N11787|2861|0.090931,0.0123982
N11780|3360|3.504578,N11784|11902|1.191376,0.0108422
N11780|3360|3.504578,N11777|9609|0.992037,0.00539404
N12756|2309|1.276595,N12755|12020|0.149553,0.00076673
N12756|2309|1.276595,N12803|2064|0.265817,0.0124022
N12756|2309|1.276595,N12804|2693|0.587741,0.013161
N12756|2309|1.276595,N12795|4574|2.553366,0.0131943
N12756|2309|1.276595,N12805|7599|5.251764,0.0116007
N12756|2309|1.276595,N12760|3800|0.656399,0.0116007
N12756|2309|1.276595,N12769|13527|0.825958,0.0123939
N12756|2309|1.276595,N12754|12915|1.230618,0.00461618
N12756|2309|1.276595,N12802|8143|0.716222,0.013973
N12756|2309|1.276595,N12797|2791|0.77827,0.0116175
N12756|2309|1.276595,N12747|10085|0.02083,0.00849648
N12756|2309|1.276595,N12765|5223|0.290977,0.0131761
N12756|2309|1.276595,N12763|9214|0.250753,0.00693893
N12756|2309|1.276595,N12794|1915|0.264954,0.012402
N12756|2309|1.276595,N12787|13723|4.490103,0.0147632
N12756|2309|1.276595,N12748|6117|1.604552,0.0116024
N12756|2309|1.276595,N12735|13411|1.300204,0.0116007
N12756|2309|1.276595,N12782|13348|2.56449,0.0139409
N12756|2309|1.276595,N12762|13412|1.090735,0.0115965
N12563|8865|1.422802,N12535|11736|0.394495,0.0147582
N12563|8865|1.422802,N12508|14807|0.41106,0.0123834
N12563|8865|1.422802,N12558|10752|2.08351,0.00927721
N12563|8865|1.422802,N12555|4208|2.598968,0.0100345
N12563|8865|1.422802,N12562|4529|0.61832,0.0023045
N12563|8865|1.422802,N12524|7348|0.12227,0.0139556
N12563|8865|1.422802,N12603|6671|3.050434,0.0131674
N12563|8865|1.422802,N12465|9663|3.510964,0.0147621
N12563|8865|1.422802,N12571|8941|1.241029,0.0147391
N12563|8865|1.422802,N12599|8353|1.454529,0.0147393
N12563|8865|1.422802,N12586|9119|0.317787,0.0147397
N12563|8865|1.422802,N12481|5745|0.140218,0.0147452
N12563|8865|1.422802,N12553|5590|1.684612,0.0108238
N12563|8865|1.422802,N12559|3859|4.121142,0.0108167
N12563|8865|1.422802,N12482|15143|0.193936,0.0147391
N12563|8865|1.422802,N12527|9237|0.448218,0.0139456
N12563|8865|1.422802,N12504|8693|0.601243,0.0147392
N12563|8865|1.422802,N12589|4455|2.489465,0.0147344
N12563|8865|1.422802,N12519|10480|2.16617,0.0139691
N12563|8865|1.422802,N12550|8083|0.027918,0.0077132
N12563|8865|1.422802,N12602|14045|0.864212,0.0131674
N12563|8865|1.422802,N12588|14367|1.187912,0.0108264
N12563|8865|1.422802,N12600|4349|1.436957,0.0131675
N12563|8865|1.422802,N12554|10454|0.637343,0.0077087
N12563|8865|1.422802,N12534|12395|1.442349,0.0139606
N12563|8865|1.422802,N12569|10700|0.180908,0.0116079
N12563|8865|1.422802,N12497|5875|0.074333,0.0123791
N12563|8865|1.422802,N12545|9734|2.533836,0.0123975
N12563|8865|1.422802,N12480|6588|1.156968,0.0147342
N12563|8865|1.422802,N12574|12439|0.14536,0.0131582
N12563|8865|1.422802,N12517|2545|1.034848,0.0147575
N12563|8865|1.422802,N12529|4469|3.56161,0.0147575
N12563|8865|1.422802,N12546|6374|0.291382,0.0123912
N12563|8865|1.422802,N12543|10805|3.530949,0.0139604
N9702|13366|2.515764,N9703|6717|0.552307,0.00230452
N9702|13366|2.515764,N9699|7120|1.582618,0.00384523
N9702|13366|2.515764,N9696|14498|5.512639,0.0124013
N9702|13366|2.515764,N9772|13322|0.457933,0.0147313
N9702|13366|2.515764,N9858|7228|0.829383,0.0147675
N8720|9937|1.95449,N8705|9482|2.595467,0.0116023
N8720|9937|1.95449,N8718|4679|0.041973,0.0139526
N8720|9937|1.95449,N8711|2976|0.067598,0.0108256
N8720|9937|1.95449,N8715|1711|0.13758,0.00926576
N8720|9937|1.95449,N8712|8641|0.234128,0.010812
N8720|9937|1.95449,N8713|12991|2.122045,0.0147202
N8720|9937|1.95449,N8719|4916|3.015596,0.00616434
N8720|9937|1.95449,N8728|8836|1.084428,0.0139543
N8720|9937|1.95449,N8721|12798|0.181439,0.0100391
N8720|9937|1.95449,N8706|10211|1.95804,0.014727
N8720|9937|1.95449,N8724|1934|0.376952,0.0139589
N9683|1797|0.131262,N9675|8632|0.033619,0.010825
N9683|1797|0.131262,N9686|7587|6.338327,0.00539064
N9683|1797|0.131262,N9689|1644|1.081532,0.00461511
N9683|1797|0.131262,N9674|1606|0.378322,0.014748
N9683|1797|0.131262,N9688|5711|1.910705,0.00539007
N9683|1797|0.131262,N9684|6273|0.64384,0.0069409
N9683|1797|0.131262,N9685|7705|1.114641,0.00461513
N11839|7609|1.095137,N11806|8834|2.729095,0.0116223
N11839|7609|1.095137,N11825|13594|0.743221,0.0139608
N11839|7609|1.095137,N11819|4487|0.110916,0.0131871
N11839|7609|1.095137,N11838|8325|3.614666,0.00538485
N11839|7609|1.095137,N11808|11992|1.485664,0.0123984
N11839|7609|1.095137,N11842|13507|2.938431,0.00693616
N11839|7609|1.095137,N11807|3902|2.551213,0.0147404
N11839|7609|1.095137,N11800|14940|1.058674,0.0132021
N11839|7609|1.095137,N11797|9811|2.536506,0.0124258
N11839|7609|1.095137,N11795|11647|0.638361,0.0116495
N11839|7609|1.095137,N11796|14497|1.160662,0.0147911
N11839|7609|1.095137,N11821|8630|1.302247,0.012399
N11839|7609|1.095137,N11832|5076|0.375143,0.0108386
N11839|7609|1.095137,N11818|14577|0.522973,0.0123991
N11839|7609|1.095137,N11845|7795|0.316845,0.00616107
N11839|7609|1.095137,N11822|13844|1.50106,0.0147402
N11839|7609|1.095137,N11833|10670|4.114445,0.0131868
N11839|7609|1.095137,N11820|2273|0.700337,0.0147329
N11839|7609|1.095137,N11810|3510|0.371168,0.013202
N11839|7609|1.095137,N11826|10781|1.093903,0.0124051
N11839|7609|1.095137,N11835|1559|2.226693,0.00693922
N11839|7609|1.095137,N11805|9530|2.079066,0.0124142
N11839|7609|1.095137,N11824|12275|0.381059,0.0131762
N11839|7609|1.095137,N11799|11006|0.930139,0.0116495
N11839|7609|1.095137,N11840|5885|0.521166,0.0123846
N11839|7609|1.095137,N11812|8304|1.873095,0.0116156
N11839|7609|1.095137,N11801|13264|1.168057,0.0123984
N11839|7609|1.095137,N11844|10359|0.208095,0.00693811
N10065|8060|1.039306,N10111|11577|0.639357,0.0147799
N10065|8060|1.039306,N10094|7322|3.27339,0.00849049
N10065|8060|1.039306,N10054|3102|1.294006,0.0147562
N10065|8060|1.039306,N10096|4634|3.033585,0.0084905
N10065|8060|1.039306,N10126|7006|1.472433,0.0147951
N10065|8060|1.039306,N10071|1580|0.257818,0.014014
N10065|8060|1.039306,N10052|2635|1.577136,0.0147507
N10065|8060|1.039306,N10082|5613|2.048412,0.0147583
N10065|8060|1.039306,N10127|9599|0.325855,0.0147735
N10065|8060|1.039306,N10060|3824|0.405696,0.0108326
N10065|8060|1.039306,N10083|10662|0.54533,0.0124182
N10065|8060|1.039306,N10058|7641|2.216887,0.0123917
N10065|8060|1.039306,N10062|10532|0.956953,0.00694086
N10065|8060|1.039306,N10119|10803|0.316622,0.0147706
N10065|8060|1.039306,N10105|6840|2.06747,0.0116182
N10065|8060|1.039306,N10061|3384|0.179959,0.00230534
N10065|8060|1.039306,N10087|7836|0.189476,0.0147707
N10065|8060|1.039306,N10076|15281|0.628564,0.0124256
N10065|8060|1.039306,N10067|11032|3.668257,0.0132087
N10065|8060|1.039306,N10081|3877|1.475931,0.0131947
N10065|8060|1.039306,N10057|13681|0.686815,0.0124135
N8578|15099|0.090513,N8610|13391|2.668862,0.0115966
N8578|15099|0.090513,N8564|4408|0.742398,0.0116069
N8578|15099|0.090513,N8592|5055|2.510444,0.0131804
N8578|15099|0.090513,N8602|9185|4.229929,0.0147328
N8578|15099|0.090513,N8586|2351|0.429267,0.0100606
N8578|15099|0.090513,N8593|14066|6.884081,0.0116132
N8578|15099|0.090513,N8594|10280|0.478187,0.0108258
N8578|15099|0.090513,N8603|14859|1.315696,0.00771066
N8578|15099|0.090513,N8606|11109|4.121354,0.0116153
N8578|15099|0.090513,N8581|6371|0.050036,0.00926651
N8578|15099|0.090513,N8573|5847|3.806004,0.00848499
N8578|15099|0.090513,N8574|1551|0.966694,0.00461637
N8578|15099|0.090513,N8600|9314|0.056536,0.00771066
N12095|6280|0.840689,N12101|8940|3.365213,0.00616937
N12095|6280|0.840689,N12112|3911|1.050978,0.0108507
N12095|6280|0.840689,N12096|4098|1.821324,0.0046195
N12095|6280|0.840689,N12100|7949|2.361964,0.00850487
N12095|6280|0.840689,N12110|11218|0.923665,0.010063
N9533|4010|0.908495,N9525|10317|1.701035,0.0108176
N9533|4010|0.908495,N9482|2701|0.778378,0.013959
N9533|4010|0.908495,N9492|8720|1.571976,0.0147877
N9533|4010|0.908495,N9495|7893|0.163381,0.0147724
N9533|4010|0.908495,N9552|6778|1.175407,0.0116199
N9533|4010|0.908495,N9535|11195|2.897868,0.0139454
N9533|4010|0.908495,N9547|8895|1.918115,0.0139496
N9533|4010|0.908495,N9546|9791|1.415917,0.0139408
N9533|4010|0.908495,N9555|11655|0.457878,0.0123872
N9533|4010|0.908495,N9541|9315|2.046275,0.0131569
N9533|4010|0.908495,N9557|3452|1.915897,0.0139465
N9533|4010|0.908495,N9542|13337|0.791992,0.009255
N9533|4010|0.908495,N9491|12440|0.015674,0.0124183
N9533|4010|0.908495,N9511|4037|0.11695,0.0147529
N9533|4010|0.908495,N9539|6002|0.511961,0.0131712
N9533|4010|0.908495,N9484|8231|2.243047,0.0131582
N9533|4010|0.908495,N9508|3512|0.122202,0.013965
N9533|4010|0.908495,N9486|1956|0.766508,0.0123898
N9533|4010|0.908495,N9507|10649|0.049628,0.0139609
N9533|4010|0.908495,N9549|15218|1.855956,0.0131684
N12718|13208|0.414143,N12755|12020|0.149553,0.0147397
N12718|13208|0.414143,N12720|1572|0.182671,0.00307171
N12718|13208|0.414143,N12805|7599|5.251764,0.0147255
N12718|13208|0.414143,N12797|2791|0.77827,0.0147391
N12718|13208|0.414143,N12726|1522|2.240839,0.0139455
N12718|13208|0.414143,N12668|15202|0.179902,0.014714
N12718|13208|0.414143,N12735|13411|1.300204,0.0116154
N7637|2060|0.400012,N7632|13999|2.725452,0.00693379
N7637|2060|0.400012,N7636|15342|1.172048,0.000767605
N7637|2060|0.400012,N7633|11570|4.633807,0.0108481
N12535|11736|0.394495,N12508|14807|0.41106,0.0123975
N12535|11736|0.394495,N12555|4208|2.598968,0.013187
N12535|11736|0.394495,N12524|7348|0.12227,0.0116107
N12535|11736|0.394495,N12531|6368|0.808906,0.0132033
N12535|11736|0.394495,N12465|9663|3.510964,0.0139794
N12535|11736|0.394495,N12462|6718|0.293305,0.0139558
N12535|11736|0.394495,N12473|13030|2.051846,0.0147699
N12535|11736|0.394495,N12553|5590|1.684612,0.0139777
N12535|11736|0.394495,N12482|15143|0.193936,0.0131746
N12535|11736|0.394495,N12527|9237|0.448218,0.0139524
N12535|11736|0.394495,N12518|9895|2.414444,0.0147673
N12535|11736|0.394495,N12515|6116|4.386349,0.0147455
N12535|11736|0.394495,N12504|8693|0.601243,0.0131746
N12535|11736|0.394495,N12519|10480|2.16617,0.0131951
N12535|11736|0.394495,N12550|8083|0.027918,0.0100605
N12535|11736|0.394495,N12588|14367|1.187912,0.0147735
N12535|11736|0.394495,N12492|6139|1.973109,0.013964
N12535|11736|0.394495,N12554|10454|0.637343,0.0108352
N12535|11736|0.394495,N12500|10430|1.273377,0.0139558
N12535|11736|0.394495,N12534|12395|1.442349,0.0116138
N12535|11736|0.394495,N12497|5875|0.074333,0.0108239
N12535|11736|0.394495,N12517|2545|1.034848,0.0139852
N12535|11736|0.394495,N12529|4469|3.56161,0.0124072
N12535|11736|0.394495,N12528|11921|2.139033,0.0131939
N8166|3733|1.199072,N8146|6310|1.682245,0.0147568
N8166|3733|1.199072,N8167|9413|2.896965,0.00384528
N8166|3733|1.199072,N8147|6853|1.322031,0.0132194
N8166|3733|1.199072,N8137|12331|1.746135,0.0123732
N8166|3733|1.199072,N8136|9622|3.642271,0.0123732
N8166|3733|1.199072,N8168|6876|0.395138,0.00307701
N8166|3733|1.199072,N8161|5815|2.657205,0.0139695
N8166|3733|1.199072,N8148|6205|0.019809,0.0147459
N8166|3733|1.199072,N8149|3784|0.221216,0.0139647
N8166|3733|1.199072,N8139|6836|1.288953,0.011621
N8166|3733|1.199072,N8170|12462|1.287377,0.00770883
N8166|3733|1.199072,N8142|5696|3.433193,0.0147728
N8166|3733|1.199072,N8154|11693|1.349062,0.0124259
N8166|3733|1.199072,N8159|14322|1.114167,0.011614
N8166|3733|1.199072,N8169|2006|2.061169,0.0139676
N8166|3733|1.199072,N8156|9303|2.047012,0.0124017
N8166|3733|1.199072,N8163|5056|0.324114,0.0108591
N10522|5802|1.060222,N10533|14026|3.551078,0.0147577
N10522|5802|1.060222,N10518|9355|1.106462,0.0131747
N10522|5802|1.060222,N10527|6890|0.101809,0.0116151
N10522|5802|1.060222,N10539|3755|0.466474,0.00927028
N10522|5802|1.060222,N10526|7145|1.150403,0.0100566
N10522|5802|1.060222,N10519|14937|5.859797,0.0147395
N10522|5802|1.060222,N10532|12282|4.59853,0.0116219
N10522|5802|1.060222,N10521|14655|3.786586,0.00926639
N10522|5802|1.060222,N10536|5868|0.748762,0.00927586
N10522|5802|1.060222,N10525|5486|3.135281,0.0100613
N10522|5802|1.060222,N10542|1999|4.01676,0.01475
N10522|5802|1.060222,N10541|2290|2.197935,0.0116044
N10522|5802|1.060222,N10535|12368|0.523269,0.00694558
N12063|8845|0.246638,N12051|4854|0.440591,0.00848653
N12063|8845|0.246638,N12069|14335|0.683639,0.0131747
N12063|8845|0.246638,N12054|11742|8.2643,0.00849265
N12063|8845|0.246638,N12074|9368|0.993391,0.0116151
N12063|8845|0.246638,N12050|1425|0.06447,0.00848653
N12063|8845|0.246638,N12094|8684|0.190719,0.0139803
N12063|8845|0.246638,N12067|15033|0.850597,0.013964
N12063|8845|0.246638,N12062|10982|1.689488,0.00307388
N12063|8845|0.246638,N12091|4328|0.976929,0.0147711
N12063|8845|0.246638,N12049|6519|2.771871,0.0108264
N8214|11238|0.781893,N8188|1643|3.838888,0.0123941
N8214|11238|0.781893,N8186|2195|0.728828,0.0139652
N8214|11238|0.781893,N8219|11882|3.212392,0.00461512
N8214|11238|0.781893,N8220|1458|2.639699,0.00694673
N8214|11238|0.781893,N8189|11388|1.488916,0.013161
N8214|11238|0.781893,N8215|12614|5.146834,0.00927015
N8214|11238|0.781893,N8218|2594|6.151138,0.0147249
N8214|11238|0.781893,N8217|2681|1.841336,0.00931321
N8214|11238|0.781893,N8200|14143|0.460304,0.0139458
N8214|11238|0.781893,N8206|5109|0.82291,0.0147713
N8214|11238|0.781893,N8216|1836|1.989144,0.0100583
N8214|11238|0.781893,N8203|11050|0.018259,0.0123914
N12000|4481|4.092046,N11998|12089|0.292479,0.013203
N12146|11067|2.490224,N12144|14620|0.573498,0.00539524
N11694|5840|1.604683,N11702|14744|0.617456,0.0139951
N11694|5840|1.604683,N11696|6974|3.630097,0.0147461
N7509|13164|6.100028,N7507|11063|0.809837,0.0100697
N10584|7104|0.366573,N10598|14866|1.372435,0.0139525
N10584|7104|0.366573,N10601|10420|0.959582,0.0147395
N10584|7104|0.366573,N10582|10741|1.762303,0.00539631
N10584|7104|0.366573,N10585|12785|0.199406,0.00307835
N10584|7104|0.366573,N10573|3480|1.463531,0.0147694
N10584|7104|0.366573,N10590|3597|2.18778,0.0116109
N10584|7104|0.366573,N10577|2852|0.124301,0.00616172
N10584|7104|0.366573,N10586|5873|0.989638,0.00384788
N10584|7104|0.366573,N10591|10257|2.420075,0.00616172
N10584|7104|0.366573,N10594|11499|0.093242,0.00693246
N10584|7104|0.366573,N10595|14754|3.616975,0.0108167
N10584|7104|0.366573,N10596|5106|3.670426,0.0108167
N10584|7104|0.366573,N10583|5548|4.724395,0.00771911
N11697|12251|0.022806,N11695|10676|1.05039,0.0147508
N11697|12251|0.022806,N11702|14744|0.617456,0.0100587
N11697|12251|0.022806,N11699|8260|0.716946,0.0123837
N11697|12251|0.022806,N11696|6974|3.630097,0.0100391
N11697|12251|0.022806,N11711|5342|0.529197,0.0147314
N8379|3450|0.362307,N8375|12452|2.482685,0.00850497
N8379|3450|0.362307,N8382|11492|1.764649,0.00462353
N8379|3450|0.362307,N8377|4310|0.039595,0.00462353
N8379|3450|0.362307,N8363|7636|0.882553,0.0147507
N8379|3450|0.362307,N8383|13994|3.54899,0.0100673
N8379|3450|0.362307,N8381|9511|0.167241,0.00384782
N8379|3450|0.362307,N8373|6621|4.001402,0.005394
N8379|3450|0.362307,N8374|10238|9.3E-5,0.00462392
N10533|14026|3.551078,N10539|3755|0.466474,0.0100581
N10533|14026|3.551078,N10532|12282|4.59853,0.0124239
N10533|14026|3.551078,N10536|5868|0.748762,0.0100513
N10533|14026|3.551078,N10541|2290|2.197935,0.0123873
N10533|14026|3.551078,N10535|12368|0.523269,0.00771973
N10720|4292|4.75177,N10716|5404|0.583346,0.0147561
N10720|4292|4.75177,N10732|12967|0.670641,0.0131858
N9134|1592|0.274906,N9142|8205|1.127885,0.0139561
N9134|1592|0.274906,N9115|2253|1.392066,0.00693898
N9134|1592|0.274906,N9124|12640|0.657822,0.00848661
N9134|1592|0.274906,N9114|12028|0.249049,0.0077184
N9134|1592|0.274906,N9125|9038|4.287508,0.0139963
N9134|1592|0.274906,N9123|7269|4.075191,0.0100413
N9134|1592|0.274906,N9143|9789|0.150846,0.0131748
N9134|1592|0.274906,N9150|13941|2.000419,0.0139776
N9134|1592|0.274906,N9139|11794|1.064317,0.0100324
N9134|1592|0.274906,N9145|12677|0.169826,0.0116091
N9134|1592|0.274906,N9131|9161|4.331721,0.0147636
N9134|1592|0.274906,N9133|10512|0.63993,0.00153499
N9134|1592|0.274906,N9159|5400|0.497134,0.0132007
N9134|1592|0.274906,N9154|8775|1.938037,0.0139611
N9134|1592|0.274906,N9147|11226|3.773725,0.0147402
N9134|1592|0.274906,N9112|10385|2.194996,0.0139808
N9134|1592|0.274906,N9144|4756|1.186141,0.0139637
N9134|1592|0.274906,N9137|6577|1.01906,0.0123961
N9528|13892|0.78229,N9525|10317|1.701035,0.0131801
N9528|13892|0.78229,N9527|10747|3.135268,0.0123731
N9528|13892|0.78229,N9542|13337|0.791992,0.013158
N9528|13892|0.78229,N9491|12440|0.015674,0.013211
N9528|13892|0.78229,N9511|4037|0.11695,0.013959
N9528|13892|0.78229,N9486|1956|0.766508,0.014768
N8056|1751|1.722997,N8050|12356|0.711973,0.00771092
N8056|1751|1.722997,N8055|9040|2.978766,0.0147583
N8056|1751|1.722997,N8071|11875|3.285836,0.0139638
N8056|1751|1.722997,N8070|13705|2.384628,0.0147346
N12457|9305|1.04784,N12451|7630|2.06956,0.0139792
N12457|9305|1.04784,N12453|9718|1.313521,0.0108464
N12457|9305|1.04784,N12455|8365|0.335368,0.0108382
N12457|9305|1.04784,N12443|9845|0.533965,0.0116228
N12457|9305|1.04784,N12444|4137|0.107218,0.0108378
N12457|9305|1.04784,N12454|9739|0.606509,0.010057
N12457|9305|1.04784,N12428|3118|1.22185,0.0132107
N12457|9305|1.04784,N12458|11520|6.254927,0.0147473
N12457|9305|1.04784,N12432|11765|4.38801,0.0147575
N12457|9305|1.04784,N12447|13631|1.752321,0.00850474
N12457|9305|1.04784,N12441|15258|0.530176,0.0139612
N12457|9305|1.04784,N12430|11924|0.617032,0.0147621
N11284|8731|0.171845,N11282|15176|0.441175,0.000766731
N11284|8731|0.171845,N11279|13880|0.575043,0.0147291
N11284|8731|0.171845,N11298|1906|1.368261,0.0084904
N11284|8731|0.171845,N11276|2917|0.721746,0.0139345
N11284|8731|0.171845,N11285|11733|3.987936,0.0116009
N11284|8731|0.171845,N11297|9919|1.01418,0.00927032
N11284|8731|0.171845,N11295|8972|0.955216,0.00927032
N11284|8731|0.171845,N11294|5556|0.119875,0.00848656
N11284|8731|0.171845,N11289|6772|3.546387,0.00848654
N11284|8731|0.171845,N11287|1604|0.798294,0.00461767
N11481|4836|0.074316,N11420|5326|2.154032,0.0124432
N11481|4836|0.074316,N11480|4799|0.732079,0
N11481|4836|0.074316,N11466|6960|0.69333,0.0147912
N11481|4836|0.074316,N11472|6578|0.483504,0.0139966
N11481|4836|0.074316,N11447|15071|0.379129,0.0147917
N11481|4836|0.074316,N11484|8902|3.837903,0.00850023
N11481|4836|0.074316,N11471|13768|0.711381,0.0147742
N11481|4836|0.074316,N11416|9551|0.424175,0.0132385
N11481|4836|0.074316,N11417|2611|2.032126,0.0108449
N9864|13029|0.48077,N9882|5025|2.017777,0.0139798
N9864|13029|0.48077,N9861|14909|0.467325,0.0108398
N9864|13029|0.48077,N9867|2262|0.771963,0.0124133
N9864|13029|0.48077,N9875|10138|0.143738,0.0108384
N9864|13029|0.48077,N9870|10159|0.43556,0.0131746
N9864|13029|0.48077,N9857|12874|2.319649,0.0100496
N9864|13029|0.48077,N9855|6001|0.173178,0.0108312
N9864|13029|0.48077,N9874|11501|0.244614,0.0100565
N9864|13029|0.48077,N9858|7228|0.829383,0.00772371
N9864|13029|0.48077,N9860|3015|1.032278,0.0100638
N9864|13029|0.48077,N9854|5220|2.64087,0.0124058
N9837|14227|0.324336,N9833|9941|0.470396,0.0147579
N9510|12778|1.414192,N9492|8720|1.571976,0.0139609
N9510|12778|1.414192,N9502|12775|0.091182,0.0116219
N9510|12778|1.414192,N9495|7893|0.163381,0.0108385
N9510|12778|1.414192,N9500|2227|1.218307,0.0131879
N9510|12778|1.414192,N9503|4006|0.215152,0.0124013
N9510|12778|1.414192,N9491|12440|0.015674,0.011607
N9510|12778|1.414192,N9511|4037|0.11695,0.00616434
N9510|12778|1.414192,N9508|3512|0.122202,0.011607
N9510|12778|1.414192,N9507|10649|0.049628,0.0108353
N11520|7771|1.551812,N11524|6585|0.421476,0.0139621
N11520|7771|1.551812,N11518|4201|1.298602,0.014791
N11520|7771|1.551812,N11509|7537|0.30586,0.0139622
N11520|7771|1.551812,N11526|15011|1.043239,0.0139865
N7239|8793|0.289335,N7240|14437|5.997434,0.00616754
N7239|8793|0.289335,N7247|8006|0.155368,0.00928735
N7239|8793|0.289335,N7255|4944|0.47656,0.0131689
N7239|8793|0.289335,N7248|6507|2.903563,0.0116221
N7239|8793|0.289335,N7246|1982|0.640787,0.0116261
N7239|8793|0.289335,N7262|2821|1.430439,0.0124174
N7240|14437|5.997434,N7247|8006|0.155368,0.0139815
N11378|12634|1.329419,N11388|9433|0.079396,0.0108354
N11378|12634|1.329419,N11367|6891|0.732076,0.0077285
N11378|12634|1.329419,N11365|7096|0.63038,0.00849306
N11378|12634|1.329419,N11363|15066|0.637353,0.00771323
N11378|12634|1.329419,N11371|5903|1.512719,0.00617492
N11378|12634|1.329419,N11373|7146|0.687377,0.00616732
N11378|12634|1.329419,N11366|6591|5.541124,0.00927029
N11378|12634|1.329419,N11358|3722|2.637675,0.0116349
N11378|12634|1.329419,N11375|8477|0.703535,0.00694536
N11378|12634|1.329419,N11384|2281|1.186815,0.00693614
N11378|12634|1.329419,N11361|9367|0.658486,0.00849663
N10528|12840|1.138822,N10535|12368|0.523269,0.0131717
N9050|14172|5.451576,N9051|3727|0.752761,0.0123911
N7275|4384|1.960031,N7280|3585|1.516432,0.0148142
N12326|10017|0.968429,N12338|2957|0.134938,0.0108311
N12326|10017|0.968429,N12327|2178|4.302167,0.00927724
N12326|10017|0.968429,N12330|6498|0.353492,0.0100564
N12326|10017|0.968429,N12335|5374|3.451776,0.0139959
N12326|10017|0.968429,N12409|11290|1.945856,0.0147391
N12326|10017|0.968429,N12305|3700|0.084977,0.0131918
N12326|10017|0.968429,N12328|14516|2.112601,0.011615
N12326|10017|0.968429,N12311|3713|2.175775,0.0147698
N12326|10017|0.968429,N12550|8083|0.027918,0.0147452
N12326|10017|0.968429,N12304|2562|0.235725,0.0124063
N12326|10017|0.968429,N12319|7679|1.193238,0.0131685
N12326|10017|0.968429,N12308|5775|1.252486,0.0139796
N12326|10017|0.968429,N12315|15139|2.647388,0.0131918
N12326|10017|0.968429,N12322|6249|0.030627,0.00307826
N12326|10017|0.968429,N12320|10589|2.367503,0.0116141
N12326|10017|0.968429,N12554|10454|0.637343,0.0147343
N12326|10017|0.968429,N12336|6471|2.511308,0.00927523
N12326|10017|0.968429,N12324|4762|9.019832,0.0123874
N12326|10017|0.968429,N12309|10166|0.928832,0.0139797
N12326|10017|0.968429,N12321|4751|6.8713,0.012459
N12326|10017|0.968429,N12334|12617|5.728524,0.0139798
N9177|12235|1.540111,N9176|6402|1.945384,0.00539071
N9177|12235|1.540111,N9166|2597|0.752052,0.0147399
N9429|6293|0.044463,N9368|5528|1.847757,0.0124423
N9429|6293|0.044463,N9385|1958|3.873197,0.0139961
N9429|6293|0.044463,N9419|8042|1.209773,0.00617527
N9429|6293|0.044463,N9432|6316|2.40081,0.00849143
N9429|6293|0.044463,N9420|3100|3.388402,0.00694619
N9429|6293|0.044463,N9382|3614|0.131365,0.01398
N9429|6293|0.044463,N9412|4282|7.581246,0.0140008
N9429|6293|0.044463,N9413|7854|2.302913,0.00694618
N9429|6293|0.044463,N9370|6191|0.044663,0.0116668
N9429|6293|0.044463,N9411|12961|0.776325,0.00773977
N9429|6293|0.044463,N9414|3729|3.038117,0.00695639
N9429|6293|0.044463,N9405|11433|2.621768,0.0100607
N9429|6293|0.044463,N9433|9770|1.952284,0.0108467
N9429|6293|0.044463,N9426|2312|2.112556,0.00927013
N9429|6293|0.044463,N9367|13918|2.215421,0.0147897
N9429|6293|0.044463,N9417|14062|0.337818,0.00384653
N9429|6293|0.044463,N9425|10731|0.354384,0.00539524
N9429|6293|0.044463,N9358|15303|1.043357,0.0124244
N9429|6293|0.044463,N9399|10757|3.06532,0.0100837
N9429|6293|0.044463,N9404|11969|0.138192,0.00771924
N9429|6293|0.044463,N9410|13851|2.199643,0.0100843
N9429|6293|0.044463,N9363|2727|3.279489,0.0147717
N10168|13332|2.843622,N10167|9324|4.421383,0.0108624
N12923|7004|6.511261,N12927|4477|1.2477,0.0116068
N12923|7004|6.511261,N12925|11810|0.737225,0.0123776
N7707|12751|1.371253,N7708|1985|3.580754,0.010828
N7707|12751|1.371253,N7706|8855|0.313487,0.00616427
N12419|3246|1.831145,N12418|1819|1.39442,0.00616957
N12419|3246|1.831145,N12411|7229|2.770489,0.0116344
N12419|3246|1.831145,N12409|11290|1.945856,0.0116485
N12419|3246|1.831145,N12417|4257|2.751207,0.0100723
N12419|3246|1.831145,N12406|13475|1.0959,0.0140127
N12419|3246|1.831145,N12422|12209|1.051939,0.0100872
N12419|3246|1.831145,N12425|2070|1.092144,0.0132193
N12419|3246|1.831145,N12424|10163|0.680695,0.00773985
N8188|1643|3.838888,N8186|2195|0.728828,0.00617378
N8188|1643|3.838888,N8194|3761|1.134226,0.00772355
N8188|1643|3.838888,N8219|11882|3.212392,0.010828
N8188|1643|3.838888,N8231|2022|0.183436,0.0139806
N8188|1643|3.838888,N8207|3966|1.218216,0.0147442
N8188|1643|3.838888,N8196|14222|0.462218,0.0108365
N8188|1643|3.838888,N8226|13829|0.208442,0.014757
N8188|1643|3.838888,N8220|1458|2.639699,0.0131747
N8188|1643|3.838888,N8180|1655|1.115515,0.0123979
N8188|1643|3.838888,N8189|11388|1.488916,0.00538674
N8188|1643|3.838888,N8205|11108|3.60963,0.0100653
N8188|1643|3.838888,N8204|8732|5.697496,0.0100496
N8188|1643|3.838888,N8179|5845|2.87042,0.013195
N8188|1643|3.838888,N8178|6829|5.024306,0.0131865
N8188|1643|3.838888,N8230|11367|1.090861,0.0124099
N8188|1643|3.838888,N8200|14143|0.460304,0.00693823
N8188|1643|3.838888,N8223|15199|0.150591,0.0147475
N8188|1643|3.838888,N8206|5109|0.82291,0.00851107
N8188|1643|3.838888,N8174|6184|1.425553,0.0139671
N8188|1643|3.838888,N8197|3640|2.261794,0.0123943
N8188|1643|3.838888,N8203|11050|0.018259,0.00616919
N8129|11328|0.494628,N8121|6075|1.081405,0.0139608
N12970|7761|2.204726,N12975|8764|3.432604,0.00539427
N8503|15242|1.051186,N8510|1909|0.102184,0.0147475
N11517|12445|9.348798,N11509|7537|0.30586,0.0139612
N11517|12445|9.348798,N11515|7523|2.271195,0.0147579
N12167|10064|1.141168,N12166|4418|1.779432,0.0147838
N12167|10064|1.141168,N12169|3937|1.412796,0.0023045
N12167|10064|1.141168,N12152|9135|0.239371,0.0147468
N9811|5228|1.572176,N9813|3730|2.560596,0.00772376
N9811|5228|1.572176,N9814|2184|0.347172,0.00849642
N9811|5228|1.572176,N9810|11054|3.991748,0.00617386
N10196|9015|3.481401,N10193|6971|0.125411,0.0139677
N13045|8524|3.432792,N13044|14894|0.279795,0.00850189
N13045|8524|3.432792,N13043|6617|8.289705,0.0147569
N13045|8524|3.432792,N13046|7586|0.27506,0.00927851
N9979|13090|1.524267,N9995|11169|0.095018,0.00771842
N9979|13090|1.524267,N9996|9280|2.587202,0.00772849
N9979|13090|1.524267,N10008|2048|0.176038,0.0123774
N9979|13090|1.524267,N10005|1981|0.776109,0.0147346
N9979|13090|1.524267,N9980|6926|0.811684,0.000767614
N9979|13090|1.524267,N9977|8185|2.44994,0.0139466
N9979|13090|1.524267,N10000|3571|1.200374,0.0123978
N9979|13090|1.524267,N9990|8796|0.29883,0.0077237
N9979|13090|1.524267,N9997|9473|1.575147,0.0132005
N9979|13090|1.524267,N9986|3239|0.136725,0.00849648
N9979|13090|1.524267,N9989|12587|5.539199,0.0100607
N9979|13090|1.524267,N9978|6552|1.174193,0.0147429
N9979|13090|1.524267,N10004|5892|0.777952,0.0147431
N9979|13090|1.524267,N9991|3356|4.003899,0.013192
N9979|13090|1.524267,N9998|13481|1.227033,0.00849034
N8625|3854|0.755222,N8636|1431|0.717095,0.00848651
N8625|3854|0.755222,N8666|13078|0.559671,0.0131896
N8625|3854|0.755222,N8641|4497|0.145991,0.00926973
N8625|3854|0.755222,N8634|14308|1.351042,0.00771838
N8625|3854|0.755222,N8651|13162|0.581821,0.0100446
N8625|3854|0.755222,N8652|14606|2.444957,0.0139644
N8625|3854|0.755222,N8547|9642|2.033348,0.0139671
N8625|3854|0.755222,N8628|8763|4.847856,0.0123835
N8625|3854|0.755222,N8646|6837|1.216101,0.0147504
N8625|3854|0.755222,N8635|7231|0.13617,0.00693376
N8625|3854|0.755222,N8640|10919|1.326289,0.0124013
N8625|3854|0.755222,N8648|9583|0.937579,0.0139805
N8625|3854|0.755222,N8672|2210|0.469018,0.0147584
N8625|3854|0.755222,N8673|13767|0.155844,0.0139777
N8625|3854|0.755222,N8637|14919|0.32506,0.00771309
N8625|3854|0.755222,N8627|6340|1.679732,0.00539062
N8625|3854|0.755222,N8639|7321|1.594604,0.00693895
N10111|11577|0.639357,N10094|7322|3.27339,0.012398
N10111|11577|0.639357,N10096|4634|3.033585,0.012398
N10111|11577|0.639357,N10126|7006|1.472433,0.0140008
N10111|11577|0.639357,N10113|13294|0.443123,0.00616729
N10111|11577|0.639357,N10127|9599|0.325855,0.0139805
N10111|11577|0.639357,N10116|10026|2.262191,0.00771335
N10111|11577|0.639357,N10083|10662|0.54533,0.0147855
N10111|11577|0.639357,N10119|10803|0.316622,0.00461768
N10111|11577|0.639357,N10105|6840|2.06747,0.0123997
N10111|11577|0.639357,N10061|3384|0.179959,0.0124192
N10111|11577|0.639357,N10110|10994|0.926104,0.00385011
N11806|8834|2.729095,N11825|13594|0.743221,0.0147479
N11806|8834|2.729095,N11819|4487|0.110916,0.0139714
N11806|8834|2.729095,N11838|8325|3.614666,0.013962
N11806|8834|2.729095,N11808|11992|1.485664,0.00539077
N11806|8834|2.729095,N11842|13507|2.938431,0.0124249
N11806|8834|2.729095,N11807|3902|2.551213,0.00771318
N11806|8834|2.729095,N11800|14940|1.058674,0.0108598
N11806|8834|2.729095,N11797|9811|2.536506,0.0100853
N11806|8834|2.729095,N11795|11647|0.638361,0.00931441
N11806|8834|2.729095,N11796|14497|1.160662,0.012444
N11806|8834|2.729095,N11821|8630|1.302247,0.0131832
N11806|8834|2.729095,N11809|3248|2.180797,0.0124068
N11806|8834|2.729095,N11832|5076|0.375143,0.0116221
N11806|8834|2.729095,N11818|14577|0.522973,0.0131833
N11806|8834|2.729095,N11845|7795|0.316845,0.010059
N11806|8834|2.729095,N11833|10670|4.114445,0.0139788
N11806|8834|2.729095,N11810|3510|0.371168,0.00773888
N11806|8834|2.729095,N11826|10781|1.093903,0.0131871
N11806|8834|2.729095,N11835|1559|2.226693,0.0139953
N11806|8834|2.729095,N11805|9530|2.079066,0.0085014
N11806|8834|2.729095,N11824|12275|0.381059,0.0139609
N11806|8834|2.729095,N11799|11006|0.930139,0.00931441
N11806|8834|2.729095,N11812|8304|1.873095,0.012402
N11806|8834|2.729095,N11801|13264|1.168057,0.0100588
N11806|8834|2.729095,N11844|10359|0.208095,0.010836
N11853|9765|0.63808,N11855|1402|1.32821,0.00385395
N11853|9765|0.63808,N11845|7795|0.316845,0.0139732
N11853|9765|0.63808,N11799|11006|0.930139,0.0147793
N11853|9765|0.63808,N11851|14739|0.573553,0.00694818
N11853|9765|0.63808,N11844|10359|0.208095,0.0147586
N9906|11546|0.788039,N9902|12305|0.276397,0.0147399
N9906|11546|0.788039,N9919|12804|3.190232,0.0139518
N9906|11546|0.788039,N9914|6120|1.693656,0.011609
N9906|11546|0.788039,N9908|5600|0.180843,0.0123975
N9906|11546|0.788039,N9907|6221|0.798311,0.0108321
N9906|11546|0.788039,N9921|4858|2.028594,0.0108356
N7830|15131|1.945989,N7822|9360|0.510657,0.0116081
N7830|15131|1.945989,N7826|10571|1.21748,0.0108264
N7830|15131|1.945989,N7831|7277|0.377138,0.00771326
N7830|15131|1.945989,N7811|13428|1.645986,0.0147249
N7830|15131|1.945989,N7819|13882|1.436249,0.0123849
N7830|15131|1.945989,N7814|5279|0.380088,0.0100421
N7830|15131|1.945989,N7832|9416|0.759916,0.00770665
N7830|15131|1.945989,N7813|11090|0.345574,0.0147334
N7830|15131|1.945989,N7825|10194|4.905259,0.01475
N11825|13594|0.743221,N11819|4487|0.110916,0.0100447
N11825|13594|0.743221,N11842|13507|2.938431,0.014751
N11825|13594|0.743221,N11795|11647|0.638361,0.0147641
N11825|13594|0.743221,N11821|8630|1.302247,0.00926425
N11825|13594|0.743221,N11832|5076|0.375143,0.0139782
N11825|13594|0.743221,N11818|14577|0.522973,0.00926428
N11825|13594|0.743221,N11816|5165|3.807683,0.0147435
N11825|13594|0.743221,N11845|7795|0.316845,0.0123903
N11825|13594|0.743221,N11822|13844|1.50106,0.0116005
N11825|13594|0.743221,N11833|10670|4.114445,0.0131652
N11825|13594|0.743221,N11829|6136|3.535808,0.0123983
N11825|13594|0.743221,N11820|2273|0.700337,0.0123738
N11825|13594|0.743221,N11826|10781|1.093903,0.00771777
N11825|13594|0.743221,N11824|12275|0.381059,0.0100391
N11825|13594|0.743221,N11799|11006|0.930139,0.0147641
N11825|13594|0.743221,N11812|8304|1.873095,0.0147496
N11825|13594|0.743221,N11844|10359|0.208095,0.0131765
N11016|10621|3.764377,N11026|6723|1.273592,0.0116043
N11016|10621|3.764377,N11021|5953|0.679736,0.0116083
N11016|10621|3.764377,N11018|11103|0.202635,0.0108283
N11016|10621|3.764377,N11027|6079|0.714309,0.0131614
N11016|10621|3.764377,N11015|2416|1.746828,0.0100505
N11016|10621|3.764377,N11010|4955|0.212537,0.0123943
N12541|4819|2.172499,N12508|14807|0.41106,0.0147569
N12541|4819|2.172499,N12524|7348|0.12227,0.014757
N12541|4819|2.172499,N12519|10480|2.16617,0.0147903
N12541|4819|2.172499,N12550|8083|0.027918,0.0132009
N12541|4819|2.172499,N12554|10454|0.637343,0.0131967
N12541|4819|2.172499,N12534|12395|1.442349,0.0147877
N12541|4819|2.172499,N12497|5875|0.074333,0.0131806
N7593|4966|1.718854,N7592|6283|0.028823,0.0132008
N7593|4966|1.718854,N7594|4484|2.441064,0.0123978
N7593|4966|1.718854,N7591|13923|0.380598,0.0139944
N9479|11407|0.636009,N9525|10317|1.701035,0.0139691
N9479|11407|0.636009,N9552|6778|1.175407,0.0147736
N9479|11407|0.636009,N9478|1850|0.516272,0.00461969
N9479|11407|0.636009,N9542|13337|0.791992,0.0139466
N9479|11407|0.636009,N9480|5579|1.075498,0.00384651
N9479|11407|0.636009,N9484|8231|2.243047,0.0147437
N9479|11407|0.636009,N9486|1956|0.766508,0.0139783
N12051|4854|0.440591,N12069|14335|0.683639,0.0123977
N12051|4854|0.440591,N12054|11742|8.2643,0.00461964
N12051|4854|0.440591,N12058|6335|6.011002,0.0139778
N12051|4854|0.440591,N12074|9368|0.993391,0.0108398
N12051|4854|0.440591,N12050|1425|0.06447,0
N12051|4854|0.440591,N12094|8684|0.190719,0.0132033
N12051|4854|0.440591,N12067|15033|0.850597,0.0131865
N12051|4854|0.440591,N12062|10982|1.689488,0.00849035
N12051|4854|0.440591,N12091|4328|0.976929,0.0139933
N12051|4854|0.440591,N12049|6519|2.771871,0.00849034
N8355|9885|2.048022,N8363|7636|0.882553,0.0147738
N11076|10479|4.100479,N11080|14040|0.942666,0.00771844
N11076|10479|4.100479,N11066|10755|0.62982,0.0124103
N11076|10479|4.100479,N11081|12283|1.753851,0.0108478
N11076|10479|4.100479,N11084|12385|3.436733,0.013175
N11076|10479|4.100479,N11079|7055|0.791885,0.00695951
N11076|10479|4.100479,N11083|13343|1.817434,0.0108333
N11076|10479|4.100479,N11077|9491|0.19632,0.00539639
N10011|4458|0.615894,N10013|3721|0.219232,0.00539406
N12069|14335|0.683639,N12054|11742|8.2643,0.0124132
N12069|14335|0.683639,N12074|9368|0.993391,0.0108398
N12069|14335|0.683639,N12050|1425|0.06447,0.0123977
N12069|14335|0.683639,N12067|15033|0.850597,0.0131865
N12069|14335|0.683639,N12062|10982|1.689488,0.0131839
N12069|14335|0.683639,N12049|6519|2.771871,0.014763
N11549|2223|0.51089,N11546|4490|1.028815,0.00307386
N11549|2223|0.51089,N11551|2027|0.878688,0.012398
N11549|2223|0.51089,N11524|6585|0.421476,0.0116082
N11549|2223|0.51089,N11563|10056|0.209228,0.0147627
N11549|2223|0.51089,N11558|4971|0.648042,0.0100567
N11549|2223|0.51089,N11539|11393|0.198572,0.0147878
N11549|2223|0.51089,N11509|7537|0.30586,0.0116083
N11549|2223|0.51089,N11536|8711|0.193032,0.0147727
N11549|2223|0.51089,N11526|15011|1.043239,0.011622
N11549|2223|0.51089,N11529|10443|1.930225,0.0131955
N11549|2223|0.51089,N11543|4427|0.832731,0.0116142
N11549|2223|0.51089,N11552|14034|0.499465,0.00849634
N11549|2223|0.51089,N11555|3021|1.953023,0.0108266
N11549|2223|0.51089,N11548|11137|5.21459,0.00461397
N7398|15057|5.678835,N7404|3965|1.447523,0.0147502
N7398|15057|5.678835,N7403|12845|1.653957,0.0147431
N9667|3064|4.287813,N9653|6696|0.376834,0.0139787
N9667|3064|4.287813,N9666|10428|0.678849,0.011607
N10762|1626|0.876227,N10769|12767|1.489165,0.0116253
N10762|1626|0.876227,N10764|12069|1.113628,0.0061672
N10762|1626|0.876227,N10771|8878|0.498584,0.0131863
N10762|1626|0.876227,N10763|14949|2.675365,0.011607
N9525|10317|1.701035,N9519|3083|0.502026,0.0116001
N9525|10317|1.701035,N9482|2701|0.778378,0.009267
N9525|10317|1.701035,N9512|15130|2.215286,0.0131748
N9525|10317|1.701035,N9521|5050|0.145849,0.0147307
N9525|10317|1.701035,N9492|8720|1.571976,0.0100738
N9525|10317|1.701035,N9502|12775|0.091182,0.0108364
N9525|10317|1.701035,N9495|7893|0.163381,0.0100608
N9525|10317|1.701035,N9552|6778|1.175407,0.0100701
N9525|10317|1.701035,N9513|10514|1.389128,0.0108163
N9525|10317|1.701035,N9536|5834|0.684354,0.0139612
N9525|10317|1.701035,N9478|1850|0.516272,0.0139612
N9525|10317|1.701035,N9547|8895|1.918115,0.0123846
N9525|10317|1.701035,N9546|9791|1.415917,0.0123776
N9525|10317|1.701035,N9500|2227|1.218307,0.0124187
N9525|10317|1.701035,N9503|4006|0.215152,0.0116042
N9525|10317|1.701035,N9555|11655|0.457878,0.0108331
N9525|10317|1.701035,N9541|9315|2.046275,0.0116001
N9525|10317|1.701035,N9522|12988|0.9686,0.0147426
N9525|10317|1.701035,N9557|3452|1.915897,0.0123872
N9525|10317|1.701035,N9517|14682|3.914798,0.0139797
N9525|10317|1.701035,N9542|13337|0.791992,0.00770383
N9525|10317|1.701035,N9491|12440|0.015674,0.00772721
N9525|10317|1.701035,N9511|4037|0.11695,0.0100503
N9525|10317|1.701035,N9539|6002|0.511961,0.0116078
N9525|10317|1.701035,N9480|5579|1.075498,0.0123976
N9525|10317|1.701035,N9484|8231|2.243047,0.00848232
N9525|10317|1.701035,N9508|3512|0.122202,0.0108258
N9525|10317|1.701035,N9486|1956|0.766508,0.00927554
N9525|10317|1.701035,N9507|10649|0.049628,0.0100419
N9525|10317|1.701035,N9554|2448|2.434905,0.0139779
N9525|10317|1.701035,N9549|15218|1.855956,0.0116039
N11459|5137|0.887993,N11436|8642|2.737344,0.0147438
N11459|5137|0.887993,N11465|1674|3.954232,0.0108198
N11459|5137|0.887993,N11466|6960|0.69333,0.0147497
N11459|5137|0.887993,N11439|4031|5.949013,0.0139782
N11459|5137|0.887993,N11460|4546|1.523002,0.00849133
N11459|5137|0.887993,N11463|14878|1.463977,0.00926081
N11459|5137|0.887993,N11447|15071|0.379129,0.0123939
N11459|5137|0.887993,N11455|6968|3.156725,0.0131714
N11459|5137|0.887993,N11452|2698|0.399768,0.0116071
N8541|13638|8.498028,N8545|8408|2.651616,0.0100527
N8541|13638|8.498028,N8544|7232|0.87161,0.0108364
N8541|13638|8.498028,N8542|14167|3.9748,0.0100501
N8541|13638|8.498028,N8535|9122|0.13603,0.01239
N8541|13638|8.498028,N8537|12736|0.793561,0.0147502
N8541|13638|8.498028,N8539|10972|3.907177,0.0108246
N11496|11525|1.862433,N11495|2272|1.610782,0.00384528
N12186|10614|2.028488,N12184|14400|0.898302,0.0123977
N7485|6257|0.908716,N7490|8523|0.492729,0.0124021
N7485|6257|0.908716,N7483|6020|4.771817,0.00693914
N7485|6257|0.908716,N7489|2699|0.216451,0.0131933
N7485|6257|0.908716,N7487|8500|1.973673,0.0131844
N7485|6257|0.908716,N7480|9412|0.529801,0.0147515
N8766|12325|0.443356,N8770|12369|0.757474,0.00850004
N8930|12431|0.095986,N8929|11852|1.588682,0.00771151
N8870|4132|3.188034,N8871|11941|0.282747,0.00693235
N8870|4132|3.188034,N8859|4263|0.786852,0.0147458
N8870|4132|3.188034,N8868|14599|0.735291,0.0139697
N11952|11870|5.797853,N11951|8255|0.548719,0.00771976
N11952|11870|5.797853,N11953|9752|0.750454,0.0116341
N10769|12767|1.489165,N10774|2754|1.843436,0.0132165
N10769|12767|1.489165,N10764|12069|1.113628,0.0132031
N10769|12767|1.489165,N10771|8878|0.498584,0.0108313
N7797|10340|0.068652,N7803|3227|0.236022,0.0139671
N7797|10340|0.068652,N7801|12937|0.554222,0.0023053
N8545|8408|2.651616,N8540|5827|5.462183,0.0131781
N8545|8408|2.651616,N8532|3610|2.520584,0.0100607
N8545|8408|2.651616,N8529|2948|0.719877,0.0115914
N8545|8408|2.651616,N8557|3708|1.262066,0.0139456
N8545|8408|2.651616,N8544|7232|0.87161,0.00538989
N8545|8408|2.651616,N8542|14167|3.9748,0.00771735
N8545|8408|2.651616,N8547|9642|2.033348,0.0108109
N8545|8408|2.651616,N8535|9122|0.13603,0.00694613
N8545|8408|2.651616,N8537|12736|0.793561,0.00929622
N8545|8408|2.651616,N8539|10972|3.907177,0.00694095
N8545|8408|2.651616,N8549|12863|1.403818,0.0123663
N8064|7862|3.785997,N8066|7860|13.7879,0.0124012
N8064|7862|3.785997,N8050|12356|0.711973,0.0147573
N8064|7862|3.785997,N8062|4565|0.295967,0.0108378
N8064|7862|3.785997,N8068|9245|1.768072,0.00849266
N8066|7860|13.7879,N8068|9245|1.768072,0.0147631
N10754|3438|0.225781,N10751|13615|1.046001,0.0023053
N10754|3438|0.225781,N10750|2680|0.397559,0.00849667
N10754|3438|0.225781,N10752|3660|2.730505,0.00461763
N10754|3438|0.225781,N10756|14201|0.794564,0.00927544
N10754|3438|0.225781,N10744|15106|0.931125,0.0061749
N10754|3438|0.225781,N10745|5703|0.574657,0.0061749
N10754|3438|0.225781,N10757|13478|4.282374,0.0131924
N10754|3438|0.225781,N10755|9910|0.092655,0.0108265
N10754|3438|0.225781,N10747|6612|0.988886,0.00772844
N13050|8552|0.300629,N13066|11539|2.641891,0.0139668
N13050|8552|0.300629,N13057|8415|0.620575,0.00695518
N13050|8552|0.300629,N13054|12514|5.889927,0.0124399
N13050|8552|0.300629,N13035|2966|0.267509,0.0131895
N13050|8552|0.300629,N13044|14894|0.279795,0.011615
N13050|8552|0.300629,N13058|11167|1.17044,0.0100696
N13050|8552|0.300629,N13052|14348|1.81875,0.0053899
N13050|8552|0.300629,N13053|4954|0.008268,0.00462037
N13050|8552|0.300629,N13046|7586|0.27506,0.0124011
N12197|7618|0.527773,N12206|12333|0.381509,0.0139899
N12197|7618|0.527773,N12196|5208|2.339095,0.00538671
N12197|7618|0.527773,N12195|11376|0.590085,0.00153789
N12197|7618|0.527773,N12180|2451|2.75645,0.0123912
N7517|11346|0.636323,N7528|1998|1.594102,0.00927529
N7517|11346|0.636323,N7535|15379|0.344831,0.0123963
N7517|11346|0.636323,N7526|14207|0.370422,0.00771202
N7517|11346|0.636323,N7516|3203|2.842382,0.00849274
N7517|11346|0.636323,N7533|13695|0.987302,0.0139962
N7517|11346|0.636323,N7531|12465|1.898525,0.0147504
N7517|11346|0.636323,N7530|5931|0.470247,0.0123875
N7517|11346|0.636323,N7556|6176|0.951097,0.0131648
N7517|11346|0.636323,N7555|11252|0.72638,0.0116001
N7517|11346|0.636323,N7514|9617|2.501809,0.00539064
N7517|11346|0.636323,N7515|11916|1.841037,0.00616724
N7517|11346|0.636323,N7545|8538|0.438066,0.0147423
N13072|12819|1.672875,N13080|8198|2.835692,0.0124039
N13072|12819|1.672875,N13079|1454|0.626084,0.0116837
N13072|12819|1.672875,N13071|4238|1.966479,0.00463267
N13072|12819|1.672875,N13070|7113|5.886608,0.009276
N13072|12819|1.672875,N13087|2366|3.091692,0.0139555
N8927|12782|1.428396,N8926|11996|8.328546,0.00849026
N8927|12782|1.428396,N8925|5728|1.568581,0.00771326
N8926|11996|8.328546,N8925|5728|1.568581,0.0147388
N9175|7425|1.007731,N9169|10236|0.950429,0.0139501
N9175|7425|1.007731,N9165|6131|0.059858,0.0131835
N9175|7425|1.007731,N9171|5958|2.540436,0.0147335
N9175|7425|1.007731,N9170|13055|0.782015,0.0116044
N9175|7425|1.007731,N9172|4097|0.914498,0.00771105
N9175|7425|1.007731,N9173|6954|2.168493,0.0100391
N9175|7425|1.007731,N9166|2597|0.752052,0.0123996
N10007|2209|1.244396,N10008|2048|0.176038,0.00539854
N10007|2209|1.244396,N10005|1981|0.776109,0.0108453
N10007|2209|1.244396,N10004|5892|0.777952,0.0108621
N10688|7798|1.722135,N10687|6769|3.199566,0.00771312
N10688|7798|1.722135,N10692|3701|1.468518,0.0147476
N12338|2957|0.134938,N12327|2178|4.302167,0.00771967
N12338|2957|0.134938,N12330|6498|0.353492,0.00850153
N12338|2957|0.134938,N12335|5374|3.451776,0.0124071
N12338|2957|0.134938,N12328|14516|2.112601,0.0100525
N12338|2957|0.134938,N12322|6249|0.030627,0.0124053
N12338|2957|0.134938,N12336|6471|2.511308,0.00772703
N12338|2957|0.134938,N12334|12617|5.728524,0.0124102
N11037|10427|1.344395,N11038|3655|2.842513,0.00307391
N11037|10427|1.344395,N11035|11762|2.842885,0.00461773
N11037|10427|1.344395,N11036|4167|1.631939,0.0023033
N11037|10427|1.344395,N11043|12889|1.207492,0.0147252
N11037|10427|1.344395,N11031|10429|0.063655,0.0115916
N11037|10427|1.344395,N11034|10822|0.322623,0.00307174
N7896|14707|2.438178,N7897|2553|0.357643,0.0131833
N7896|14707|2.438178,N7905|2277|0.003783,0.0131941
N7896|14707|2.438178,N7893|4502|1.144069,0.0100497
N7896|14707|2.438178,N7894|14382|1.644205,0.0108266
N7896|14707|2.438178,N7889|13786|0.421545,0.0100722
N7896|14707|2.438178,N7901|1404|0.044159,0.0124135
N7490|8523|0.492729,N7475|7364|0.383068,0.0147458
N7490|8523|0.492729,N7483|6020|4.771817,0.0116159
N7490|8523|0.492729,N7489|2699|0.216451,0.00539073
N7490|8523|0.492729,N7487|8500|1.973673,0.00616184
N7490|8523|0.492729,N7480|9412|0.529801,0.0147591
N12831|6709|1.504096,N12827|7021|0.494991,0.00538674
N12831|6709|1.504096,N12839|3259|2.23288,0.0108384
N12831|6709|1.504096,N12822|1932|2.476291,0.00850404
N12831|6709|1.504096,N12829|15189|0.468004,0.00230857
N12831|6709|1.504096,N12826|10353|2.203998,0.00849659
N12831|6709|1.504096,N12819|6009|0.132923,0.0116106
N12831|6709|1.504096,N12824|13110|5.024155,0.0132185
N12831|6709|1.504096,N12837|3001|4.039749,0.0124065
N12831|6709|1.504096,N12840|8247|1.106403,0.00616429
N12831|6709|1.504096,N12834|6657|0.028154,0.00461953
N12831|6709|1.504096,N12842|5983|3.233808,0.00772
N12831|6709|1.504096,N12838|7539|1.101225,0.0100639
N12831|6709|1.504096,N12812|2089|1.926513,0.0100513
N11420|5326|2.154032,N11436|8642|2.737344,0.0147402
N11420|5326|2.154032,N11480|4799|0.732079,0.0124432
N11420|5326|2.154032,N11476|7720|0.188723,0.0116072
N11420|5326|2.154032,N11466|6960|0.69333,0.0123917
N11420|5326|2.154032,N11439|4031|5.949013,0.0139697
N11420|5326|2.154032,N11415|14904|3.928057,0.00850173
N11420|5326|2.154032,N11472|6578|0.483504,0.0131786
N11420|5326|2.154032,N11447|15071|0.379129,0.0139678
N11420|5326|2.154032,N11469|11377|1.277083,0.0147478
N11420|5326|2.154032,N11487|10666|0.327003,0.0147434
N11420|5326|2.154032,N11471|13768|0.711381,0.0139563
N11420|5326|2.154032,N11491|6099|1.205457,0.0147402
N11420|5326|2.154032,N11452|2698|0.399768,0.0147477
N11420|5326|2.154032,N11416|9551|0.424175,0.00539855
N11420|5326|2.154032,N11417|2611|2.032126,0.00307627
N8343|10921|1.247792,N8341|7203|0.555715,0.00928704
N7908|9183|1.010926,N7905|2277|0.003783,0.00694525
N7908|9183|1.010926,N7893|4502|1.144069,0.0147474
N7908|9183|1.010926,N7889|13786|0.421545,0.0131953
N7908|9183|1.010926,N7907|15038|2.363248,0.003854
N11436|8642|2.737344,N11465|1674|3.954232,0.0147401
N11436|8642|2.737344,N11444|2905|0.625784,0.0147348
N11436|8642|2.737344,N11476|7720|0.188723,0.0116111
N11436|8642|2.737344,N11466|6960|0.69333,0.0108265
N11436|8642|2.737344,N11439|4031|5.949013,0.00849283
N11436|8642|2.737344,N11432|8564|1.106573,0.0115934
N11436|8642|2.737344,N11460|4546|1.523002,0.0139747
N11436|8642|2.737344,N11463|14878|1.463977,0.0147395
N11436|8642|2.737344,N11440|9498|2.349682,0.0116112
N11436|8642|2.737344,N11472|6578|0.483504,0.0116111
N11436|8642|2.737344,N11447|15071|0.379129,0.0100489
N11436|8642|2.737344,N11469|11377|1.277083,0.0139609
N11436|8642|2.737344,N11471|13768|0.711381,0.0123876
N11436|8642|2.737344,N11455|6968|3.156725,0.0139544
N11436|8642|2.737344,N11434|2008|6.10435,0.00927474
N11436|8642|2.737344,N11452|2698|0.399768,0.0108247
N11436|8642|2.737344,N11417|2611|2.032126,0.0131716
N11663|5585|4.153045,N11661|1883|0.916116,0.0147583
N11663|5585|4.153045,N11664|11254|0.625896,0.00693616
N10867|13583|0.142304,N10897|1837|0.253174,0.0139695
N10867|13583|0.142304,N10871|10888|0.749198,0.0116341
N10867|13583|0.142304,N10863|11717|0.110071,0.0147575
N10867|13583|0.142304,N10865|4434|0.263375,0.0131748
N13013|13077|0.990917,N13019|3661|1.485851,0.00849024
N13013|13077|0.990917,N13017|10320|2.923302,0.00927412
N13013|13077|0.990917,N13025|6596|5.784101,0.0131743
N13013|13077|0.990917,N13021|2121|0.427363,0.00850118
N13013|13077|0.990917,N13024|3542|1.362275,0.0108262
N13013|13077|0.990917,N13027|10423|1.107882,0.00849129
N13013|13077|0.990917,N13009|7240|0.01128,0.0147392
N13013|13077|0.990917,N13026|9197|0.544685,0.00693362
N13013|13077|0.990917,N13053|4954|0.008268,0.0147579
N13013|13077|0.990917,N13071|4238|1.966479,0.0147422
N13013|13077|0.990917,N13011|2084|1.65746,0.0147396
N13013|13077|0.990917,N13014|4486|3.492421,0.00384648
N13013|13077|0.990917,N13023|9255|2.431417,0.00693367
N7853|3538|1.558712,N7857|2538|2.877843,0.013964
N7853|3538|1.558712,N7858|11628|2.643948,0.0108263
N7853|3538|1.558712,N7856|12225|0.464485,0.00925929
N9703|6717|0.552307,N9699|7120|1.582618,0.00307696
N9703|6717|0.552307,N9696|14498|5.512639,0.0132006
N12285|12189|1.973591,N12279|8457|0.616552,0.00538673
N12285|12189|1.973591,N12276|15364|0.213973,0.00848496
N12285|12189|1.973591,N12275|11037|0.312229,0.00925932
N12285|12189|1.973591,N12286|2249|1.484521,0.0147307
N12285|12189|1.973591,N12281|5227|0.377566,0.00461512
N12285|12189|1.973591,N12266|5430|2.464993,0.0131623
N12285|12189|1.973591,N12287|7526|3.375562,0.0131634
N11752|3405|1.453127,N11755|7774|2.847504,0.0100623
N11752|3405|1.453127,N11753|8071|1.008932,0.00773852
N11752|3405|1.453127,N11750|6476|2.003128,0.0116138
N11752|3405|1.453127,N11756|13003|2.695778,0.0131675
N7431|14762|1.952458,N7432|14821|17.881715,0.0092608
N7431|14762|1.952458,N7434|10144|1.746306,0.00384654
N7431|14762|1.952458,N7435|11263|1.127679,0.00461622
N7431|14762|1.952458,N7433|9755|0.21913,0.00230451
N7431|14762|1.952458,N7445|3439|0.825649,0.0147257
N7432|14821|17.881715,N7434|10144|1.746306,0.0131676
N7432|14821|17.881715,N7435|11263|1.127679,0.0139459
N7432|14821|17.881715,N7433|9755|0.21913,0.0116008
N11945|6754|0.994805,N11938|2212|0.234243,0.0147311
N11945|6754|0.994805,N11944|13179|1.299423,0.00848639
N11945|6754|0.994805,N11943|13571|0.293141,0.0123738
N11945|6754|0.994805,N11947|8372|0.072972,0.0108359
N12438|11948|0.666889,N12435|2899|0.967227,0.0147692
N12438|11948|0.666889,N12444|4137|0.107218,0.0147571
N12438|11948|0.666889,N12447|13631|1.752321,0.0139689
N12985|2038|1.072247,N12988|5294|0.324096,0.0123791
N12985|2038|1.072247,N12998|8221|0.848825,0.0115999
N12985|2038|1.072247,N12996|11426|0.862639,0.0116023
N12985|2038|1.072247,N12987|13617|0.236659,0.0108235
N12985|2038|1.072247,N12992|10856|1.925319,0.0108167
N12985|2038|1.072247,N12986|8658|4.09695,0.0116022
N12985|2038|1.072247,N12984|4889|4.234202,0.00927716
N12985|2038|1.072247,N12997|12399|1.005863,0.0131744
N12985|2038|1.072247,N12977|12673|1.17305,0.0100411
N9368|5528|1.847757,N9385|1958|3.873197,0.0124089
N9368|5528|1.847757,N9259|8520|0.048263,0.0139558
N9368|5528|1.847757,N9390|2933|0.66356,0.0139395
N9368|5528|1.847757,N9257|6339|0.058928,0.0147454
N9368|5528|1.847757,N9255|14771|0.350205,0.0147454
N9368|5528|1.847757,N9340|13662|3.058796,0.0131781
N9368|5528|1.847757,N9382|3614|0.131365,0.0123914
N9368|5528|1.847757,N9381|3359|1.575732,0.0139776
N9368|5528|1.847757,N9370|6191|0.044663,0.00385139
N9368|5528|1.847757,N9411|12961|0.776325,0.012409
N9368|5528|1.847757,N9333|13054|1.645774,0.013956
N9368|5528|1.847757,N9372|7984|0.880108,0.00693372
N9368|5528|1.847757,N9344|3471|0.361147,0.0124014
N9368|5528|1.847757,N9374|14933|0.113524,0.013961
N9368|5528|1.847757,N9367|13918|2.215421,0.00693918
N9368|5528|1.847757,N9417|14062|0.337818,0.0132007
N9368|5528|1.847757,N9425|10731|0.354384,0.0147631
N9368|5528|1.847757,N9358|15303|1.043357,0.00929616
N9368|5528|1.847757,N9342|14450|0.850897,0.0116215
N9368|5528|1.847757,N9361|6873|1.129772,0.0124132
N9368|5528|1.847757,N9404|11969|0.138192,0.0139637
N9368|5528|1.847757,N9410|13851|2.199643,0.0147717
N9368|5528|1.847757,N9363|2727|3.279489,0.0116339
N9368|5528|1.847757,N9334|8076|0.202191,0.0116215
N7897|2553|0.357643,N7898|9468|6.686585,0.0116071
N7897|2553|0.357643,N7893|4502|1.144069,0.013961
N7897|2553|0.357643,N7894|14382|1.644205,0.0147332
N7897|2553|0.357643,N7889|13786|0.421545,0.0139695
N10443|13798|1.759331,N10440|6346|0.732477,0.0147626
N10443|13798|1.759331,N10441|12065|2.54058,0.0132142
N10443|13798|1.759331,N10421|1621|0.185784,0.0147497
N10443|13798|1.759331,N10432|5320|1.445576,0.0147395
